index_1based,timestamp,sut_version,value
1,2021-09-01 01:09:26,531193,2.884902000427246
2,2021-09-01 02:09:43,531193,2.8053109645843506
3,2021-09-01 05:09:11,531193,2.8528900146484375
4,2021-09-01 06:09:02,531193,2.8258628845214844
5,2021-09-01 06:09:14,531193,2.8964099884033203
6,2021-09-01 06:09:27,531193,2.8380069732666016
7,2021-09-01 06:09:33,531193,2.852329969406128
8,2021-09-01 07:09:19,531193,2.8840439319610596
9,2021-09-01 07:09:38,531193,2.9400100708007812
10,2021-09-01 07:09:48,531193,2.8418190479278564
11,2021-09-01 07:09:59,531193,2.9137539863586426
12,2021-09-01 08:09:23,531193,2.8142011165618896
13,2021-09-01 08:09:52,531194,2.9037160873413086
14,2021-09-01 09:09:51,531194,2.8675169944763184
15,2021-09-01 10:09:57,531195,2.8628170490264893
16,2021-09-01 12:09:00,531195,2.914813995361328
17,2021-09-01 02:09:14,531197,2.864171028137207
18,2021-09-01 02:09:55,531197,2.8515989780426025
19,2021-09-01 03:09:20,531197,2.8487820625305176
20,2021-09-01 03:09:58,531197,2.7985498905181885
21,2021-09-01 04:09:19,531197,2.8819310665130615
22,2021-09-01 04:09:43,531197,2.906809091567993
23,2021-09-01 03:09:31,531199,2.8684189319610596
24,2021-09-01 04:09:17,531199,2.7990100383758545
25,2021-09-01 04:09:25,531199,2.875493049621582
26,2021-09-01 08:09:19,531204,2.9348409175872803
27,2021-09-01 10:09:06,531204,2.8684170246124268
28,2021-09-01 10:09:25,531204,2.899837017059326
29,2021-09-01 10:09:59,531204,2.9484078884124756
30,2021-09-01 11:09:49,531205,2.8514788150787354
31,2021-09-02 12:09:02,531205,2.8540070056915283
32,2021-09-02 05:09:10,531206,2.86799693107605
33,2021-09-02 06:09:26,531206,2.9042279720306396
34,2021-09-02 06:09:32,531206,2.860205888748169
35,2021-09-02 07:09:14,531206,2.8792412281036377
36,2021-09-02 07:09:20,531206,2.8767240047454834
37,2021-09-02 08:09:00,531206,2.8535611629486084
38,2021-09-02 08:09:16,531206,2.8817739486694336
39,2021-09-02 08:09:17,531206,2.8312788009643555
40,2021-09-02 08:09:18,531206,2.803056001663208
41,2021-09-02 09:09:17,531206,2.8851089477539062
42,2021-09-02 10:09:10,531206,2.8530890941619873
43,2021-09-02 10:09:41,531206,2.9252259731292725
44,2021-09-02 01:09:54,531208,2.8676300048828125
45,2021-09-02 02:09:12,531208,2.9041800498962402
46,2021-09-02 03:09:02,531208,2.8945651054382324
47,2021-09-02 03:09:31,531208,2.871649980545044
48,2021-09-02 09:09:51,531208,2.882162094116211
49,2021-09-02 10:09:30,531208,2.8959429264068604
50,2021-09-02 10:09:30,531208,2.868246078491211
51,2021-09-02 11:09:01,531208,2.8455779552459717
52,2021-09-02 11:09:44,531208,2.894808053970337
53,2021-09-02 11:09:47,531208,2.872012138366699
54,2021-09-02 12:09:52,531208,2.8659799098968506
55,2021-09-02 01:09:09,531209,2.8203530311584473
56,2021-09-02 02:09:25,531209,2.846682071685791
57,2021-09-02 03:09:01,531209,2.8461527824401855
58,2021-09-02 03:09:36,531209,2.8489718437194824
59,2021-09-02 02:09:31,531210,2.8580551147460938
60,2021-09-02 03:09:11,531210,2.873034954071045
61,2021-09-02 04:09:10,531212,2.8374500274658203
62,2021-09-02 04:09:20,531212,2.8664650917053223
63,2021-09-02 04:09:59,531212,2.870413064956665
64,2021-09-02 05:09:53,531212,2.8718440532684326
65,2021-09-02 05:09:59,531212,2.8598830699920654
66,2021-09-02 06:09:44,531212,2.8691391944885254
67,2021-09-02 07:09:11,531212,2.8257150650024414
68,2021-09-02 07:09:15,531212,2.8702991008758545
69,2021-09-02 05:09:23,531213,2.9024930000305176
70,2021-09-02 06:09:00,531213,2.8833060264587402
71,2021-09-02 06:09:52,531213,2.8646578788757324
72,2021-09-02 07:09:49,531213,2.862455129623413
73,2021-09-02 08:09:29,531213,2.871886968612671
74,2021-09-02 08:09:37,531213,2.8839919567108154
75,2021-09-02 11:09:27,531217,2.8239810466766357
76,2021-09-03 01:09:05,531217,2.8806397914886475
77,2021-09-03 02:09:52,531217,2.90543794631958
78,2021-09-03 02:09:52,531217,2.868687868118286
79,2021-09-03 03:09:57,531217,2.8364570140838623
80,2021-09-03 06:09:23,531218,2.946591854095459
81,2021-09-03 09:09:36,531218,2.862675905227661
82,2021-09-03 09:09:39,531218,3.000748872756958
83,2021-09-03 09:09:54,531218,2.8282899856567383
84,2021-09-03 10:09:21,531218,2.855928897857666
85,2021-09-03 10:09:30,531218,2.8893260955810547
86,2021-09-03 10:09:36,531218,2.8754701614379883
87,2021-09-03 01:09:21,531221,2.8878021240234375
88,2021-09-03 01:09:34,531221,2.80475115776062
89,2021-09-03 01:09:40,531221,2.8199028968811035
90,2021-09-03 02:09:22,531221,2.858881950378418
91,2021-09-03 02:09:27,531221,2.8952279090881348
92,2021-09-03 02:09:52,531221,2.8415639400482178
93,2021-09-03 03:09:01,531221,2.8776049613952637
94,2021-09-03 12:09:07,531221,2.8525049686431885
95,2021-09-03 12:09:39,531221,2.8354859352111816
96,2021-09-03 12:09:54,531221,2.9159419536590576
97,2021-09-03 02:09:04,531223,2.8989078998565674
98,2021-09-03 03:09:16,531223,2.8868980407714844
99,2021-09-03 07:09:34,531230,2.888715982437134
100,2021-09-03 08:09:56,531230,2.875976085662842
101,2021-09-03 09:09:25,531230,2.920621871948242
102,2021-09-03 10:09:20,531234,2.875663995742798
103,2021-09-04 01:09:39,531234,2.8096249103546143
104,2021-09-04 02:09:28,531234,2.793370008468628
105,2021-09-05 05:09:55,531234,2.8699870109558105
106,2021-09-05 06:09:06,531234,2.9037110805511475
107,2021-09-05 07:09:00,531234,2.8032729625701904
108,2021-09-05 09:09:43,531234,2.8480701446533203
109,2021-09-06 07:09:18,531234,2.785122871398926
110,2021-09-06 07:09:07,531236,2.8365590572357178
111,2021-09-06 08:09:28,531236,2.800429105758667
112,2021-09-06 08:09:56,531236,2.8114778995513916
113,2021-09-06 09:09:51,531236,2.822005033493042
114,2021-09-06 10:09:50,531237,2.941979169845581
115,2021-09-06 12:09:02,531237,2.8292078971862793
116,2021-09-06 11:09:04,531238,2.877207040786743
117,2021-09-06 01:09:19,531239,2.867702007293701
118,2021-09-06 02:09:09,531239,2.8247568607330322
119,2021-09-06 03:09:34,531240,2.8659279346466064
120,2021-09-06 03:09:41,531240,2.8644211292266846
121,2021-09-06 03:09:58,531240,2.915363073348999
122,2021-09-06 04:09:34,531240,2.9143409729003906
123,2021-09-06 04:09:40,531240,2.8008949756622314
124,2021-09-06 04:09:48,531240,2.879132032394409
125,2021-09-06 05:09:05,531244,2.887047052383423
126,2021-09-06 07:09:11,531244,2.8538711071014404
127,2021-09-06 07:09:14,531244,2.8911640644073486
128,2021-09-06 08:09:48,531244,2.8235490322113037
129,2021-09-06 08:09:50,531244,2.82580304145813
130,2021-09-06 09:09:13,531244,2.85144305229187
131,2021-09-06 10:09:48,531246,2.85459303855896
132,2021-09-06 11:09:39,531246,2.9020400047302246
133,2021-09-07 12:09:03,531246,2.797450065612793
134,2021-09-07 12:09:59,531246,2.8587441444396973
135,2021-09-07 05:09:57,531247,2.83138108253479
136,2021-09-07 06:09:20,531247,2.873082160949707
137,2021-09-07 06:09:26,531247,2.912181854248047
138,2021-09-07 07:09:21,531247,2.837662935256958
139,2021-09-07 07:09:46,531247,2.7885730266571045
140,2021-09-07 07:09:55,531247,2.8118739128112793
141,2021-09-07 08:09:18,531247,2.875555992126465
142,2021-09-07 09:09:15,531247,2.8375298976898193
143,2021-09-07 09:09:19,531247,2.9508779048919678
144,2021-09-07 09:09:35,531247,2.8028359413146973
145,2021-09-07 09:09:58,531247,2.8538520336151123
146,2021-09-07 10:09:24,531247,2.859283924102783
147,2021-09-07 10:09:42,531247,2.8279740810394287
148,2021-09-07 11:09:18,531247,2.845244884490967
149,2021-09-07 11:09:21,531247,2.833199977874756
150,2021-09-07 09:09:06,531248,2.837609052658081
151,2021-09-07 11:09:23,531248,2.8117969036102295
152,2021-09-07 01:09:03,531249,2.894198179244995
153,2021-09-07 02:09:42,531249,2.8295071125030518
154,2021-09-07 12:09:00,531249,2.862234115600586
155,2021-09-07 12:09:28,531249,2.8429031372070312
156,2021-09-07 01:09:17,531250,2.8114259243011475
157,2021-09-07 02:09:24,531250,2.817399024963379
158,2021-09-07 03:09:03,531250,2.7931010723114014
159,2021-09-07 03:09:20,531250,2.856450080871582
160,2021-09-07 12:09:31,531250,2.8356499671936035
161,2021-09-07 02:09:10,531251,2.8597772121429443
162,2021-09-07 04:09:24,531251,2.8303780555725098
163,2021-09-07 02:09:32,531252,2.79024600982666
164,2021-09-07 03:09:50,531252,2.8236849308013916
165,2021-09-07 04:09:06,531252,2.8731191158294678
166,2021-09-07 04:09:59,531252,2.8540689945220947
167,2021-09-07 07:09:07,531257,2.8409950733184814
168,2021-09-07 08:09:12,531257,2.8551948070526123
169,2021-09-07 08:09:59,531257,2.7448341846466064
170,2021-09-07 10:09:00,531258,2.797337055206299
171,2021-09-07 10:09:34,531258,2.8112270832061768
172,2021-09-07 11:09:20,531258,2.776909828186035
173,2021-09-07 11:09:29,531258,2.9030921459198
174,2021-09-07 11:09:46,531258,2.807995080947876
175,2021-09-07 11:09:52,531258,2.8286449909210205
176,2021-09-08 01:09:28,531259,2.8391339778900146
177,2021-09-08 02:09:18,531259,2.837453842163086
178,2021-09-08 02:09:44,531259,2.809980869293213
179,2021-09-08 12:09:02,531259,2.8430440425872803
180,2021-09-08 05:09:26,531260,2.8805720806121826
181,2021-09-08 05:09:54,531260,2.8105309009552
182,2021-09-08 06:09:29,531260,2.8208038806915283
183,2021-09-08 06:09:54,531260,2.8795528411865234
184,2021-09-08 07:09:02,531260,2.805814027786255
185,2021-09-08 07:09:13,531260,2.8308229446411133
186,2021-09-08 01:09:26,531264,2.8222320079803467
187,2021-09-08 01:09:41,531264,2.839021921157837
188,2021-09-08 01:09:50,531264,2.844900131225586
189,2021-09-08 02:09:17,531264,2.817519187927246
190,2021-09-08 02:09:25,531264,2.8518059253692627
191,2021-09-08 02:09:36,531264,2.808527946472168
192,2021-09-08 02:09:47,531264,2.827378034591675
193,2021-09-08 03:09:14,531264,2.8201541900634766
194,2021-09-08 03:09:16,531264,2.774632215499878
195,2021-09-08 12:09:42,531264,2.8703789710998535
196,2021-09-08 04:09:12,531267,2.858336925506592
197,2021-09-08 04:09:23,531267,2.8665599822998047
198,2021-09-08 04:09:32,531267,2.8176798820495605
199,2021-09-08 05:09:13,531267,2.834529161453247
200,2021-09-08 06:09:06,531267,2.829802989959717
201,2021-09-08 09:09:33,531267,2.800266981124878
202,2021-09-08 11:09:05,531267,2.8199899196624756
203,2021-09-08 10:09:12,531269,2.8423779010772705
204,2021-09-08 10:09:33,531269,2.7998340129852295
205,2021-09-08 10:09:44,531269,2.839797019958496
206,2021-09-08 11:09:43,531269,2.8191800117492676
207,2021-09-08 11:09:50,531269,2.8336830139160156
208,2021-09-08 11:09:50,531269,2.8309309482574463
209,2021-09-09 01:09:02,531269,2.8621199131011963
210,2021-09-09 01:09:08,531269,2.836822986602783
211,2021-09-09 12:09:19,531269,2.8599679470062256
212,2021-09-09 12:09:30,531269,2.8011341094970703
213,2021-09-09 12:09:45,531269,2.8340530395507812
214,2021-09-09 02:09:27,531270,2.801395893096924
215,2021-09-09 03:09:51,531270,2.826474189758301
216,2021-09-09 05:09:18,531270,2.8563790321350098
217,2021-09-09 06:09:20,531270,2.8103418350219727
218,2021-09-09 09:09:10,531270,2.8410818576812744
219,2021-09-09 10:09:12,531270,2.810883045196533
220,2021-09-09 10:09:39,531270,2.901854991912842
221,2021-09-09 11:09:15,531270,2.962116003036499
222,2021-09-09 11:09:23,531270,2.8038101196289062
223,2021-09-09 11:09:33,531270,2.8176448345184326
224,2021-09-09 12:09:42,531270,2.8453078269958496
225,2021-09-09 02:09:01,531271,2.8664917945861816
226,2021-09-09 12:09:20,531271,2.8481810092926025
227,2021-09-09 01:09:04,531272,2.8025269508361816
228,2021-09-09 01:09:14,531272,2.7821199893951416
229,2021-09-09 02:09:04,531272,2.8089308738708496
230,2021-09-09 02:09:15,531272,2.824939012527466
231,2021-09-09 02:09:42,531272,2.7655282020568848
232,2021-09-09 03:09:04,531272,2.8215270042419434
233,2021-09-09 03:09:07,531272,2.873745918273926
234,2021-09-09 03:09:37,531272,2.8013710975646973
235,2021-09-09 04:09:06,531272,2.8535890579223633
236,2021-09-09 04:09:28,531272,2.8254270553588867
237,2021-09-09 04:09:37,531274,2.859729051589966
238,2021-09-09 05:09:30,531275,2.856710195541382
239,2021-09-09 06:09:05,531275,2.880707025527954
240,2021-09-09 06:09:09,531275,2.86210298538208
241,2021-09-09 07:09:19,531275,2.872529983520508
242,2021-09-09 05:09:03,531276,2.801431179046631
243,2021-09-09 05:09:55,531276,2.8242390155792236
244,2021-09-09 06:09:31,531276,2.8465280532836914
245,2021-09-09 06:09:50,531276,2.916062831878662
246,2021-09-09 07:09:25,531278,2.8798670768737793
247,2021-09-09 08:09:43,531278,2.863142967224121
248,2021-09-09 09:09:27,531278,2.9070069789886475
249,2021-09-09 09:09:33,531278,2.889235019683838
250,2021-09-09 08:09:50,531279,2.842858076095581
251,2021-09-09 08:09:57,531280,2.804237127304077
252,2021-09-09 08:09:57,531280,2.857969045639038
253,2021-09-09 09:09:33,531280,2.861039161682129
254,2021-09-09 09:09:35,531280,2.874356985092163
255,2021-09-09 11:09:23,531284,2.7829058170318604
256,2021-09-10 02:09:18,531285,2.8087971210479736
257,2021-09-10 02:09:19,531285,2.7930920124053955
258,2021-09-10 03:09:07,531285,2.82967209815979
259,2021-09-10 03:09:35,531285,2.8216769695281982
260,2021-09-10 01:09:04,531286,2.78617000579834
261,2021-09-10 01:09:15,531286,2.888895034790039
262,2021-09-10 01:09:32,531286,2.854736089706421
263,2021-09-10 01:09:51,531286,2.827462911605835
264,2021-09-10 01:09:54,531286,2.9404549598693848
265,2021-09-10 02:09:32,531286,2.833502769470215
266,2021-09-10 02:09:43,531286,2.8633639812469482
267,2021-09-10 02:09:56,531286,2.8190999031066895
268,2021-09-10 03:09:02,531286,2.8914289474487305
269,2021-09-10 03:09:37,531286,2.865009069442749
270,2021-09-10 03:09:38,531286,2.8177449703216553
271,2021-09-10 03:09:48,531286,2.853334903717041
272,2021-09-10 03:09:59,531286,2.8088529109954834
273,2021-09-10 04:09:02,531286,2.8675780296325684
274,2021-09-10 04:09:42,531286,2.8424510955810547
275,2021-09-10 05:09:17,531286,2.7272300720214844
276,2021-09-10 05:09:21,531286,2.899035930633545
277,2021-09-10 05:09:22,531286,2.8393940925598145
278,2021-09-10 05:09:28,531286,2.8759348392486572
279,2021-09-10 05:09:54,531286,2.787309169769287
280,2021-09-10 05:09:56,531286,2.8738720417022705
281,2021-09-10 06:09:04,531286,2.819352149963379
282,2021-09-10 06:09:16,531286,2.927554130554199
283,2021-09-10 06:09:21,531286,2.8085241317749023
284,2021-09-10 06:09:50,531286,2.856421947479248
285,2021-09-10 07:09:26,531286,2.8456389904022217
286,2021-09-10 07:09:31,531286,2.8488311767578125
287,2021-09-10 07:09:57,531286,2.828760862350464
288,2021-09-10 08:09:03,531286,2.8328380584716797
289,2021-09-10 10:09:18,531286,2.8857409954071045
290,2021-09-10 10:09:43,531286,2.812782049179077
291,2021-09-10 12:09:05,531286,2.8387610912323
292,2021-09-10 05:09:41,531287,2.9087629318237305
293,2021-09-10 05:09:59,531287,2.789763927459717
294,2021-09-10 06:09:08,531287,2.8858001232147217
295,2021-09-10 07:09:01,531287,2.8595900535583496
296,2021-09-10 07:09:15,531287,2.888925075531006
297,2021-09-10 07:09:31,531289,2.8919498920440674
298,2021-09-10 09:09:47,531289,2.87072491645813
299,2021-09-13 04:09:46,531291,2.8541438579559326
300,2021-09-13 05:09:29,531291,2.8403990268707275
301,2021-09-11 01:09:26,531293,2.8645548820495605
302,2021-09-11 02:09:02,531293,2.846771001815796
303,2021-09-11 02:09:29,531293,2.8545050621032715
304,2021-09-11 12:09:55,531293,2.817966938018799
305,2021-09-11 02:09:08,531294,2.863145112991333
306,2021-09-11 12:09:01,531294,2.7786619663238525
307,2021-09-11 01:09:50,531295,2.8569929599761963
308,2021-09-11 02:09:15,531295,2.8620870113372803
309,2021-09-11 02:09:07,531298,2.8229291439056396
310,2021-09-11 03:09:38,531298,2.8854920864105225
311,2021-09-11 03:09:08,531299,2.9217331409454346
312,2021-09-11 04:09:36,531299,2.862987995147705
313,2021-09-11 05:09:41,531299,2.8369810581207275
314,2021-09-11 07:09:38,531299,2.8789780139923096
315,2021-09-11 09:09:47,531299,2.84767484664917
316,2021-09-12 02:09:57,531300,2.9045908451080322
317,2021-09-12 04:09:24,531300,2.861067056655884
318,2021-09-12 05:09:43,531300,2.8323428630828857
319,2021-09-13 05:09:38,531300,2.8426239490509033
320,2021-09-13 01:09:01,531301,2.836696147918701
321,2021-09-13 06:09:35,531301,2.8804140090942383
322,2021-09-13 07:09:45,531301,2.839076042175293
323,2021-09-13 10:09:06,531301,2.853783130645752
324,2021-09-13 10:09:40,531301,2.764563798904419
325,2021-09-13 12:09:14,531301,2.7881381511688232
326,2021-09-13 12:09:56,531301,2.8246169090270996
327,2021-09-14 10:09:18,531301,2.8777410984039307
328,2021-09-14 11:09:06,531301,2.86472487449646
329,2021-09-14 11:09:49,531301,2.7998299598693848
330,2021-09-14 04:09:59,531306,2.8783891201019287
331,2021-09-14 05:09:29,531306,2.8871538639068604
332,2021-09-14 06:09:48,531306,2.8982391357421875
333,2021-09-14 06:09:51,531306,2.8361620903015137
334,2021-09-14 04:09:42,531307,2.870872974395752
335,2021-09-14 06:09:58,531307,2.873713970184326
336,2021-09-14 06:09:59,531307,2.8864800930023193
337,2021-09-14 07:09:17,531307,2.84409499168396
338,2021-09-14 08:09:47,531307,2.8836090564727783
339,2021-09-14 08:09:54,531307,2.883030891418457
340,2021-09-14 09:09:00,531307,2.8707239627838135
341,2021-09-14 09:09:24,531307,2.8579299449920654
342,2021-09-14 09:09:26,531307,2.819653034210205
343,2021-09-14 10:09:30,531307,2.912196159362793
344,2021-09-14 10:09:46,531307,2.882020950317383
345,2021-09-14 11:09:00,531307,2.879998207092285
346,2021-09-14 10:09:03,531308,2.8813529014587402
347,2021-09-14 11:09:58,531308,2.8460028171539307
348,2021-09-14 10:09:31,531311,2.9061789512634277
349,2021-09-15 12:09:15,531311,2.8457891941070557
350,2021-09-15 01:09:35,531313,2.8384552001953125
351,2021-09-15 12:09:56,531313,2.8033931255340576
352,2021-09-15 02:09:54,531318,2.833646059036255
353,2021-09-15 04:09:05,531318,2.8094239234924316
354,2021-09-15 03:09:14,531319,2.8676958084106445
355,2021-09-15 07:09:30,531319,2.8757219314575195
356,2021-09-15 07:09:11,531320,2.8590610027313232
357,2021-09-15 01:09:59,531321,2.8895041942596436
358,2021-09-15 02:09:36,531321,2.9121129512786865
359,2021-09-15 02:09:37,531321,2.903877019882202
360,2021-09-15 02:09:53,531321,2.854301929473877
361,2021-09-15 03:09:01,531321,2.8589959144592285
362,2021-09-15 03:09:11,531321,3.018249034881592
363,2021-09-15 03:09:17,531321,2.8158419132232666
364,2021-09-15 03:09:39,531321,2.8453011512756348
365,2021-09-15 04:09:10,531321,2.7768070697784424
366,2021-09-15 04:09:41,531321,2.8632800579071045
367,2021-09-15 04:09:56,531321,2.881437063217163
368,2021-09-15 05:09:01,531321,2.828310966491699
369,2021-09-15 05:09:01,531321,2.8254499435424805
370,2021-09-15 05:09:44,531321,2.84961199760437
371,2021-09-15 06:09:02,531321,2.857764959335327
372,2021-09-15 06:09:10,531321,2.8625290393829346
373,2021-09-15 06:09:19,531321,2.877194881439209
374,2021-09-15 06:09:47,531321,2.8994979858398438
375,2021-09-15 06:09:54,531321,2.859294891357422
376,2021-09-15 08:09:14,531321,2.806227922439575
377,2021-09-15 08:09:43,531321,2.8736798763275146
378,2021-09-15 08:09:57,531321,2.726361036300659
379,2021-09-15 08:09:58,531321,2.8690359592437744
380,2021-09-15 07:09:29,531323,2.8263320922851562
381,2021-09-15 07:09:34,531323,2.8424019813537598
382,2021-09-15 08:09:24,531323,2.9422318935394287
383,2021-09-15 08:09:29,531323,2.81626296043396
384,2021-09-15 08:09:44,531323,2.8376550674438477
385,2021-09-15 09:09:04,531323,2.854520797729492
386,2021-09-16 02:09:28,531323,2.839409112930298
387,2021-09-16 02:09:49,531323,2.8422348499298096
388,2021-09-15 09:09:09,531324,2.8555150032043457
389,2021-09-16 02:09:23,531324,2.912026882171631
390,2021-09-16 01:09:21,531325,2.825888156890869
391,2021-09-15 11:09:08,531326,2.877243995666504
392,2021-09-16 12:09:42,531326,2.8366878032684326
393,2021-09-16 02:09:59,531329,2.8439810276031494
394,2021-09-16 02:09:52,531330,2.837095022201538
395,2021-09-16 06:09:12,531333,2.867398977279663
396,2021-09-16 06:09:06,531334,2.8333280086517334
397,2021-09-16 07:09:52,531334,2.8447229862213135
398,2021-09-16 08:09:38,531334,2.791468858718872
399,2021-09-16 10:09:33,531334,2.876452922821045
400,2021-09-16 04:09:27,531335,2.8469018936157227
401,2021-09-16 09:09:12,531335,2.8776021003723145
402,2021-09-16 09:09:51,531335,2.8416199684143066
403,2021-09-16 01:09:44,531336,2.862076997756958
404,2021-09-16 03:09:38,531336,2.893440008163452
405,2021-09-16 05:09:31,531336,2.7817180156707764
406,2021-09-16 07:09:07,531336,2.817699909210205
407,2021-09-16 08:09:02,531336,2.804044008255005
408,2021-09-16 09:09:53,531336,2.8685309886932373
409,2021-09-16 10:09:10,531336,2.8320300579071045
410,2021-09-16 10:09:43,531336,2.849371910095215
411,2021-09-16 10:09:54,531336,2.879601001739502
412,2021-09-16 12:09:09,531336,2.8698620796203613
413,2021-09-16 12:09:14,531336,2.7907209396362305
414,2021-09-16 06:09:30,531337,2.8659520149230957
415,2021-09-16 06:09:44,531337,2.751800060272217
416,2021-09-16 06:09:48,531337,2.815096855163574
417,2021-09-16 06:09:51,531337,2.8706581592559814
418,2021-09-16 06:09:58,531337,2.7928011417388916
419,2021-09-16 08:09:22,531337,2.637655019760132
420,2021-09-16 09:09:02,531337,2.8385870456695557
421,2021-09-16 10:09:03,531337,2.650897979736328
422,2021-09-16 10:09:35,531337,2.9056291580200195
423,2021-09-16 09:09:34,531340,2.79018497467041
424,2021-09-16 09:09:03,531341,2.8544390201568604
425,2021-09-16 09:09:29,531341,2.808990955352783
426,2021-09-17 02:09:03,531341,2.8323781490325928
427,2021-09-17 02:09:29,531341,2.8624379634857178
428,2021-09-16 11:09:26,531344,2.821873903274536
429,2021-09-17 04:09:26,531344,2.872873067855835
430,2021-09-16 11:09:18,531345,2.8785979747772217
431,2021-09-16 11:09:25,531345,2.85568904876709
432,2021-09-16 11:09:59,531346,2.932080030441284
433,2021-09-17 03:09:14,531346,2.8006560802459717
434,2021-09-17 04:09:05,531346,2.838716983795166
435,2021-09-17 12:09:18,531346,2.8791821002960205
436,2021-09-17 12:09:34,531346,2.8383240699768066
437,2021-09-17 12:09:45,531346,2.874329090118408
438,2021-09-17 06:09:20,531349,2.853196859359741
439,2021-09-17 06:09:54,531349,2.8581771850585938
440,2021-09-17 01:09:10,531350,2.8451480865478516
441,2021-09-17 01:09:16,531350,2.8328540325164795
442,2021-09-17 01:09:57,531350,2.7056610584259033
443,2021-09-17 02:09:31,531350,2.8539540767669678
444,2021-09-17 02:09:54,531350,2.9140079021453857
445,2021-09-17 03:09:43,531350,2.837209939956665
446,2021-09-17 03:09:54,531350,2.657785177230835
447,2021-09-17 04:09:22,531350,2.8438868522644043
448,2021-09-17 05:09:35,531350,2.824977159500122
449,2021-09-17 06:09:50,531350,2.8439321517944336
450,2021-09-17 12:09:17,531350,2.8282430171966553
451,2021-09-17 05:09:43,531351,2.823601007461548
452,2021-09-17 09:09:16,531358,2.848996162414551
453,2021-09-17 09:09:50,531358,2.8461179733276367
454,2021-09-17 11:09:52,531358,2.808443069458008
455,2021-09-17 11:09:24,531359,2.831562042236328
456,2021-09-18 08:09:10,531364,2.8280630111694336
457,2021-09-18 10:09:31,531364,2.844430923461914
458,2021-09-19 05:09:26,531364,2.795440912246704
459,2021-09-19 06:09:07,531364,2.8494129180908203
460,2021-09-20 06:09:49,531364,2.8646278381347656
461,2021-09-20 07:09:18,531364,2.8445611000061035
462,2021-09-20 09:09:29,531364,2.867521047592163
463,2021-09-20 10:09:54,531364,2.8069100379943848
464,2021-09-20 11:09:33,531364,2.8466579914093018
465,2021-09-20 11:09:43,531364,2.809375047683716
466,2021-09-20 11:09:51,531364,2.91438889503479
467,2021-09-20 12:09:22,531364,2.860363006591797
468,2021-09-20 11:09:34,531365,2.8958139419555664
469,2021-09-20 12:09:36,531365,2.7376139163970947
470,2021-09-20 02:09:13,531366,2.824044942855835
471,2021-09-20 02:09:53,531366,2.8969411849975586
472,2021-09-20 03:09:26,531366,2.841542959213257
473,2021-09-20 03:09:55,531366,2.837354898452759
474,2021-09-20 05:09:01,531366,2.908674955368042
475,2021-09-20 06:09:15,531366,2.8323440551757812
476,2021-09-20 06:09:22,531366,2.8657279014587402
477,2021-09-20 06:09:29,531366,2.859200954437256
478,2021-09-20 06:09:32,531367,2.881877899169922
479,2021-09-20 07:09:37,531367,2.8654298782348633
480,2021-09-20 08:09:03,531367,2.8922781944274902
481,2021-09-20 08:09:22,531367,2.8430700302124023
482,2021-09-20 08:09:40,531369,2.912508010864258
483,2021-09-20 09:09:00,531369,2.926367998123169
484,2021-09-20 10:09:09,531369,2.8838918209075928
485,2021-09-20 10:09:21,531369,2.8863677978515625
486,2021-09-20 10:09:31,531369,2.852739095687866
487,2021-09-20 10:09:48,531369,2.840251922607422
488,2021-09-20 11:09:08,531369,2.85261607170105
489,2021-09-20 11:09:55,531369,2.859287977218628
490,2021-09-20 09:09:47,531370,2.8270978927612305
491,2021-09-20 11:09:20,531370,2.904578924179077
492,2021-09-21 02:09:34,531370,2.908215045928955
493,2021-09-21 03:09:38,531370,2.8335700035095215
494,2021-09-21 10:09:03,531370,2.88158917427063
495,2021-09-21 11:09:13,531370,2.888408899307251
496,2021-09-21 12:09:29,531370,2.907083034515381
497,2021-09-21 12:09:51,531370,2.877707004547119
498,2021-09-21 04:09:01,531373,2.940000057220459
499,2021-09-21 05:09:06,531373,2.9269049167633057
500,2021-09-21 05:09:25,531373,2.9034481048583984
501,2021-09-21 05:09:57,531373,2.925597906112671
502,2021-09-21 06:09:21,531373,2.9111011028289795
503,2021-09-21 06:09:51,531373,2.8995699882507324
504,2021-09-21 07:09:21,531373,2.829185962677002
505,2021-09-21 07:09:50,531373,2.8873770236968994
506,2021-09-21 07:09:13,531377,2.8797008991241455
507,2021-09-21 08:09:36,531377,2.899470090866089
508,2021-09-21 09:09:02,531377,2.8685550689697266
509,2021-09-21 09:09:22,531379,2.8393030166625977
510,2021-09-21 09:09:30,531379,2.9193007946014404
511,2021-09-21 09:09:41,531379,2.914966106414795
512,2021-09-21 11:09:54,531379,2.88263201713562
513,2021-09-21 10:09:08,531380,2.9064948558807373
514,2021-09-21 11:09:05,531380,2.897566080093384
515,2021-09-22 01:09:12,531380,2.913724899291992
516,2021-09-22 12:09:54,531380,2.959684133529663
517,2021-09-22 01:09:01,531381,2.828831195831299
518,2021-09-22 01:09:59,531381,2.897848129272461
519,2021-09-22 02:09:17,531381,2.855468988418579
520,2021-09-22 04:09:28,531381,2.876616954803467
521,2021-09-22 05:09:15,531381,2.872997999191284
522,2021-09-22 05:09:26,531381,2.892652988433838
523,2021-09-22 06:09:36,531381,2.9017109870910645
524,2021-09-22 07:09:20,531381,2.8385329246520996
525,2021-09-22 07:09:39,531381,2.9064059257507324
526,2021-09-22 07:09:51,531381,2.891378164291382
527,2021-09-22 08:09:35,531381,2.8770549297332764
528,2021-09-22 10:09:00,531381,2.8500850200653076
529,2021-09-22 10:09:04,531381,2.8805220127105713
530,2021-09-22 10:09:07,531381,2.902773857116699
531,2021-09-22 10:09:40,531381,2.8868818283081055
532,2021-09-22 12:09:52,531381,2.920034170150757
533,2021-09-22 03:09:12,531384,2.930877923965454
534,2021-09-22 04:09:33,531385,2.9073150157928467
535,2021-09-22 05:09:50,531387,2.866297960281372
536,2021-09-22 07:09:51,531388,2.7948641777038574
537,2021-09-22 07:09:29,531389,2.8735198974609375
538,2021-09-22 11:09:46,531394,2.896172046661377
539,2021-09-23 01:09:36,531394,2.8641200065612793
540,2021-09-23 05:09:00,531394,2.8559248447418213
541,2021-09-23 06:09:06,531394,2.8839149475097656
542,2021-09-23 06:09:34,531394,2.879390001296997
543,2021-09-23 08:09:57,531398,2.870651960372925
544,2021-09-23 09:09:37,531399,2.8562660217285156
545,2021-09-23 10:09:39,531399,2.835886001586914
546,2021-09-23 11:09:10,531399,2.878955841064453
547,2021-09-23 11:09:54,531399,2.936306953430176
548,2021-09-23 12:09:51,531399,2.893033981323242
549,2021-09-23 01:09:17,531400,2.838665008544922
550,2021-09-23 01:09:57,531400,2.871577024459839
551,2021-09-23 02:09:24,531400,2.8700220584869385
552,2021-09-23 12:09:36,531400,2.869678020477295
553,2021-09-23 02:09:09,531401,2.8180880546569824
554,2021-09-23 02:09:54,531401,2.8440699577331543
555,2021-09-23 03:09:30,531401,2.8199710845947266
556,2021-09-23 03:09:58,531401,2.7870218753814697
557,2021-09-23 05:09:04,531405,2.869025945663452
558,2021-09-23 05:09:36,531405,2.847550868988037
559,2021-09-23 06:09:51,531405,2.896681070327759
560,2021-09-23 06:09:04,531406,2.867119073867798
561,2021-09-23 07:09:30,531406,2.860538959503174
562,2021-09-23 09:09:17,531407,2.8916659355163574
563,2021-09-23 10:09:28,531407,2.8809890747070312
564,2021-09-23 09:09:54,531409,2.8637919425964355
565,2021-09-23 10:09:51,531409,2.8287339210510254
566,2021-09-23 09:09:56,531410,2.875067949295044
567,2021-09-23 11:09:03,531410,2.8756840229034424
568,2021-09-23 11:09:10,531411,2.8056278228759766
569,2021-09-24 01:09:42,531411,2.8089771270751953
570,2021-09-24 02:09:38,531411,2.868234872817993
571,2021-09-24 02:09:45,531411,2.8537797927856445
572,2021-09-24 03:09:52,531411,2.805798053741455
573,2021-09-24 04:09:16,531411,2.8867061138153076
574,2021-09-24 12:09:02,531411,2.8535170555114746
575,2021-09-24 12:09:12,531411,2.9084010124206543
576,2021-09-24 12:09:12,531411,2.837486982345581
577,2021-09-24 07:09:39,531412,3.011305093765259
578,2021-09-24 01:09:20,531414,2.825591802597046
579,2021-09-24 02:09:26,531414,2.8712940216064453
580,2021-09-24 03:09:44,531414,2.8323299884796143
581,2021-09-24 04:09:12,531414,2.8028481006622314
582,2021-09-24 08:09:54,531414,2.863223075866699
583,2021-09-24 09:09:28,531414,2.83463191986084
584,2021-09-24 11:09:06,531414,2.7939510345458984
585,2021-09-24 12:09:21,531414,2.8800480365753174
586,2021-09-24 04:09:16,531417,2.8106629848480225
587,2021-09-24 06:09:33,531417,2.8611299991607666
588,2021-09-24 07:09:16,531418,2.8665199279785156
589,2021-09-24 08:09:37,531418,2.8099019527435303
590,2021-09-24 10:09:09,531418,2.8680050373077393
591,2021-09-24 09:09:31,531419,2.8512301445007324
592,2021-09-24 11:09:06,531420,2.885373115539551
593,2021-09-25 01:09:28,531420,2.857517957687378
594,2021-09-25 01:09:47,531420,2.804863929748535
595,2021-09-25 02:09:16,531420,2.778337001800537
596,2021-09-25 02:09:34,531420,2.8349900245666504
597,2021-09-25 02:09:43,531420,2.8350510597229004
598,2021-09-25 03:09:13,531420,2.866209030151367
599,2021-09-25 03:09:31,531420,2.7998340129852295
600,2021-09-25 04:09:02,531420,2.8908579349517822
601,2021-09-25 04:09:04,531420,2.8317339420318604
602,2021-09-25 04:09:41,531420,2.871196985244751
603,2021-09-25 05:09:27,531420,2.7990589141845703
604,2021-09-25 05:09:33,531420,2.8279950618743896
605,2021-09-25 05:09:52,531420,2.9123690128326416
606,2021-09-25 05:09:54,531420,2.8443241119384766
607,2021-09-25 05:09:56,531420,2.821315050125122
608,2021-09-25 06:09:58,531420,2.8047051429748535
609,2021-09-25 07:09:07,531420,2.8381049633026123
610,2021-09-25 07:09:17,531420,2.8507280349731445
611,2021-09-25 08:09:45,531420,2.8526580333709717
612,2021-09-25 10:09:40,531420,2.8770320415496826
613,2021-09-25 11:09:32,531420,2.8411200046539307
614,2021-09-25 12:09:31,531420,2.927419900894165
615,2021-09-25 12:09:43,531420,2.824781894683838
616,2021-09-25 04:09:21,531421,2.8907711505889893
617,2021-09-25 05:09:56,531421,2.798067808151245
618,2021-09-26 04:09:07,531421,2.780256986618042
619,2021-09-26 05:09:38,531421,2.9017438888549805
620,2021-09-26 06:09:03,531421,2.8979570865631104
621,2021-09-26 06:09:22,531421,2.894257068634033
622,2021-09-27 07:09:04,531423,2.8710391521453857
623,2021-09-27 08:09:49,531424,2.810267210006714
624,2021-09-27 09:09:04,531424,2.841541051864624
625,2021-09-27 09:09:27,531425,2.845906972885132
626,2021-09-27 10:09:02,531425,2.8676741123199463
627,2021-09-27 10:09:00,531426,2.838052988052368
628,2021-09-27 11:09:04,531426,2.942647933959961
629,2021-09-27 11:09:26,531426,2.869372844696045
630,2021-09-27 12:09:38,531426,2.8453330993652344
631,2021-09-27 01:09:09,531428,2.862473964691162
632,2021-09-27 12:09:25,531428,2.8097169399261475
633,2021-09-27 01:09:49,531429,2.8634159564971924
634,2021-09-27 12:09:16,531429,2.8213629722595215
635,2021-09-27 03:09:28,531431,2.874298095703125
636,2021-09-27 03:09:18,531432,2.835552930831909
637,2021-09-27 04:09:11,531433,2.799466848373413
638,2021-09-27 05:09:44,531433,2.8142590522766113
639,2021-09-27 05:09:02,531434,2.875170946121216
640,2021-09-27 07:09:38,531434,2.8928189277648926
641,2021-09-27 08:09:10,531438,2.883544921875
642,2021-09-27 08:09:26,531438,2.925438165664673
643,2021-09-27 08:09:58,531438,2.885200023651123
644,2021-09-27 09:09:32,531438,2.87738299369812
645,2021-09-27 10:09:06,531438,2.9715418815612793
646,2021-09-27 10:09:29,531438,2.8777198791503906
647,2021-09-27 10:09:39,531438,2.8244378566741943
648,2021-09-27 11:09:40,531442,2.828774929046631
649,2021-09-28 12:09:17,531442,2.8747401237487793
650,2021-09-28 01:09:14,531445,2.8841540813446045
651,2021-09-28 02:09:34,531445,2.815056800842285
652,2021-09-28 02:09:51,531445,2.8315749168395996
653,2021-09-28 02:09:53,531445,2.8368589878082275
654,2021-09-28 03:09:36,531445,2.877624034881592
655,2021-09-28 04:09:23,531445,2.8370630741119385
656,2021-09-28 05:09:26,531445,2.834043025970459
657,2021-09-28 05:09:57,531445,2.806267023086548
658,2021-09-28 06:09:20,531445,2.794374942779541
659,2021-09-28 06:09:47,531445,2.8803951740264893
660,2021-09-28 06:09:57,531445,2.879297971725464
661,2021-09-28 07:09:05,531445,2.84940505027771
662,2021-09-28 07:09:06,531445,2.8815019130706787
663,2021-09-28 07:09:11,531445,2.8159091472625732
664,2021-09-28 07:09:33,531445,2.8622629642486572
665,2021-09-28 08:09:12,531445,2.826406955718994
666,2021-09-28 08:09:20,531445,2.888192892074585
667,2021-09-28 08:09:40,531445,2.9097909927368164
668,2021-09-28 09:09:29,531445,2.830251932144165
669,2021-09-28 09:09:44,531445,2.894773006439209
670,2021-09-28 08:09:16,531446,2.839806079864502
671,2021-09-28 08:09:27,531446,2.8750979900360107
672,2021-09-28 08:09:45,531446,2.8944180011749268
673,2021-09-28 09:09:01,531446,2.876762866973877
674,2021-09-28 09:09:07,531446,2.8789291381835938
675,2021-09-28 09:09:48,531446,2.894906997680664
676,2021-09-28 10:09:00,531446,2.8259918689727783
677,2021-09-28 10:09:04,531446,2.8603148460388184
678,2021-09-28 10:09:24,531446,2.8614001274108887
679,2021-09-28 10:09:37,531446,2.8784220218658447
680,2021-09-28 11:09:19,531446,2.960545063018799
681,2021-09-28 11:09:23,531446,2.8688840866088867
682,2021-09-28 12:09:35,531446,2.871492862701416
683,2021-09-28 01:09:45,531447,2.8743860721588135
684,2021-09-28 12:09:48,531447,2.822054862976074
685,2021-09-28 01:09:07,531448,2.828882932662964
686,2021-09-28 02:09:01,531448,2.8287911415100098
687,2021-09-28 02:09:45,531448,2.8476529121398926
688,2021-09-28 03:09:12,531448,2.8758490085601807
689,2021-09-28 03:09:36,531449,2.8148419857025146
690,2021-09-28 03:09:08,531450,2.8765950202941895
691,2021-09-28 04:09:20,531450,2.839132070541382
692,2021-09-28 04:09:48,531450,2.8599300384521484
693,2021-09-28 05:09:44,531450,2.916124105453491
694,2021-09-28 05:09:52,531450,2.9141359329223633
695,2021-09-28 07:09:27,531452,2.8944849967956543
696,2021-09-28 08:09:30,531452,2.8746399879455566
697,2021-09-28 07:09:00,531453,2.840440034866333
698,2021-09-28 07:09:28,531453,2.8577940464019775
699,2021-09-28 10:09:22,531454,2.8532650470733643
700,2021-09-28 10:09:41,531454,2.8265068531036377
701,2021-09-28 11:09:42,531454,2.85138201713562
702,2021-09-29 12:09:41,531454,2.819248914718628
703,2021-09-29 01:09:08,531456,2.878720998764038
704,2021-09-29 12:09:06,531456,2.8264429569244385
705,2021-09-29 01:09:16,531457,2.892879009246826
706,2021-09-29 01:09:42,531457,2.8657281398773193
707,2021-09-29 02:09:22,531457,2.8514769077301025
708,2021-09-29 02:09:28,531457,2.8006718158721924
709,2021-09-29 02:09:42,531458,2.8839120864868164
710,2021-09-29 02:09:27,531459,2.845931053161621
711,2021-09-29 02:09:39,531459,2.9025280475616455
712,2021-09-29 02:09:47,531459,2.8246219158172607
713,2021-09-29 03:09:07,531459,2.905848979949951
714,2021-09-29 03:09:30,531459,2.806999921798706
715,2021-09-29 04:09:45,531461,2.8463640213012695
716,2021-09-29 05:09:45,531461,2.9188520908355713
717,2021-09-29 05:09:01,531463,2.859041929244995
718,2021-09-29 05:09:20,531463,2.8826241493225098
719,2021-09-29 05:09:54,531463,2.887732982635498
720,2021-09-29 06:09:48,531463,2.8084750175476074
721,2021-09-29 06:09:55,531464,2.838433027267456
722,2021-09-29 07:09:19,531466,2.8762760162353516
723,2021-09-29 07:09:42,531466,2.8482859134674072
724,2021-09-29 07:09:45,531466,2.85890793800354
725,2021-09-29 08:09:21,531466,2.8517630100250244
726,2021-09-29 08:09:49,531466,2.855721950531006
727,2021-09-29 10:09:48,531468,2.851789951324463
728,2021-09-29 11:09:17,531468,2.7768619060516357
729,2021-09-29 12:09:09,531468,2.85561203956604
730,2021-09-29 12:09:11,531469,2.8765761852264404
731,2021-09-29 02:09:59,531471,2.813602924346924
732,2021-09-29 03:09:26,531471,2.789722204208374
733,2021-09-29 03:09:56,531471,2.9288628101348877
734,2021-09-29 05:09:08,531471,2.780237913131714
735,2021-09-29 05:09:53,531471,2.9119629859924316
736,2021-09-29 03:09:54,531473,2.8317999839782715
737,2021-09-29 05:09:22,531475,2.8902270793914795
738,2021-09-29 05:09:30,531475,2.8048200607299805
739,2021-09-29 07:09:49,531475,2.9220778942108154
740,2021-09-29 07:09:32,531477,2.9120190143585205
741,2021-09-29 08:09:36,531477,2.8910601139068604
742,2021-09-29 08:09:52,531477,2.8160400390625
743,2021-09-29 09:09:50,531477,2.9401438236236572
744,2021-09-29 10:09:50,531477,2.864187002182007
745,2021-09-29 10:09:29,531478,2.896812915802002
746,2021-09-29 11:09:28,531478,2.8407111167907715
747,2021-09-30 01:09:31,531482,2.875383138656616
748,2021-09-30 02:09:49,531482,2.866608142852783
749,2021-09-30 01:09:23,531483,2.8851020336151123
750,2021-09-30 02:09:01,531483,2.874372959136963
751,2021-09-30 02:09:28,531483,2.9001009464263916
752,2021-09-30 03:09:06,531483,2.8783810138702393
753,2021-09-30 04:09:10,531483,2.855517864227295
754,2021-09-30 04:09:37,531483,2.757974147796631
755,2021-09-30 04:09:18,531486,2.857905864715576
756,2021-09-30 05:09:22,531486,2.827507972717285
757,2021-09-30 04:09:11,531487,2.8592288494110107
758,2021-09-30 04:09:53,531487,2.8472390174865723
759,2021-09-30 05:09:45,531487,2.817258834838867
760,2021-09-30 06:09:56,531487,2.907857894897461
761,2021-09-30 06:09:19,531488,2.8712868690490723
762,2021-09-30 06:09:21,531488,2.8278369903564453
763,2021-09-30 06:09:47,531488,2.8153350353240967
764,2021-09-30 07:09:07,531488,2.8213298320770264
765,2021-09-30 07:09:24,531488,2.901597023010254
766,2021-09-30 07:09:28,531490,2.86073899269104
767,2021-09-30 08:09:08,531490,2.8966829776763916
768,2021-09-30 08:09:16,531490,2.805267810821533
769,2021-09-30 09:09:19,531490,2.8834660053253174
770,2021-09-30 09:09:45,531490,2.9096338748931885
771,2021-09-30 08:09:52,531491,2.8644139766693115
772,2021-09-30 10:09:27,531491,2.8302810192108154
773,2021-09-30 01:09:36,531492,2.8920271396636963
774,2021-09-30 01:09:47,531492,2.9454400539398193
775,2021-09-30 11:09:11,531492,2.8996310234069824
776,2021-09-30 11:09:42,531492,2.8708338737487793
777,2021-09-30 11:09:54,531492,2.839777946472168
778,2021-09-30 12:09:12,531492,2.853480100631714
779,2021-09-30 12:09:16,531494,2.8762431144714355
780,2021-09-30 01:09:40,531497,2.8392250537872314
781,2021-09-30 02:09:18,531497,2.885296106338501
782,2021-09-30 02:09:48,531497,2.886298894882202
783,2021-09-30 03:09:08,531497,2.933398962020874
784,2021-09-30 03:09:13,531497,2.881765127182007
785,2021-09-30 03:09:50,531497,2.892564058303833
786,2021-09-30 03:09:59,531497,2.9035558700561523
787,2021-09-30 04:09:07,531497,2.89471697807312
788,2021-09-30 04:09:32,531497,2.922356128692627
789,2021-09-30 04:09:33,531497,2.878093957901001
790,2021-09-30 04:09:51,531497,2.9113051891326904
791,2021-09-30 04:09:59,531497,2.892782211303711
792,2021-09-30 03:09:53,531498,2.808164119720459
793,2021-09-30 06:09:45,531500,2.8929049968719482
794,2021-09-30 07:09:34,531501,2.8742969036102295
795,2021-09-30 07:09:56,531501,2.8687398433685303
796,2021-09-30 08:09:59,531501,2.885236978530884
797,2021-09-30 11:09:19,531508,2.8535900115966797
798,2021-10-01 01:10:58,531508,2.8463308811187744
799,2021-10-01 02:10:24,531508,2.863586902618408
800,2021-10-01 02:10:41,531508,2.860927104949951
801,2021-10-01 12:10:30,531508,2.847054958343506
802,2021-10-01 12:10:48,531508,2.8358001708984375
803,2021-10-01 01:10:05,531509,2.892982006072998
804,2021-10-01 01:10:34,531509,2.88216495513916
805,2021-10-01 01:10:57,531509,2.8715851306915283
806,2021-10-01 02:10:30,531509,2.85916805267334
807,2021-10-01 02:10:39,531509,2.834912061691284
808,2021-10-01 02:10:57,531509,2.8572211265563965
809,2021-10-01 03:10:02,531509,2.803373098373413
810,2021-10-01 03:10:04,531509,2.864248037338257
811,2021-10-01 03:10:15,531509,2.8665659427642822
812,2021-10-01 03:10:21,531509,2.918992042541504
813,2021-10-01 04:10:05,531509,2.918344020843506
814,2021-10-01 05:10:18,531509,2.8442270755767822
815,2021-10-01 06:10:05,531510,2.895592212677002
816,2021-10-01 07:10:12,531510,2.8646490573883057
817,2021-10-01 07:10:25,531511,2.860276937484741
818,2021-10-01 08:10:04,531511,2.893702983856201
819,2021-10-01 08:10:50,531511,2.8232240676879883
820,2021-10-01 09:10:03,531511,2.8974859714508057
821,2021-10-01 09:10:37,531511,2.872128963470459
822,2021-10-01 10:10:00,531511,2.862173080444336
823,2021-10-01 10:10:57,531511,2.849085807800293
824,2021-10-01 01:10:33,531514,2.821199893951416
825,2021-10-01 02:10:47,531514,2.8515408039093018
826,2021-10-01 03:10:21,531516,2.886641025543213
827,2021-10-01 07:10:29,531520,2.8374650478363037
828,2021-10-01 08:10:15,531520,2.863887071609497
829,2021-10-02 01:10:40,531520,2.9247729778289795
830,2021-10-02 02:10:10,531520,2.794124126434326
831,2021-10-02 04:10:05,531520,2.831780195236206
832,2021-10-02 02:10:52,531521,2.7753589153289795
833,2021-10-02 04:10:18,531521,2.804797887802124
834,2021-10-02 01:10:49,531523,2.852283000946045
835,2021-10-02 02:10:40,531523,2.8764939308166504
836,2021-10-02 03:10:20,531523,2.85640811920166
837,2021-10-02 04:10:00,531523,2.8419439792633057
838,2021-10-02 05:10:27,531523,2.896064043045044
839,2021-10-02 05:10:37,531523,2.897034168243408
840,2021-10-02 07:10:10,531523,2.8359410762786865
841,2021-10-02 10:10:14,531523,2.8658759593963623
842,2021-10-02 11:10:22,531523,2.84352707862854
843,2021-10-03 01:10:08,531524,2.8563928604125977
844,2021-10-03 06:10:30,531524,2.798151969909668
845,2021-10-03 06:10:58,531524,2.8799259662628174
846,2021-10-03 08:10:14,531526,2.834868907928467
847,2021-10-03 10:10:44,531526,2.853066921234131
848,2021-10-04 10:10:40,531526,2.7673048973083496
849,2021-10-04 11:10:13,531526,2.9238150119781494
850,2021-10-04 11:10:19,531526,2.8668839931488037
851,2021-10-04 12:10:02,531526,2.838203191757202
852,2021-10-04 02:10:47,531527,2.805177927017212
853,2021-10-04 11:10:46,531527,2.847041130065918
854,2021-10-04 12:10:08,531527,2.8027360439300537
855,2021-10-04 12:10:55,531527,2.823004961013794
856,2021-10-04 01:10:18,531528,2.797718048095703
857,2021-10-04 02:10:28,531530,2.8604488372802734
858,2021-10-04 06:10:24,531533,2.860361099243164
859,2021-10-04 07:10:05,531533,2.853053092956543
860,2021-10-04 07:10:24,531533,2.9321060180664062
861,2021-10-04 08:10:04,531533,2.8709380626678467
862,2021-10-04 10:10:14,531536,2.8276288509368896
863,2021-10-04 10:10:32,531536,2.8236122131347656
864,2021-10-04 10:10:23,531537,2.8546319007873535
865,2021-10-04 11:10:52,531537,2.8543570041656494
866,2021-10-05 01:10:37,531537,2.936378002166748
867,2021-10-05 02:10:11,531537,2.837178945541382
868,2021-10-05 03:10:54,531537,2.81188702583313
869,2021-10-05 05:10:22,531537,2.875633955001831
870,2021-10-05 07:10:25,531537,2.8330678939819336
871,2021-10-05 07:10:43,531537,2.9218900203704834
872,2021-10-05 07:10:55,531537,2.8446338176727295
873,2021-10-05 08:10:20,531537,2.8978140354156494
874,2021-10-05 07:10:01,531538,2.881680965423584
875,2021-10-05 01:10:45,531543,2.823996067047119
876,2021-10-05 01:10:53,531543,2.825239896774292
877,2021-10-05 10:10:45,531543,2.8203070163726807
878,2021-10-05 11:10:07,531543,2.887260913848877
879,2021-10-05 11:10:24,531543,2.8074140548706055
880,2021-10-05 12:10:00,531543,2.860008955001831
881,2021-10-05 12:10:16,531543,2.8604609966278076
882,2021-10-05 12:10:30,531543,2.8545191287994385
883,2021-10-05 12:10:54,531543,2.828207015991211
884,2021-10-05 01:10:57,531544,2.811600923538208
885,2021-10-05 02:10:15,531544,2.8446309566497803
886,2021-10-05 04:10:28,531546,2.830554962158203
887,2021-10-05 06:10:59,531546,2.8987221717834473
888,2021-10-05 06:10:31,531548,2.807286024093628
889,2021-10-05 08:10:49,531548,2.87471604347229
890,2021-10-05 06:10:35,531549,2.9887170791625977
891,2021-10-05 08:10:18,531553,2.780102014541626
892,2021-10-05 08:10:25,531553,2.834855079650879
893,2021-10-05 09:10:10,531553,2.8339428901672363
894,2021-10-05 08:10:01,531554,2.8476619720458984
895,2021-10-05 09:10:20,531554,2.906285047531128
896,2021-10-05 10:10:16,531554,2.789599895477295
897,2021-10-05 10:10:47,531554,2.842879056930542
898,2021-10-05 11:10:26,531555,2.936580181121826
899,2021-10-05 11:10:34,531555,2.853472948074341
900,2021-10-06 12:10:10,531555,2.88454008102417
901,2021-10-06 12:10:25,531555,2.8578789234161377
902,2021-10-06 05:10:34,531556,2.892380952835083
903,2021-10-06 06:10:18,531556,2.91760516166687
904,2021-10-06 06:10:22,531556,2.9161288738250732
905,2021-10-06 06:10:45,531556,2.881438970565796
906,2021-10-06 07:10:09,531556,2.8926799297332764
907,2021-10-06 07:10:18,531556,2.913252115249634
908,2021-10-06 07:10:33,531556,2.8689451217651367
909,2021-10-06 08:10:00,531556,2.89642596244812
910,2021-10-06 08:10:18,531556,2.9193360805511475
911,2021-10-06 08:10:23,531556,2.9362518787384033
912,2021-10-06 08:10:45,531556,2.8459300994873047
913,2021-10-06 08:10:53,531556,2.8768930435180664
914,2021-10-06 09:10:19,531556,2.898914098739624
915,2021-10-06 09:10:35,531556,2.884566068649292
916,2021-10-06 10:10:57,531556,2.8111190795898438
917,2021-10-06 12:10:19,531556,2.830000877380371
918,2021-10-06 11:10:25,531557,2.850032091140747
919,2021-10-06 12:10:46,531557,2.8695709705352783
920,2021-10-06 01:10:35,531558,2.8909778594970703
921,2021-10-06 01:10:58,531558,2.8379459381103516
922,2021-10-06 11:10:54,531558,2.891148090362549
923,2021-10-06 12:10:24,531558,2.8393280506134033
924,2021-10-06 02:10:56,531559,2.931380033493042
925,2021-10-06 12:10:27,531559,2.894963026046753
926,2021-10-06 01:10:58,531560,2.8758819103240967
927,2021-10-06 01:10:59,531560,2.9346611499786377
928,2021-10-06 02:10:08,531560,2.9227070808410645
929,2021-10-06 03:10:13,531560,2.935925006866455
930,2021-10-06 03:10:54,531560,2.8466689586639404
931,2021-10-06 03:10:57,531560,2.8711719512939453
932,2021-10-06 03:10:57,531562,2.8997249603271484
933,2021-10-06 04:10:00,531562,2.8278000354766846
934,2021-10-06 04:10:45,531562,2.826780080795288
935,2021-10-06 05:10:15,531562,2.8175690174102783
936,2021-10-06 03:10:07,531563,2.885913848876953
937,2021-10-06 05:10:10,531563,2.857067823410034
938,2021-10-06 05:10:54,531563,2.8184781074523926
939,2021-10-06 07:10:16,531566,2.8943278789520264
940,2021-10-06 09:10:27,531566,2.8690309524536133
941,2021-10-07 03:10:39,531570,2.851205825805664
942,2021-10-07 06:10:26,531574,2.871645927429199
943,2021-10-07 06:10:32,531574,2.883344888687134
944,2021-10-07 07:10:01,531574,2.864453077316284
945,2021-10-07 09:10:15,531575,2.9230029582977295
946,2021-10-07 10:10:12,531575,2.8481898307800293
947,2021-10-07 11:10:05,531575,2.8979249000549316
948,2021-10-07 11:10:27,531575,2.8974671363830566
949,2021-10-07 11:10:54,531575,2.898444890975952
950,2021-10-08 01:10:48,531575,2.8684840202331543
951,2021-10-08 01:10:49,531575,2.907545804977417
952,2021-10-08 12:10:00,531575,2.904242992401123
953,2021-10-08 12:10:09,531575,2.8794941902160645
954,2021-10-08 12:10:16,531575,2.8978428840637207
955,2021-10-07 11:10:13,531576,2.8764240741729736
956,2021-10-08 12:10:44,531576,2.938399076461792
957,2021-10-08 01:10:20,531577,2.916409969329834
958,2021-10-08 01:10:48,531577,2.998171091079712
959,2021-10-08 02:10:03,531577,2.8936588764190674
960,2021-10-08 02:10:09,531577,2.820648193359375
961,2021-10-08 02:10:53,531577,2.8682641983032227
962,2021-10-08 03:10:25,531577,2.9449121952056885
963,2021-10-08 03:10:30,531577,2.8767950534820557
964,2021-10-08 03:10:45,531577,2.931626081466675
965,2021-10-08 03:10:53,531577,2.890058994293213
966,2021-10-08 04:10:30,531577,2.8507161140441895
967,2021-10-08 05:10:07,531577,2.9519219398498535
968,2021-10-08 07:10:36,531577,2.957051992416382
969,2021-10-08 07:10:40,531577,2.944974899291992
970,2021-10-08 08:10:11,531577,2.90152907371521
971,2021-10-08 08:10:35,531577,2.8998680114746094
972,2021-10-08 09:10:27,531577,2.8903980255126953
973,2021-10-08 09:10:29,531577,2.845094919204712
974,2021-10-08 10:10:06,531577,2.8989009857177734
975,2021-10-08 10:10:55,531577,2.909058094024658
976,2021-10-08 11:10:46,531577,2.8746118545532227
977,2021-10-08 11:10:58,531577,2.9519500732421875
978,2021-10-08 12:10:14,531577,2.9064130783081055
979,2021-10-08 12:10:17,531577,2.9161829948425293
980,2021-10-08 12:10:18,531577,2.8743090629577637
981,2021-10-08 01:10:40,531578,2.880782127380371
982,2021-10-08 02:10:24,531578,2.8628649711608887
983,2021-10-08 02:10:51,531578,2.91825008392334
984,2021-10-08 02:10:58,531578,2.8880481719970703
985,2021-10-08 03:10:00,531578,2.912405014038086
986,2021-10-08 03:10:11,531578,2.8873260021209717
987,2021-10-08 03:10:11,531578,2.8701329231262207
988,2021-10-08 03:10:14,531578,2.9415860176086426
989,2021-10-08 04:10:10,531578,2.9632089138031006
990,2021-10-08 06:10:09,531578,2.902951955795288
991,2021-10-08 06:10:39,531578,2.860931158065796
992,2021-10-08 07:10:39,531578,2.7963569164276123
993,2021-10-08 08:10:10,531578,2.9537100791931152
994,2021-10-08 08:10:18,531578,2.9556732177734375
995,2021-10-08 08:10:27,531578,2.918519973754883
996,2021-10-08 09:10:19,531578,2.8602819442749023
997,2021-10-08 09:10:41,531578,2.8831400871276855
998,2021-10-08 10:10:12,531578,2.948060989379883
999,2021-10-08 12:10:05,531578,2.8524608612060547
1000,2021-10-09 02:10:22,531578,2.893641948699951
1001,2021-10-09 02:10:25,531578,2.8614590167999268
1002,2021-10-09 02:10:59,531578,2.9375200271606445
1003,2021-10-09 05:10:30,531578,2.8838181495666504
1004,2021-10-09 05:10:38,531578,2.9138808250427246
1005,2021-10-09 01:10:42,531579,2.8485260009765625
1006,2021-10-09 03:10:17,531579,2.860887050628662
1007,2021-10-09 03:10:40,531579,2.8302719593048096
1008,2021-10-09 06:10:01,531579,2.858963966369629
1009,2021-10-09 06:10:32,531579,2.777448892593384
1010,2021-10-09 11:10:46,531579,2.855386972427368
1011,2021-10-09 09:10:12,531582,2.8041179180145264
1012,2021-10-09 11:10:51,531582,2.9015040397644043
1013,2021-10-10 01:10:07,531582,2.842942953109741
1014,2021-10-10 07:10:00,531582,2.872361183166504
1015,2021-10-10 09:10:02,531582,2.9155049324035645
1016,2021-10-10 12:10:01,531582,2.847782850265503
1017,2021-10-10 11:10:15,531584,2.8591458797454834
1018,2021-10-11 02:10:10,531584,2.8119940757751465
1019,2021-10-11 06:10:26,531584,2.8244879245758057
1020,2021-10-11 12:10:05,531584,2.8752119541168213
1021,2021-10-11 01:10:09,531585,2.7929928302764893
1022,2021-10-11 01:10:39,531585,2.842413902282715
1023,2021-10-11 10:10:36,531585,2.8473830223083496
1024,2021-10-11 12:10:26,531585,2.9483399391174316
1025,2021-10-11 10:10:54,531587,2.8934361934661865
1026,2021-10-11 11:10:46,531587,2.7952969074249268
1027,2021-10-12 05:10:08,531587,2.843364953994751
1028,2021-10-12 07:10:45,531587,2.895714044570923
1029,2021-10-13 06:10:04,531587,3.050416946411133
1030,2021-10-13 06:10:17,531587,2.853205919265747
1031,2021-10-13 06:10:39,531587,2.894796848297119
1032,2021-10-13 06:10:51,531587,2.864434003829956
1033,2021-10-13 12:10:09,531587,2.8863930702209473
1034,2021-10-14 04:10:35,531587,2.798452854156494
1035,2021-10-14 05:10:15,531587,2.85204815864563
1036,2021-10-14 05:10:56,531587,2.8639819622039795
1037,2021-10-12 12:10:26,531592,2.811612129211426
1038,2021-10-13 02:10:16,531592,2.7790138721466064
1039,2021-10-13 08:10:29,531592,2.812940835952759
1040,2021-10-14 06:10:21,531592,2.8437399864196777
1041,2021-10-13 01:10:57,531593,2.805072069168091
1042,2021-10-13 02:10:07,531593,2.7934792041778564
1043,2021-10-13 04:10:44,531593,2.958266019821167
1044,2021-10-13 11:10:49,531593,2.8540799617767334
1045,2021-10-13 12:10:58,531593,2.8770930767059326
1046,2021-10-13 05:10:58,531595,2.837130069732666
1047,2021-10-14 06:10:08,531595,2.9122860431671143
1048,2021-10-14 07:10:46,531595,2.8329551219940186
1049,2021-10-14 08:10:07,531595,2.8569822311401367
1050,2021-10-14 07:10:50,531596,2.8679580688476562
1051,2021-10-14 10:10:24,531596,2.846410036087036
1052,2021-10-14 09:10:26,531598,2.8327300548553467
1053,2021-10-14 09:10:38,531598,2.8696091175079346
1054,2021-10-14 10:10:17,531598,2.8514411449432373
1055,2021-10-14 10:10:21,531598,2.8047831058502197
1056,2021-10-14 11:10:52,531598,2.884330987930298
1057,2021-10-15 12:10:55,531598,2.8153820037841797
1058,2021-10-13 09:10:00,531599,2.8199551105499268
1059,2021-10-14 11:10:41,531599,2.825904130935669
1060,2021-10-14 11:10:51,531599,2.8848609924316406
1061,2021-10-15 02:10:43,531599,2.836030960083008
1062,2021-10-15 02:10:59,531599,2.865877866744995
1063,2021-10-15 03:10:05,531599,2.869455099105835
1064,2021-10-15 03:10:11,531599,2.8599350452423096
1065,2021-10-14 04:10:26,531600,2.8203508853912354
1066,2021-10-14 06:10:22,531600,2.8501529693603516
1067,2021-10-15 01:10:20,531600,2.8771820068359375
1068,2021-10-15 01:10:21,531600,2.8560590744018555
1069,2021-10-15 02:10:28,531600,2.8566291332244873
1070,2021-10-15 02:10:38,531600,2.877324104309082
1071,2021-10-15 02:10:49,531600,2.779618978500366
1072,2021-10-15 03:10:36,531600,2.828483819961548
1073,2021-10-15 03:10:46,531600,2.8832039833068848
1074,2021-10-15 03:10:59,531600,2.7809150218963623
1075,2021-10-15 04:10:07,531600,2.911252975463867
1076,2021-10-15 04:10:55,531600,2.864767074584961
1077,2021-10-15 12:10:00,531600,2.808915138244629
1078,2021-10-15 12:10:42,531600,2.8518130779266357
1079,2021-10-14 08:10:54,531602,2.7953009605407715
1080,2021-10-15 01:10:08,531602,2.903963088989258
1081,2021-10-15 01:10:09,531602,2.860689878463745
1082,2021-10-15 01:10:56,531602,2.835886001586914
1083,2021-10-15 02:10:24,531602,2.8557698726654053
1084,2021-10-15 02:10:42,531602,2.869673013687134
1085,2021-10-15 03:10:06,531602,2.8317160606384277
1086,2021-10-15 03:10:19,531602,2.7667901515960693
1087,2021-10-15 03:10:33,531602,2.8931760787963867
1088,2021-10-15 04:10:02,531602,2.8564400672912598
1089,2021-10-15 04:10:04,531602,2.866994857788086
1090,2021-10-15 04:10:11,531602,2.8373308181762695
1091,2021-10-15 04:10:13,531602,2.849289894104004
1092,2021-10-15 04:10:16,531602,2.849321126937866
1093,2021-10-15 04:10:19,531602,2.9207780361175537
1094,2021-10-15 04:10:25,531602,2.8595900535583496
1095,2021-10-15 04:10:41,531602,2.7879278659820557
1096,2021-10-15 04:10:43,531602,2.864276885986328
1097,2021-10-15 05:10:06,531602,2.8119380474090576
1098,2021-10-15 05:10:14,531602,2.8741209506988525
1099,2021-10-15 05:10:26,531602,2.848050117492676
1100,2021-10-15 05:10:34,531602,2.8517961502075195
1101,2021-10-15 05:10:51,531602,2.907195806503296
1102,2021-10-15 05:10:53,531602,2.7239410877227783
1103,2021-10-15 06:10:05,531602,2.875256061553955
1104,2021-10-15 06:10:11,531602,2.8556621074676514
1105,2021-10-15 06:10:27,531602,2.856048107147217
1106,2021-10-15 06:10:31,531602,2.8856499195098877
1107,2021-10-15 06:10:32,531602,2.8025660514831543
1108,2021-10-15 01:10:02,531603,2.730742931365967
1109,2021-10-15 01:10:20,531603,2.846419095993042
1110,2021-10-15 01:10:30,531603,2.8478598594665527
1111,2021-10-15 01:10:58,531603,2.8734090328216553
1112,2021-10-15 05:10:37,531603,2.820909023284912
1113,2021-10-15 06:10:10,531603,2.8831779956817627
1114,2021-10-15 06:10:33,531603,2.8714609146118164
1115,2021-10-15 07:10:05,531603,2.883096933364868
1116,2021-10-15 07:10:07,531603,2.865036964416504
1117,2021-10-15 07:10:57,531603,2.863204002380371
1118,2021-10-15 08:10:17,531603,2.850682020187378
1119,2021-10-15 08:10:18,531603,2.834882974624634
1120,2021-10-15 06:10:56,531604,2.8900139331817627
1121,2021-10-15 07:10:27,531604,2.861945867538452
1122,2021-10-15 08:10:49,531604,2.818618059158325
1123,2021-10-14 05:10:32,531605,2.8702011108398438
1124,2021-10-14 08:10:28,531605,2.860603094100952
1125,2021-10-15 07:10:55,531605,2.8649001121520996
1126,2021-10-15 08:10:47,531605,2.8958919048309326
1127,2021-10-15 12:10:24,531605,2.9077160358428955
1128,2021-10-15 12:10:58,531605,2.838836908340454
1129,2021-10-14 03:10:29,531606,2.8293309211730957
1130,2021-10-14 05:10:59,531606,2.8539040088653564
1131,2021-10-14 07:10:19,531606,2.8867909908294678
1132,2021-10-14 07:10:36,531606,2.89717698097229
1133,2021-10-15 07:10:19,531606,2.8487069606781006
1134,2021-10-15 08:10:55,531606,2.851033926010132
1135,2021-10-15 08:10:18,531607,2.9216790199279785
1136,2021-10-15 08:10:39,531607,2.8593220710754395
1137,2021-10-15 08:10:41,531607,2.8618249893188477
1138,2021-10-15 09:10:10,531607,2.918471097946167
1139,2021-10-15 10:10:04,531607,2.854059934616089
1140,2021-10-15 12:10:34,531607,2.888896942138672
1141,2021-10-14 06:10:42,531608,2.869412899017334
1142,2021-10-14 08:10:19,531608,2.8311219215393066
1143,2021-10-15 10:10:04,531608,2.8702449798583984
1144,2021-10-15 10:10:57,531608,2.8224408626556396
1145,2021-10-15 12:10:30,531608,2.8798840045928955
1146,2021-10-15 01:10:53,531610,2.7805798053741455
1147,2021-10-15 03:10:38,531610,2.8822340965270996
1148,2021-10-15 02:10:27,531612,2.899837017059326
1149,2021-10-15 02:10:39,531612,2.867806911468506
1150,2021-10-15 02:10:56,531612,2.802522897720337
1151,2021-10-15 02:10:56,531612,2.8334460258483887
1152,2021-10-15 03:10:30,531612,2.813965082168579
1153,2021-10-15 03:10:34,531612,2.8533270359039307
1154,2021-10-15 04:10:14,531612,2.949636936187744
1155,2021-10-15 04:10:17,531612,2.815479040145874
1156,2021-10-15 04:10:58,531612,2.87021803855896
1157,2021-10-15 02:10:25,531614,2.847273111343384
1158,2021-10-15 04:10:29,531614,2.862182140350342
1159,2021-10-15 04:10:20,531615,2.8777260780334473
1160,2021-10-15 05:10:08,531615,2.9515340328216553
1161,2021-10-15 05:10:34,531615,2.8204681873321533
1162,2021-10-15 05:10:55,531615,2.8631510734558105
1163,2021-10-16 01:10:16,531615,2.900151014328003
1164,2021-10-16 01:10:55,531615,2.796869993209839
1165,2021-10-16 02:10:05,531617,2.909855842590332
1166,2021-10-16 02:10:14,531617,2.7619810104370117
1167,2021-10-16 03:10:47,531617,2.825019121170044
1168,2021-10-16 04:10:32,531617,2.824708938598633
1169,2021-10-15 10:10:26,531618,2.907364845275879
1170,2021-10-16 04:10:01,531618,2.793942928314209
1171,2021-10-15 10:10:00,531620,2.740813970565796
1172,2021-10-16 05:10:17,531620,2.8150980472564697
1173,2021-10-16 05:10:31,531620,2.870656967163086
1174,2021-10-16 08:10:09,531620,2.80753493309021
1175,2021-10-16 11:10:06,531620,2.8191559314727783
1176,2021-10-16 11:10:22,531620,2.9699509143829346
1177,2021-10-16 11:10:25,531620,2.8401339054107666
1178,2021-10-16 11:10:26,531620,2.831382989883423
1179,2021-10-16 11:10:34,531620,2.8653111457824707
1180,2021-10-16 12:10:27,531620,2.8576419353485107
1181,2021-10-16 12:10:31,531620,2.818526029586792
1182,2021-10-16 12:10:47,531620,2.801790952682495
1183,2021-10-16 01:10:45,531621,2.8685238361358643
1184,2021-10-16 05:10:32,531621,2.8775558471679688
1185,2021-10-16 01:10:22,531622,2.7929069995880127
1186,2021-10-16 01:10:32,531622,2.8260369300842285
1187,2021-10-16 02:10:37,531622,2.8375959396362305
1188,2021-10-16 02:10:51,531622,2.867443799972534
1189,2021-10-16 06:10:36,531622,2.8111090660095215
1190,2021-10-16 06:10:49,531622,2.771620988845825
1191,2021-10-16 12:10:58,531622,2.8549649715423584
1192,2021-10-16 01:10:36,531623,2.8450400829315186
1193,2021-10-16 01:10:57,531623,2.8172810077667236
1194,2021-10-16 03:10:56,531623,2.858942985534668
1195,2021-10-16 05:10:57,531623,2.7991578578948975
1196,2021-10-16 11:10:30,531623,2.819492816925049
1197,2021-10-16 11:10:39,531623,2.8940389156341553
1198,2021-10-17 05:10:34,531623,2.8372280597686768
1199,2021-10-17 07:10:33,531623,2.8113739490509033
1200,2021-10-17 07:10:39,531623,2.8384411334991455
1201,2021-10-18 04:10:08,531625,2.7953269481658936
1202,2021-10-18 06:10:43,531625,2.8233978748321533
1203,2021-10-18 06:10:55,531625,2.8242990970611572
1204,2021-10-18 07:10:07,531625,2.835569143295288
1205,2021-10-18 07:10:17,531625,2.9714949131011963
1206,2021-10-18 07:10:25,531625,2.9537389278411865
1207,2021-10-18 08:10:32,531625,2.859365940093994
1208,2021-10-18 08:10:49,531625,2.8227570056915283
1209,2021-10-18 08:10:43,531626,2.833458185195923
1210,2021-10-18 08:10:55,531626,2.8371992111206055
1211,2021-10-18 08:10:56,531626,2.842813014984131
1212,2021-10-18 09:10:07,531626,2.8697469234466553
1213,2021-10-18 08:10:54,531627,2.856605052947998
1214,2021-10-18 09:10:07,531627,2.822625160217285
1215,2021-10-18 10:10:08,531627,2.837531089782715
1216,2021-10-18 01:10:31,531628,2.9040119647979736
1217,2021-10-18 02:10:39,531628,2.859861135482788
1218,2021-10-18 03:10:21,531628,2.815924882888794
1219,2021-10-18 11:10:32,531628,2.847597122192383
1220,2021-10-18 12:10:53,531628,2.836704969406128
1221,2021-10-18 04:10:00,531629,2.947421073913574
1222,2021-10-18 04:10:24,531629,2.802457809448242
1223,2021-10-18 06:10:20,531629,2.9193789958953857
1224,2021-10-18 07:10:47,531631,2.867495059967041
1225,2021-10-18 09:10:31,531631,2.798383951187134
1226,2021-10-18 09:10:04,531634,2.734287977218628
1227,2021-10-18 09:10:48,531634,2.880147933959961
1228,2021-10-18 09:10:56,531635,2.9057388305664062
1229,2021-10-18 11:10:38,531635,2.8975448608398438
1230,2021-10-19 01:10:26,531637,2.9305248260498047
1231,2021-10-19 02:10:25,531637,2.892925977706909
1232,2021-10-19 02:10:29,531637,2.9149179458618164
1233,2021-10-19 02:10:51,531637,2.9479501247406006
1234,2021-10-19 03:10:25,531637,2.7733941078186035
1235,2021-10-19 03:10:32,531637,2.8787310123443604
1236,2021-10-19 12:10:46,531637,2.871558904647827
1237,2021-10-19 12:10:57,531637,2.859297037124634
1238,2021-10-19 04:10:56,531641,2.8528339862823486
1239,2021-10-19 05:10:11,531641,2.8371081352233887
1240,2021-10-19 05:10:17,531642,2.8770508766174316
1241,2021-10-19 05:10:52,531642,2.858020067214966
1242,2021-10-19 06:10:28,531642,2.905855178833008
1243,2021-10-19 06:10:57,531642,2.7313060760498047
1244,2021-10-19 07:10:20,531642,2.8446969985961914
1245,2021-10-19 07:10:59,531642,2.8715319633483887
1246,2021-10-19 06:10:50,531643,2.8711440563201904
1247,2021-10-19 07:10:53,531643,2.905590057373047
1248,2021-10-19 06:10:12,531644,2.8199141025543213
1249,2021-10-19 06:10:12,531644,2.8716320991516113
1250,2021-10-19 06:10:54,531644,2.8862619400024414
1251,2021-10-19 07:10:48,531644,2.829710006713867
1252,2021-10-19 07:10:56,531644,2.888291835784912
1253,2021-10-19 08:10:19,531644,2.7400670051574707
1254,2021-10-19 08:10:20,531644,2.8588199615478516
1255,2021-10-19 08:10:55,531644,2.815580129623413
1256,2021-10-19 06:10:45,531645,2.804579019546509
1257,2021-10-19 07:10:45,531645,2.8288259506225586
1258,2021-10-19 09:10:38,531645,2.881117105484009
1259,2021-10-19 10:10:48,531648,2.811647891998291
1260,2021-10-19 12:10:52,531648,2.790168046951294
1261,2021-10-19 11:10:34,531649,2.846863031387329
1262,2021-10-19 11:10:36,531649,2.880722999572754
1263,2021-10-19 12:10:50,531649,2.854933023452759
1264,2021-10-19 01:10:46,531650,2.7905421257019043
1265,2021-10-19 11:10:08,531650,2.835196018218994
1266,2021-10-19 01:10:21,531651,2.831434965133667
1267,2021-10-19 02:10:04,531651,2.865914821624756
1268,2021-10-19 02:10:46,531651,2.7668020725250244
1269,2021-10-19 02:10:50,531651,2.8672049045562744
1270,2021-10-19 03:10:00,531651,2.8487579822540283
1271,2021-10-19 03:10:10,531651,2.7827200889587402
1272,2021-10-19 03:10:27,531651,2.8785078525543213
1273,2021-10-19 12:10:21,531651,2.886147975921631
1274,2021-10-19 03:10:38,531652,2.895833969116211
1275,2021-10-19 04:10:22,531652,2.8689401149749756
1276,2021-10-19 03:10:45,531653,2.8594329357147217
1277,2021-10-19 04:10:01,531653,2.849794864654541
1278,2021-10-19 04:10:08,531653,2.8707239627838135
1279,2021-10-19 05:10:17,531653,2.8178658485412598
1280,2021-10-19 04:10:21,531654,2.855595827102661
1281,2021-10-19 04:10:55,531654,2.8760159015655518
1282,2021-10-19 05:10:52,531656,2.7988150119781494
1283,2021-10-19 06:10:09,531656,2.834210157394409
1284,2021-10-19 06:10:18,531656,2.850796937942505
1285,2021-10-19 06:10:37,531656,2.8408429622650146
1286,2021-10-19 07:10:35,531656,2.853760004043579
1287,2021-10-19 07:10:16,531657,2.796924114227295
1288,2021-10-19 10:10:25,531657,2.81528902053833
1289,2021-10-19 08:10:14,531658,2.8193089962005615
1290,2021-10-19 08:10:22,531659,2.777229070663452
1291,2021-10-19 11:10:25,531659,2.909585952758789
1292,2021-10-19 11:10:24,531660,2.840473175048828
1293,2021-10-19 11:10:57,531660,2.8361520767211914
1294,2021-10-20 01:10:02,531660,2.8627371788024902
1295,2021-10-20 02:10:27,531660,2.84464693069458
1296,2021-10-20 02:10:32,531660,2.842092990875244
1297,2021-10-20 01:10:12,531665,2.8208200931549072
1298,2021-10-20 02:10:04,531665,2.8682150840759277
1299,2021-10-20 02:10:24,531665,2.8654308319091797
1300,2021-10-20 05:10:19,531665,2.8287410736083984
1301,2021-10-20 06:10:00,531665,2.859780788421631
1302,2021-10-20 06:10:38,531665,2.8716869354248047
1303,2021-10-20 06:10:50,531665,2.817951202392578
1304,2021-10-20 06:10:58,531665,2.8350942134857178
1305,2021-10-20 07:10:28,531665,2.822195053100586
1306,2021-10-20 07:10:40,531665,2.8298771381378174
1307,2021-10-20 07:10:58,531665,2.8346989154815674
1308,2021-10-20 12:10:45,531665,2.8129279613494873
1309,2021-10-20 07:10:20,531666,2.83829402923584
1310,2021-10-20 08:10:00,531666,2.8887219429016113
1311,2021-10-20 10:10:18,531669,2.8892171382904053
1312,2021-10-20 11:10:36,531669,2.8648130893707275
1313,2021-10-20 01:10:05,531670,2.8418989181518555
1314,2021-10-20 02:10:25,531670,2.8331878185272217
1315,2021-10-20 12:10:57,531670,2.8692190647125244
1316,2021-10-20 02:10:04,531671,2.8801560401916504
1317,2021-10-20 03:10:25,531671,2.8490090370178223
1318,2021-10-20 03:10:36,531672,2.879181146621704
1319,2021-10-20 04:10:25,531672,2.8931870460510254
1320,2021-10-20 04:10:27,531672,2.860569953918457
1321,2021-10-20 05:10:04,531672,2.818495035171509
1322,2021-10-20 05:10:08,531672,2.8847570419311523
1323,2021-10-20 05:10:39,531672,2.8825879096984863
1324,2021-10-20 05:10:02,531674,2.8933029174804688
1325,2021-10-20 06:10:21,531674,2.917501926422119
1326,2021-10-20 07:10:06,531678,2.953514814376831
1327,2021-10-20 08:10:15,531679,2.84576416015625
1328,2021-10-20 09:10:21,531679,2.87241792678833
1329,2021-10-20 08:10:34,531680,2.889971971511841
1330,2021-10-20 09:10:27,531680,2.9013280868530273
1331,2021-10-20 10:10:01,531680,2.9191300868988037
1332,2021-10-20 10:10:17,531680,2.8836660385131836
1333,2021-10-20 10:10:46,531683,2.8062021732330322
1334,2021-10-20 11:10:17,531683,2.840466022491455
1335,2021-10-20 11:10:32,531685,2.8082940578460693
1336,2021-10-21 12:10:14,531685,2.8661630153656006
1337,2021-10-21 01:10:59,531686,2.922258138656616
1338,2021-10-21 12:10:48,531686,2.8785970211029053
1339,2021-10-21 05:10:05,531688,2.909821033477783
1340,2021-10-21 07:10:08,531688,2.8568408489227295
1341,2021-10-21 07:10:34,531688,2.9398200511932373
1342,2021-10-21 07:10:47,531688,2.9352989196777344
1343,2021-10-21 02:10:49,531690,2.9002890586853027
1344,2021-10-21 04:10:35,531690,2.8762240409851074
1345,2021-10-21 04:10:46,531690,2.8376200199127197
1346,2021-10-21 08:10:01,531690,2.921067953109741
1347,2021-10-21 09:10:41,531690,2.8839499950408936
1348,2021-10-21 10:10:11,531690,2.904813051223755
1349,2021-10-21 10:10:59,531690,2.8636770248413086
1350,2021-10-21 12:10:28,531690,2.9052939414978027
1351,2021-10-21 02:10:33,531691,2.91265606880188
1352,2021-10-21 03:10:04,531691,2.881214141845703
1353,2021-10-21 03:10:24,531691,2.8558270931243896
1354,2021-10-21 04:10:07,531691,2.903020143508911
1355,2021-10-21 04:10:53,531691,2.9253110885620117
1356,2021-10-21 05:10:28,531691,2.9344730377197266
1357,2021-10-21 05:10:44,531691,2.835642099380493
1358,2021-10-21 06:10:46,531691,2.9178550243377686
1359,2021-10-21 04:10:53,531692,2.847470998764038
1360,2021-10-21 05:10:33,531692,2.8183960914611816
1361,2021-10-21 06:10:29,531692,2.8783750534057617
1362,2021-10-21 07:10:37,531695,2.881348133087158
1363,2021-10-21 08:10:13,531695,2.944084882736206
1364,2021-10-22 12:10:07,531695,2.896099805831909
1365,2021-10-21 11:10:30,531698,2.8429977893829346
1366,2021-10-21 11:10:34,531698,2.880467176437378
1367,2021-10-21 11:10:53,531698,2.9186370372772217
1368,2021-10-22 01:10:25,531698,2.8639678955078125
1369,2021-10-22 12:10:34,531698,2.8616321086883545
1370,2021-10-22 02:10:06,531700,2.9364471435546875
1371,2021-10-22 02:10:08,531700,2.891324996948242
1372,2021-10-22 02:10:24,531700,2.8660759925842285
1373,2021-10-22 05:10:22,531700,2.920011043548584
1374,2021-10-22 05:10:52,531700,2.8787319660186768
1375,2021-10-22 06:10:41,531700,2.9916908740997314
1376,2021-10-22 07:10:06,531700,2.8600211143493652
1377,2021-10-22 07:10:48,531700,2.860219955444336
1378,2021-10-22 06:10:07,531701,2.7716870307922363
1379,2021-10-22 06:10:58,531701,2.8780009746551514
1380,2021-10-22 08:10:26,531701,2.8915929794311523
1381,2021-10-22 08:10:28,531703,2.9220290184020996
1382,2021-10-22 01:10:58,531707,2.9254510402679443
1383,2021-10-22 10:10:42,531707,2.8891799449920654
1384,2021-10-22 11:10:13,531707,2.888256072998047
1385,2021-10-22 11:10:24,531707,2.891880989074707
1386,2021-10-22 11:10:38,531707,2.9129860401153564
1387,2021-10-22 12:10:20,531707,2.8651139736175537
1388,2021-10-22 12:10:46,531707,2.935586929321289
1389,2021-10-22 12:10:56,531707,2.8937859535217285
1390,2021-10-22 01:10:07,531708,2.8580100536346436
1391,2021-10-22 01:10:22,531708,2.962661027908325
1392,2021-10-22 02:10:56,531708,2.907180070877075
1393,2021-10-22 01:10:36,531709,2.891308069229126
1394,2021-10-22 02:10:11,531710,2.905972957611084
1395,2021-10-22 03:10:03,531710,2.846574068069458
1396,2021-10-22 03:10:09,531712,2.8518810272216797
1397,2021-10-22 05:10:10,531712,2.9157638549804688
1398,2021-10-22 04:10:50,531713,2.8445541858673096
1399,2021-10-22 06:10:48,531713,2.9196560382843018
1400,2021-10-22 05:10:59,531715,2.887573003768921
1401,2021-10-22 06:10:08,531715,2.864551067352295
1402,2021-10-22 07:10:13,531715,2.9359500408172607
1403,2021-10-22 07:10:56,531715,2.9262421131134033
1404,2021-10-22 07:10:03,531717,2.8648087978363037
1405,2021-10-22 09:10:13,531717,2.9096269607543945
1406,2021-10-22 09:10:23,531718,2.9007999897003174
1407,2021-10-22 09:10:59,531718,2.882176160812378
1408,2021-10-22 10:10:27,531718,2.9431378841400146
1409,2021-10-22 11:10:28,531718,2.7753288745880127
1410,2021-10-22 11:10:54,531718,2.875157117843628
1411,2021-10-22 11:10:25,531721,2.838048219680786
1412,2021-10-23 01:10:10,531721,2.8105320930480957
1413,2021-10-23 01:10:19,531721,2.8184540271759033
1414,2021-10-23 01:10:38,531721,2.8568408489227295
1415,2021-10-23 01:10:41,531721,2.793520927429199
1416,2021-10-23 01:10:41,531721,2.8822689056396484
1417,2021-10-23 01:10:42,531721,2.905222177505493
1418,2021-10-23 02:10:03,531721,2.90702486038208
1419,2021-10-23 02:10:10,531721,2.8591208457946777
1420,2021-10-23 02:10:10,531721,2.7743098735809326
1421,2021-10-23 03:10:34,531721,2.898344039916992
1422,2021-10-23 12:10:04,531721,2.868928909301758
1423,2021-10-23 12:10:43,531721,2.8523221015930176
1424,2021-10-24 01:10:17,531721,2.8602280616760254
1425,2021-10-24 12:10:09,531721,2.8254141807556152
1426,2021-10-25 10:10:10,531721,2.8273768424987793
1427,2021-10-25 10:10:22,531721,2.8279900550842285
1428,2021-10-25 10:10:43,531721,2.830955982208252
1429,2021-10-25 11:10:42,531721,2.8433868885040283
1430,2021-10-25 11:10:59,531721,2.8271238803863525
1431,2021-10-25 12:10:03,531721,2.848151922225952
1432,2021-10-25 01:10:04,531723,2.825387954711914
1433,2021-10-25 01:10:14,531723,2.88810396194458
1434,2021-10-25 01:10:29,531723,2.858361005783081
1435,2021-10-25 01:10:45,531723,2.843512773513794
1436,2021-10-25 01:10:46,531723,2.880647897720337
1437,2021-10-25 02:10:32,531723,2.8460938930511475
1438,2021-10-25 03:10:02,531723,2.86169695854187
1439,2021-10-25 03:10:38,531723,2.859772205352783
1440,2021-10-25 06:10:30,531723,2.820842981338501
1441,2021-10-25 12:10:12,531723,2.9388439655303955
1442,2021-10-25 12:10:54,531723,2.8704030513763428
1443,2021-10-25 04:10:33,531724,2.8560049533843994
1444,2021-10-25 08:10:58,531724,2.8619930744171143
1445,2021-10-25 04:10:32,531725,2.8111088275909424
1446,2021-10-25 04:10:54,531725,2.8033790588378906
1447,2021-10-25 08:10:06,531725,2.8565587997436523
1448,2021-10-25 06:10:55,531727,2.8700649738311768
1449,2021-10-25 09:10:13,531727,2.8867671489715576
1450,2021-10-25 11:10:51,531729,2.8769431114196777
1451,2021-10-26 12:10:19,531729,2.8567988872528076
1452,2021-10-26 01:10:18,531731,2.830594062805176
1453,2021-10-26 01:10:45,531731,2.8358099460601807
1454,2021-10-26 02:10:23,531731,2.8812670707702637
1455,2021-10-26 12:10:16,531731,2.8537039756774902
1456,2021-10-26 01:10:56,531732,2.850722074508667
1457,2021-10-26 02:10:45,531732,2.893605947494507
1458,2021-10-26 02:10:52,531732,2.8511781692504883
1459,2021-10-26 12:10:12,531732,2.8204009532928467
1460,2021-10-26 01:10:53,531733,2.903228998184204
1461,2021-10-26 03:10:41,531733,2.7877700328826904
1462,2021-10-26 03:10:12,531734,2.8703360557556152
1463,2021-10-26 05:10:10,531734,2.8222639560699463
1464,2021-10-26 07:10:19,531736,2.848820924758911
1465,2021-10-26 07:10:36,531736,2.8445210456848145
1466,2021-10-26 07:10:55,531736,2.8698811531066895
1467,2021-10-26 09:10:07,531736,2.9541680812835693
1468,2021-10-26 11:10:33,531741,2.9760608673095703
1469,2021-10-26 12:10:41,531741,2.8025248050689697
1470,2021-10-26 01:10:02,531742,2.8599021434783936
1471,2021-10-26 01:10:27,531742,2.8877029418945312
1472,2021-10-26 01:10:41,531742,2.863156795501709
1473,2021-10-26 02:10:14,531742,2.8154070377349854
1474,2021-10-26 12:10:56,531742,2.8452000617980957
1475,2021-10-26 01:10:50,531743,2.8612170219421387
1476,2021-10-26 01:10:42,531744,2.886047124862671
1477,2021-10-26 02:10:30,531744,2.8185229301452637
1478,2021-10-26 03:10:01,531744,2.8561160564422607
1479,2021-10-26 03:10:10,531744,2.9278509616851807
1480,2021-10-26 03:10:17,531744,2.919508218765259
1481,2021-10-26 03:10:45,531744,2.863947868347168
1482,2021-10-26 02:10:02,531745,2.8873469829559326
1483,2021-10-26 04:10:56,531747,2.937469005584717
1484,2021-10-26 05:10:29,531747,2.8845460414886475
1485,2021-10-26 05:10:46,531747,2.9010939598083496
1486,2021-10-26 06:10:18,531747,2.839258909225464
1487,2021-10-26 07:10:12,531747,2.9306931495666504
1488,2021-10-26 07:10:19,531747,2.864521026611328
1489,2021-10-26 05:10:00,531748,2.8883278369903564
1490,2021-10-26 05:10:14,531748,2.9008169174194336
1491,2021-10-26 06:10:02,531749,2.9325129985809326
1492,2021-10-26 06:10:12,531749,2.90260910987854
1493,2021-10-26 06:10:15,531749,2.903691053390503
1494,2021-10-26 07:10:02,531749,2.867990016937256
1495,2021-10-26 08:10:01,531749,2.921517848968506
1496,2021-10-26 09:10:05,531749,2.888343095779419
1497,2021-10-26 09:10:59,531749,2.853616952896118
1498,2021-10-26 09:10:14,531752,2.9101009368896484
1499,2021-10-26 10:10:49,531752,2.897876024246216
1500,2021-10-26 09:10:54,531754,2.9066338539123535
1501,2021-10-26 11:10:50,531754,2.892338991165161
1502,2021-10-26 10:10:27,531755,2.897402048110962
1503,2021-10-26 11:10:56,531755,2.947736978530884
1504,2021-10-27 12:10:05,531755,2.818295955657959
1505,2021-10-27 12:10:20,531755,2.8770339488983154
1506,2021-10-27 01:10:14,531757,2.889794111251831
1507,2021-10-27 01:10:20,531757,2.890626907348633
1508,2021-10-27 01:10:22,531757,2.9158530235290527
1509,2021-10-27 01:10:36,531757,2.863579034805298
1510,2021-10-27 02:10:02,531757,2.874427080154419
1511,2021-10-27 02:10:04,531757,2.922956943511963
1512,2021-10-27 02:10:45,531757,2.9027581214904785
1513,2021-10-27 02:10:55,531757,2.9091989994049072
1514,2021-10-27 03:10:12,531757,2.9148950576782227
1515,2021-10-27 03:10:16,531757,2.871915102005005
1516,2021-10-27 03:10:46,531757,2.8250558376312256
1517,2021-10-27 04:10:03,531757,2.8753631114959717
1518,2021-10-27 04:10:10,531757,2.968520164489746
1519,2021-10-27 04:10:29,531757,2.894926071166992
1520,2021-10-27 04:10:34,531757,2.900048017501831
1521,2021-10-27 06:10:00,531757,2.875016927719116
1522,2021-10-27 06:10:54,531757,2.7885029315948486
1523,2021-10-27 07:10:05,531757,2.8961501121520996
1524,2021-10-27 07:10:46,531757,2.9183449745178223
1525,2021-10-27 07:10:58,531757,2.8993780612945557
1526,2021-10-27 08:10:18,531757,2.94956111907959
1527,2021-10-27 08:10:25,531757,2.8114819526672363
1528,2021-10-27 08:10:57,531757,2.8786230087280273
1529,2021-10-27 08:10:57,531757,2.8666038513183594
1530,2021-10-27 09:10:03,531757,3.0591788291931152
1531,2021-10-27 09:10:12,531757,2.842499017715454
1532,2021-10-27 10:10:54,531757,2.871098041534424
1533,2021-10-27 11:10:22,531757,2.920896053314209
1534,2021-10-27 11:10:29,531757,2.9246151447296143
1535,2021-10-27 12:10:14,531757,2.9268829822540283
1536,2021-10-27 12:10:27,531757,2.9037511348724365
1537,2021-10-27 04:10:00,531759,2.9186458587646484
1538,2021-10-27 04:10:27,531759,2.854282855987549
1539,2021-10-27 06:10:36,531759,2.899445056915283
1540,2021-10-27 07:10:25,531759,2.9394609928131104
1541,2021-10-27 04:10:10,531760,2.8463730812072754
1542,2021-10-27 09:10:28,531760,2.8853681087493896
1543,2021-10-27 07:10:14,531762,2.8638410568237305
1544,2021-10-27 10:10:03,531763,2.8781490325927734
1545,2021-10-28 01:10:21,531763,2.8828210830688477
1546,2021-10-28 01:10:34,531763,2.9458119869232178
1547,2021-10-28 12:10:33,531763,2.907136917114258
1548,2021-10-28 02:10:47,531765,2.880617141723633
1549,2021-10-28 03:10:22,531765,2.862614154815674
1550,2021-10-28 03:10:44,531765,2.923305034637451
1551,2021-10-28 03:10:58,531765,2.9156877994537354
1552,2021-10-28 04:10:03,531765,2.8399410247802734
1553,2021-10-28 04:10:09,531765,2.8958938121795654
1554,2021-10-28 04:10:12,531771,2.864881992340088
1555,2021-10-28 05:10:47,531771,2.902085065841675
1556,2021-10-28 05:10:24,531775,2.839439868927002
1557,2021-10-28 06:10:48,531775,2.870832920074463
1558,2021-10-28 06:10:55,531776,2.9075560569763184
1559,2021-10-28 07:10:17,531776,2.8955800533294678
1560,2021-10-28 07:10:59,531776,2.935072898864746
1561,2021-10-28 08:10:49,531776,2.922243118286133
1562,2021-10-28 07:10:16,531777,2.9739019870758057
1563,2021-10-28 09:10:40,531777,2.9168310165405273
1564,2021-10-28 09:10:16,531778,2.8859469890594482
1565,2021-10-28 11:10:15,531778,2.83933687210083
1566,2021-10-28 10:10:15,531779,2.9117109775543213
1567,2021-10-28 02:10:14,531780,2.8439950942993164
1568,2021-10-28 12:10:25,531780,2.886442184448242
1569,2021-10-28 01:10:35,531782,2.9049689769744873
1570,2021-10-28 02:10:33,531782,2.956328868865967
1571,2021-10-28 03:10:24,531782,2.906810998916626
1572,2021-10-28 03:10:37,531782,2.881239891052246
1573,2021-10-28 02:10:38,531783,2.9269559383392334
1574,2021-10-28 05:10:46,531786,2.874577045440674
1575,2021-10-28 06:10:34,531786,2.807676076889038
1576,2021-10-28 05:10:07,531789,2.871976852416992
1577,2021-10-28 06:10:27,531789,2.8829610347747803
1578,2021-10-28 07:10:33,531789,2.8654720783233643
1579,2021-10-28 08:10:51,531789,2.829491138458252
1580,2021-10-28 10:10:05,531789,2.803441047668457
1581,2021-10-28 10:10:38,531789,2.7799270153045654
1582,2021-10-28 08:10:48,531791,2.823077917098999
1583,2021-10-28 11:10:50,531791,2.836082935333252
1584,2021-10-28 10:10:05,531792,2.810992956161499
1585,2021-10-29 01:10:55,531792,2.8313541412353516
1586,2021-10-29 02:10:54,531792,2.8914639949798584
1587,2021-10-29 02:10:35,531794,2.821882963180542
1588,2021-10-29 02:10:32,531795,2.846298933029175
1589,2021-10-29 02:10:49,531795,2.8542721271514893
1590,2021-10-29 03:10:17,531795,2.8327741622924805
1591,2021-10-29 02:10:05,531798,2.8599460124969482
1592,2021-10-29 02:10:10,531798,2.8303699493408203
1593,2021-10-29 05:10:26,531798,2.807255983352661
1594,2021-10-29 05:10:54,531798,2.8600258827209473
1595,2021-10-29 06:10:51,531799,2.7835118770599365
1596,2021-10-29 07:10:54,531800,2.8705389499664307
1597,2021-10-29 08:10:38,531800,2.8678910732269287
1598,2021-10-29 07:10:58,531801,2.8988828659057617
1599,2021-10-29 09:10:20,531801,2.8846631050109863
1600,2021-10-29 07:10:58,531803,2.8941009044647217
1601,2021-10-29 08:10:27,531803,2.8688302040100098
1602,2021-10-29 09:10:07,531803,2.8924190998077393
1603,2021-10-29 09:10:27,531803,2.871079921722412
1604,2021-10-29 10:10:15,531803,2.8415729999542236
1605,2021-10-29 10:10:16,531803,2.875
1606,2021-10-29 11:10:32,531803,2.8716881275177
1607,2021-10-29 11:10:49,531803,2.828334093093872
1608,2021-10-29 02:10:09,531804,2.925102949142456
1609,2021-10-29 02:10:13,531804,2.909489154815674
1610,2021-10-29 03:10:42,531804,2.9327609539031982
1611,2021-10-29 06:10:21,531806,2.8851640224456787
1612,2021-10-29 06:10:22,531806,2.9657039642333984
1613,2021-10-29 09:10:00,531806,2.91457200050354
1614,2021-10-29 09:10:31,531806,2.9207980632781982
1615,2021-10-29 11:10:31,531806,2.9059531688690186
1616,2021-10-30 01:10:15,531806,2.907366991043091
1617,2021-10-30 01:10:49,531806,2.850764036178589
1618,2021-10-30 02:10:08,531806,2.860936164855957
1619,2021-10-30 02:10:26,531806,2.862065076828003
1620,2021-10-30 02:10:46,531806,2.879709005355835
1621,2021-10-30 03:10:33,531806,2.870668888092041
1622,2021-10-30 03:10:39,531806,2.875361919403076
1623,2021-10-30 04:10:19,531806,2.8357598781585693
1624,2021-10-30 05:10:14,531806,2.9213058948516846
1625,2021-10-30 05:10:43,531806,2.8860220909118652
1626,2021-10-30 05:10:54,531806,2.8432819843292236
1627,2021-10-30 06:10:05,531806,2.8977558612823486
1628,2021-10-30 06:10:21,531806,2.8135030269622803
1629,2021-10-30 07:10:20,531806,2.8535139560699463
1630,2021-10-30 07:10:41,531806,2.893004894256592
1631,2021-10-30 12:10:24,531806,2.9166600704193115
1632,2021-10-30 12:10:45,531806,2.9851059913635254
1633,2021-10-30 07:10:09,531808,2.827052116394043
1634,2021-10-30 09:10:34,531808,2.892704963684082
1635,2021-10-30 09:10:49,531808,2.8884310722351074
1636,2021-10-30 10:10:16,531808,2.889986038208008
1637,2021-10-30 08:10:39,531810,2.8769659996032715
1638,2021-10-30 08:10:45,531810,2.833407163619995
1639,2021-10-30 09:10:17,531810,2.919867992401123
1640,2021-10-30 09:10:59,531810,2.8614180088043213
1641,2021-10-30 10:10:38,531810,2.9254648685455322
1642,2021-10-30 10:10:52,531810,2.8778128623962402
1643,2021-10-30 05:10:40,531811,2.887126922607422
1644,2021-10-30 07:10:24,531811,2.8373379707336426
1645,2021-10-30 11:10:41,531811,2.8832249641418457
1646,2021-10-31 09:10:16,531811,2.8841700553894043
1647,2021-10-31 10:10:24,531811,2.929541826248169
1648,2021-10-31 10:10:24,531811,2.868988037109375
1649,2021-10-31 12:10:29,531811,2.9105641841888428
1650,2021-11-01 12:11:31,531811,2.9115560054779053
1651,2021-11-01 01:11:18,531815,2.8928029537200928
1652,2021-11-01 01:11:43,531815,2.9257400035858154
1653,2021-11-01 02:11:09,531815,2.9299521446228027
1654,2021-11-01 02:11:48,531815,2.9090020656585693
1655,2021-11-01 03:11:48,531815,2.939560890197754
1656,2021-11-01 11:11:39,531815,2.902331829071045
1657,2021-11-01 11:11:40,531815,2.921466112136841
1658,2021-11-01 12:11:12,531815,2.8996009826660156
1659,2021-11-01 05:11:10,531818,2.8881239891052246
1660,2021-11-01 06:11:29,531818,2.9118099212646484
1661,2021-11-01 07:11:29,531818,2.9542789459228516
1662,2021-11-01 07:11:45,531818,2.843829870223999
1663,2021-11-01 09:11:12,531819,2.8674981594085693
1664,2021-11-01 10:11:02,531819,2.8685688972473145
1665,2021-11-02 03:11:28,531819,2.890159845352173
1666,2021-11-02 05:11:31,531819,2.8981258869171143
1667,2021-11-02 05:11:46,531819,2.900225877761841
1668,2021-11-02 05:11:58,531819,2.9034030437469482
1669,2021-11-02 06:11:46,531819,2.882317066192627
1670,2021-11-02 07:11:30,531819,2.870857000350952
1671,2021-11-02 07:11:59,531819,2.8970160484313965
1672,2021-11-02 08:11:10,531819,2.8538918495178223
1673,2021-11-02 08:11:52,531819,2.911755084991455
1674,2021-11-02 02:11:34,531821,2.834717035293579
1675,2021-11-02 03:11:25,531821,2.853163003921509
1676,2021-11-02 06:11:40,531821,2.9229679107666016
1677,2021-11-02 10:11:54,531821,2.907181978225708
1678,2021-11-02 11:11:18,531821,2.8841469287872314
1679,2021-11-02 11:11:20,531821,2.8146278858184814
1680,2021-11-02 12:11:14,531821,2.8508248329162598
1681,2021-11-02 12:11:48,531821,2.864686965942383
1682,2021-11-02 03:11:40,531822,2.8396520614624023
1683,2021-11-02 04:11:58,531822,2.870985984802246
1684,2021-11-02 05:11:08,531822,2.859377145767212
1685,2021-11-02 06:11:52,531822,2.8733630180358887
1686,2021-11-02 05:11:41,531823,2.9115309715270996
1687,2021-11-02 05:11:09,531824,2.8945870399475098
1688,2021-11-02 06:11:35,531824,2.8362269401550293
1689,2021-11-02 07:11:03,531826,2.875833034515381
1690,2021-11-02 07:11:31,531826,2.822542905807495
1691,2021-11-02 09:11:25,531826,2.864203929901123
1692,2021-11-02 09:11:58,531826,2.910879135131836
1693,2021-11-02 08:11:43,531827,2.850919008255005
1694,2021-11-02 08:11:56,531827,2.857487916946411
1695,2021-11-02 10:11:18,531827,2.853743076324463
1696,2021-11-02 10:11:23,531827,2.8393380641937256
1697,2021-11-02 11:11:43,531827,2.872849941253662
1698,2021-11-02 11:11:55,531827,2.863816022872925
1699,2021-11-03 01:11:57,531827,2.934157133102417
1700,2021-11-03 12:11:22,531827,2.8521900177001953
1701,2021-11-02 11:11:13,531831,2.8673250675201416
1702,2021-11-03 02:11:31,531832,2.907449960708618
1703,2021-11-03 12:11:21,531832,2.825453996658325
1704,2021-11-03 03:11:49,531837,2.8678500652313232
1705,2021-11-03 04:11:59,531837,2.892714023590088
1706,2021-11-03 04:11:34,531838,2.8928639888763428
1707,2021-11-03 05:11:21,531838,2.905456066131592
1708,2021-11-03 05:11:57,531838,2.8869760036468506
1709,2021-11-03 06:11:13,531838,2.821857213973999
1710,2021-11-03 06:11:46,531838,2.91080904006958
1711,2021-11-03 06:11:56,531838,2.882692813873291
1712,2021-11-03 07:11:06,531838,2.8293302059173584
1713,2021-11-03 07:11:23,531838,2.8596651554107666
1714,2021-11-03 07:11:36,531838,2.900413990020752
1715,2021-11-03 08:11:04,531838,2.8766732215881348
1716,2021-11-03 08:11:24,531838,2.898315906524658
1717,2021-11-03 10:11:01,531839,2.9251511096954346
1718,2021-11-03 10:11:58,531839,2.833868980407715
1719,2021-11-03 10:11:59,531839,2.825985908508301
1720,2021-11-03 11:11:08,531839,2.8355541229248047
1721,2021-11-03 11:11:34,531839,2.8306448459625244
1722,2021-11-03 12:11:17,531839,2.8727989196777344
1723,2021-11-03 12:11:42,531839,2.8885810375213623
1724,2021-11-03 12:11:57,531839,2.906775951385498
1725,2021-11-03 01:11:15,531842,2.868283987045288
1726,2021-11-03 03:11:25,531842,2.8549351692199707
1727,2021-11-03 02:11:26,531843,2.8916938304901123
1728,2021-11-03 02:11:39,531843,2.793262004852295
1729,2021-11-03 03:11:33,531843,2.823415994644165
1730,2021-11-03 03:11:40,531843,2.8849611282348633
1731,2021-11-03 04:11:16,531843,2.8347320556640625
1732,2021-11-03 04:11:24,531843,2.8709189891815186
1733,2021-11-03 05:11:41,531843,2.8719701766967773
1734,2021-11-03 05:11:59,531843,2.8595972061157227
1735,2021-11-03 06:11:31,531848,2.8796019554138184
1736,2021-11-03 08:11:08,531848,2.846034049987793
1737,2021-11-03 07:11:01,531849,2.8181068897247314
1738,2021-11-03 07:11:12,531849,2.8226242065429688
1739,2021-11-03 08:11:01,531849,2.9002459049224854
1740,2021-11-03 08:11:10,531849,2.985192060470581
1741,2021-11-03 09:11:46,531849,2.8851308822631836
1742,2021-11-03 10:11:39,531849,2.842724084854126
1743,2021-11-03 10:11:28,531851,2.8791069984436035
1744,2021-11-04 12:11:16,531851,2.910935878753662
1745,2021-11-03 11:11:22,531853,2.900974988937378
1746,2021-11-03 11:11:51,531853,2.895348072052002
1747,2021-11-04 01:11:33,531853,2.8540151119232178
1748,2021-11-04 01:11:35,531853,2.9762539863586426
1749,2021-11-04 03:11:34,531853,2.8936870098114014
1750,2021-11-04 03:11:41,531853,2.860551118850708
1751,2021-11-04 12:11:23,531853,2.9413390159606934
1752,2021-11-04 05:11:37,531854,2.863286018371582
1753,2021-11-04 07:11:20,531854,2.914520025253296
1754,2021-11-04 06:11:58,531855,2.771177053451538
1755,2021-11-04 06:11:27,531857,2.86660099029541
1756,2021-11-04 08:11:13,531857,2.86216402053833
1757,2021-11-04 08:11:05,531858,2.8478970527648926
1758,2021-11-04 09:11:47,531858,2.8686859607696533
1759,2021-11-04 10:11:03,531858,2.7958920001983643
1760,2021-11-04 10:11:04,531858,2.82119083404541
1761,2021-11-04 12:11:57,531858,2.873286008834839
1762,2021-11-04 01:11:26,531859,2.936375856399536
1763,2021-11-04 03:11:40,531859,2.880897045135498
1764,2021-11-04 12:11:44,531859,2.8571460247039795
1765,2021-11-04 03:11:49,531860,2.8365910053253174
1766,2021-11-04 06:11:50,531862,2.887052059173584
1767,2021-11-04 07:11:58,531862,2.857374906539917
1768,2021-11-04 11:11:38,531862,2.8846828937530518
1769,2021-11-04 11:11:51,531862,2.865293025970459
1770,2021-11-05 04:11:02,531864,2.811859130859375
1771,2021-11-05 05:11:59,531865,2.8949759006500244
1772,2021-11-05 06:11:12,531865,2.8977301120758057
1773,2021-11-05 05:11:03,531866,2.9083778858184814
1774,2021-11-05 02:11:15,531867,2.793596029281616
1775,2021-11-05 06:11:36,531867,2.902385950088501
1776,2021-11-05 12:11:10,531867,2.9288198947906494
1777,2021-11-05 01:11:42,531869,2.832926034927368
1778,2021-11-05 01:11:44,531869,2.8716859817504883
1779,2021-11-05 01:11:52,531869,2.915614128112793
1780,2021-11-05 03:11:09,531869,2.8682069778442383
1781,2021-11-05 04:11:01,531869,2.873279094696045
1782,2021-11-05 04:11:10,531869,2.8275840282440186
1783,2021-11-05 04:11:45,531869,2.874156951904297
1784,2021-11-05 12:11:05,531869,2.856390953063965
1785,2021-11-05 01:11:53,531872,2.830796003341675
1786,2021-11-05 03:11:25,531872,2.900649070739746
1787,2021-11-05 05:11:19,531872,2.8975830078125
1788,2021-11-05 02:11:01,531873,2.8844878673553467
1789,2021-11-05 02:11:30,531873,3.0227670669555664
1790,2021-11-05 03:11:08,531874,2.918534994125366
1791,2021-11-05 03:11:21,531874,2.8703548908233643
1792,2021-11-05 05:11:08,531874,3.045025110244751
1793,2021-11-05 06:11:19,531874,2.876408100128174
1794,2021-11-05 06:11:35,531874,2.9002010822296143
1795,2021-11-05 06:11:44,531874,2.8973898887634277
1796,2021-11-05 08:11:19,531874,2.780410051345825
1797,2021-11-05 09:11:15,531875,2.94130802154541
1798,2021-11-05 11:11:41,531875,2.905874013900757
1799,2021-11-05 09:11:51,531876,2.923887014389038
1800,2021-11-05 11:11:49,531876,3.0602469444274902
1801,2021-11-06 01:11:01,531876,2.9525251388549805
1802,2021-11-06 01:11:04,531876,2.9007620811462402
1803,2021-11-06 01:11:06,531876,2.8690781593322754
1804,2021-11-06 01:11:16,531876,2.8883519172668457
1805,2021-11-06 01:11:28,531876,2.8922548294067383
1806,2021-11-06 01:11:36,531876,2.800870180130005
1807,2021-11-06 02:11:01,531876,2.909965991973877
1808,2021-11-06 02:11:11,531876,2.904003858566284
1809,2021-11-06 02:11:35,531876,2.853429079055786
1810,2021-11-06 12:11:13,531876,2.9067540168762207
1811,2021-11-06 12:11:21,531876,2.897697925567627
1812,2021-11-06 01:11:57,531879,2.9305531978607178
1813,2021-11-06 02:11:26,531879,2.9000439643859863
1814,2021-11-06 03:11:41,531879,2.879801034927368
1815,2021-11-06 04:11:39,531879,2.8914811611175537
1816,2021-11-06 03:11:04,531881,2.861729860305786
1817,2021-11-06 03:11:07,531881,2.884998083114624
1818,2021-11-06 03:11:21,531881,2.8723959922790527
1819,2021-11-06 04:11:30,531881,2.8125650882720947
1820,2021-11-06 04:11:45,531881,2.9725840091705322
1821,2021-11-06 04:11:46,531881,2.8062100410461426
1822,2021-11-06 04:11:58,531881,2.8611719608306885
1823,2021-11-06 05:11:24,531881,2.891469955444336
1824,2021-11-06 05:11:24,531881,2.8577821254730225
1825,2021-11-06 06:11:10,531881,2.928708076477051
1826,2021-11-06 06:11:17,531881,2.861670970916748
1827,2021-11-06 06:11:39,531881,2.885662078857422
1828,2021-11-06 06:11:50,531881,2.899898052215576
1829,2021-11-06 06:11:52,531881,2.888101816177368
1830,2021-11-06 07:11:57,531881,2.8548200130462646
1831,2021-11-06 08:11:00,531881,2.800017833709717
1832,2021-11-06 08:11:33,531881,2.8936290740966797
1833,2021-11-06 08:11:36,531881,2.8799309730529785
1834,2021-11-06 08:11:40,531881,2.8785400390625
1835,2021-11-06 07:11:34,531882,2.9039061069488525
1836,2021-11-06 07:11:47,531882,2.806428909301758
1837,2021-11-06 08:11:05,531882,2.928252935409546
1838,2021-11-06 09:11:20,531882,2.9014439582824707
1839,2021-11-06 09:11:39,531882,2.925999164581299
1840,2021-11-06 09:11:51,531882,2.8802058696746826
1841,2021-11-06 08:11:21,531883,2.9211671352386475
1842,2021-11-06 10:11:21,531883,2.9268760681152344
1843,2021-11-06 10:11:19,531884,2.871029853820801
1844,2021-11-06 11:11:27,531884,2.8922369480133057
1845,2021-11-06 06:11:19,531885,2.8550100326538086
1846,2021-11-06 07:11:58,531885,2.901282787322998
1847,2021-11-07 04:11:35,531885,2.883073091506958
1848,2021-11-07 05:11:47,531885,2.8770639896392822
1849,2021-11-07 06:11:35,531885,2.946504831314087
1850,2021-11-07 06:11:45,531885,2.8469748497009277
1851,2021-11-07 11:11:25,531885,2.9262349605560303
1852,2021-11-08 02:11:44,531885,2.876110076904297
1853,2021-11-08 04:11:30,531885,2.9124109745025635
1854,2021-11-08 05:11:11,531886,2.8879568576812744
1855,2021-11-08 07:11:14,531886,2.866575002670288
1856,2021-11-08 06:11:54,531887,2.903381824493408
1857,2021-11-08 07:11:54,531887,2.9197840690612793
1858,2021-11-08 08:11:16,531888,2.89424204826355
1859,2021-11-08 01:11:28,531892,2.7645320892333984
1860,2021-11-08 02:11:17,531892,2.7609848976135254
1861,2021-11-08 02:11:45,531892,2.8040220737457275
1862,2021-11-08 12:11:02,531892,2.9025700092315674
1863,2021-11-08 01:11:32,531893,2.736488103866577
1864,2021-11-08 02:11:06,531893,2.751702070236206
1865,2021-11-08 02:11:19,531893,2.7913689613342285
1866,2021-11-08 03:11:54,531893,2.7615110874176025
1867,2021-11-08 03:11:57,531893,2.819416046142578
1868,2021-11-08 12:11:38,531893,2.806938886642456
1869,2021-11-08 02:11:04,531894,2.7435622215270996
1870,2021-11-08 02:11:16,531894,2.8084909915924072
1871,2021-11-08 02:11:22,531894,2.805546998977661
1872,2021-11-08 04:11:16,531894,2.7485527992248535
1873,2021-11-08 04:11:35,531894,2.8195691108703613
1874,2021-11-08 04:11:45,531894,2.775743007659912
1875,2021-11-08 05:11:04,531894,2.7815489768981934
1876,2021-11-08 06:11:11,531894,2.74472713470459
1877,2021-11-08 06:11:21,531894,2.7964510917663574
1878,2021-11-08 06:11:40,531894,2.797852039337158
1879,2021-11-08 08:11:52,531894,2.813472032546997
1880,2021-11-08 03:11:17,531895,2.7452781200408936
1881,2021-11-08 05:11:06,531895,2.7736871242523193
1882,2021-11-08 04:11:34,531896,2.7355151176452637
1883,2021-11-08 06:11:42,531897,2.7496578693389893
1884,2021-11-08 08:11:21,531897,2.797729015350342
1885,2021-11-08 07:11:43,531899,2.7797539234161377
1886,2021-11-08 08:11:32,531899,2.8300790786743164
1887,2021-11-08 09:11:11,531899,2.749696969985962
1888,2021-11-08 08:11:33,531900,2.765758991241455
1889,2021-11-08 08:11:56,531900,2.783273935317993
1890,2021-11-08 10:11:16,531900,2.737036943435669
1891,2021-11-08 11:11:29,531900,2.7791659832000732
1892,2021-11-08 11:11:50,531900,2.723881959915161
1893,2021-11-08 08:11:18,531901,2.795581102371216
1894,2021-11-08 10:11:00,531901,2.7276248931884766
1895,2021-11-08 10:11:25,531901,2.7374978065490723
1896,2021-11-08 10:11:29,531901,2.7743170261383057
1897,2021-11-08 11:11:45,531901,2.79807186126709
1898,2021-11-08 11:11:46,531905,2.7318320274353027
1899,2021-11-09 01:11:10,531906,2.7554750442504883
1900,2021-11-09 12:11:18,531906,2.7560150623321533
1901,2021-11-09 01:11:01,531909,2.7357211112976074
1902,2021-11-09 01:11:01,531909,2.779409885406494
1903,2021-11-09 01:11:10,531909,2.7605769634246826
1904,2021-11-09 01:11:42,531909,2.7252590656280518
1905,2021-11-09 02:11:18,531909,2.726047992706299
1906,2021-11-09 02:11:22,531909,2.787497043609619
1907,2021-11-09 02:11:25,531909,2.7884228229522705
1908,2021-11-09 02:11:50,531909,2.7530322074890137
1909,2021-11-09 03:11:03,531909,2.7803380489349365
1910,2021-11-09 03:11:14,531909,2.8061091899871826
1911,2021-11-09 03:11:17,531909,2.7360119819641113
1912,2021-11-09 03:11:51,531909,2.772794008255005
1913,2021-11-09 03:11:55,531909,2.7189719676971436
1914,2021-11-09 04:11:18,531909,2.743173837661743
1915,2021-11-09 02:11:51,531910,2.716299057006836
1916,2021-11-09 04:11:14,531910,2.742194890975952
1917,2021-11-09 07:11:04,531913,2.822144031524658
1918,2021-11-09 07:11:06,531913,2.722899913787842
1919,2021-11-09 09:11:11,531913,2.75748610496521
1920,2021-11-09 11:11:08,531913,2.757512092590332
1921,2021-11-09 12:11:45,531913,2.7176380157470703
1922,2021-11-09 10:11:04,531914,2.7431600093841553
1923,2021-11-09 12:11:26,531914,2.7828378677368164
1924,2021-11-09 01:11:30,531915,2.808992862701416
1925,2021-11-09 01:11:40,531915,2.793761968612671
1926,2021-11-09 03:11:58,531915,2.808034896850586
1927,2021-11-09 02:11:50,531916,2.7893640995025635
1928,2021-11-09 03:11:28,531916,2.7741878032684326
1929,2021-11-09 02:11:23,531917,2.714725971221924
1930,2021-11-09 03:11:12,531917,2.729793071746826
1931,2021-11-09 04:11:49,531917,2.815464973449707
1932,2021-11-09 04:11:51,531917,2.7998509407043457
1933,2021-11-09 09:11:05,531917,2.7279951572418213
1934,2021-11-09 04:11:15,531919,2.789914131164551
1935,2021-11-09 05:11:10,531919,2.7365000247955322
1936,2021-11-09 06:11:15,531919,2.7850561141967773
1937,2021-11-09 07:11:59,531919,2.7673020362854004
1938,2021-11-09 08:11:15,531919,2.7330851554870605
1939,2021-11-10 08:11:00,531919,2.8137362003326416
1940,2021-11-10 08:11:10,531919,2.7976510524749756
1941,2021-11-10 08:11:14,531919,2.8035411834716797
1942,2021-11-10 08:11:58,531919,2.752302885055542
1943,2021-11-09 05:11:25,531920,2.7990331649780273
1944,2021-11-09 07:11:07,531920,2.727776050567627
1945,2021-11-09 07:11:39,531921,2.7458200454711914
1946,2021-11-09 08:11:20,531921,2.754728078842163
1947,2021-11-09 06:11:05,531922,2.707261085510254
1948,2021-11-09 07:11:43,531922,2.7615699768066406
1949,2021-11-09 07:11:37,531923,2.7430670261383057
1950,2021-11-09 08:11:28,531923,2.8182270526885986
1951,2021-11-09 09:11:25,531926,2.7874209880828857
1952,2021-11-10 12:11:38,531926,2.8099100589752197
1953,2021-11-10 12:11:33,531927,2.7995989322662354
1954,2021-11-10 01:11:01,531929,2.8204360008239746
1955,2021-11-10 03:11:11,531929,2.808910846710205
1956,2021-11-10 02:11:03,531930,2.776185989379883
1957,2021-11-10 03:11:54,531930,2.811176061630249
1958,2021-11-10 04:11:42,531930,2.813850164413452
1959,2021-11-10 04:11:59,531930,2.848412036895752
1960,2021-11-10 05:11:37,531933,2.778907060623169
1961,2021-11-10 06:11:09,531933,2.7545340061187744
1962,2021-11-10 08:11:25,531934,2.8655240535736084
1963,2021-11-10 09:11:07,531934,2.8343400955200195
1964,2021-11-10 08:11:04,531935,2.799393892288208
1965,2021-11-10 09:11:31,531935,2.7992849349975586
1966,2021-11-10 02:11:51,531937,2.809368848800659
1967,2021-11-10 11:11:21,531937,2.8059799671173096
1968,2021-11-10 11:11:45,531937,2.7783091068267822
1969,2021-11-10 12:11:28,531937,2.7999579906463623
1970,2021-11-10 02:11:12,531940,2.81588077545166
1971,2021-11-10 02:11:48,531940,2.760967969894409
1972,2021-11-10 12:11:20,531940,2.746814012527466
1973,2021-11-10 01:11:17,531941,2.7871198654174805
1974,2021-11-10 02:11:50,531941,2.825010061264038
1975,2021-11-10 02:11:59,531941,2.7432568073272705
1976,2021-11-10 03:11:21,531941,2.77052903175354
1977,2021-11-10 03:11:36,531941,2.8120810985565186
1978,2021-11-10 04:11:08,531941,2.845846176147461
1979,2021-11-10 03:11:26,531942,2.761641025543213
1980,2021-11-10 03:11:49,531942,2.7427399158477783
1981,2021-11-10 03:11:59,531942,2.741452932357788
1982,2021-11-10 04:11:19,531942,2.752371072769165
1983,2021-11-10 05:11:05,531942,2.728461980819702
1984,2021-11-10 05:11:29,531942,2.7508628368377686
1985,2021-11-10 05:11:33,531942,2.826127052307129
1986,2021-11-10 05:11:39,531942,2.7690799236297607
1987,2021-11-10 06:11:58,531942,2.8615009784698486
1988,2021-11-10 07:11:26,531942,2.7301268577575684
1989,2021-11-10 05:11:49,531943,2.8040621280670166
1990,2021-11-10 06:11:32,531943,2.8296148777008057
1991,2021-11-10 06:11:39,531943,2.782392978668213
1992,2021-11-10 06:11:55,531943,2.793248176574707
1993,2021-11-10 07:11:06,531943,2.771414041519165
1994,2021-11-10 08:11:11,531944,2.761444091796875
1995,2021-11-10 09:11:40,531944,2.7800610065460205
1996,2021-11-10 10:11:03,531946,2.8079960346221924
1997,2021-11-10 10:11:36,531946,2.8178460597991943
1998,2021-11-10 11:11:49,531947,2.8360798358917236
1999,2021-11-11 02:11:12,531950,2.925584077835083
2000,2021-11-11 02:11:29,531950,2.816800832748413
2001,2021-11-11 03:11:01,531950,2.832900047302246
2002,2021-11-11 03:11:53,531950,2.793966054916382
2003,2021-11-11 03:11:30,531951,2.8608639240264893
2004,2021-11-11 04:11:44,531951,2.827200174331665
2005,2021-11-11 05:11:46,531951,2.8179121017456055
2006,2021-11-11 06:11:10,531953,2.8792800903320312
2007,2021-11-11 06:11:29,531953,2.8490428924560547
2008,2021-11-11 11:11:00,531957,2.793436050415039
2009,2021-11-11 11:11:55,531957,2.8166890144348145
2010,2021-11-11 01:11:19,531959,2.7745141983032227
2011,2021-11-11 02:11:24,531959,2.7824699878692627
2012,2021-11-11 01:11:33,531961,2.8039169311523438
2013,2021-11-11 01:11:38,531961,2.862247943878174
2014,2021-11-11 01:11:41,531961,2.802294969558716
2015,2021-11-11 01:11:55,531961,2.840411901473999
2016,2021-11-11 03:11:14,531961,2.86956787109375
2017,2021-11-11 03:11:28,531961,2.790990114212036
2018,2021-11-11 03:11:47,531961,2.8593978881835938
2019,2021-11-11 02:11:42,531963,2.822672128677368
2020,2021-11-11 03:11:50,531963,2.8947718143463135
2021,2021-11-11 03:11:40,531964,2.833448886871338
2022,2021-11-11 04:11:15,531964,2.85636305809021
2023,2021-11-11 04:11:05,531965,2.8438220024108887
2024,2021-11-11 05:11:31,531965,2.8296921253204346
2025,2021-11-11 05:11:43,531968,2.8560919761657715
2026,2021-11-11 06:11:18,531968,2.8186888694763184
2027,2021-11-11 07:11:11,531968,2.8672308921813965
2028,2021-11-11 06:11:54,531969,2.8120169639587402
2029,2021-11-11 08:11:23,531969,2.848616123199463
2030,2021-11-11 09:11:42,531969,2.813253879547119
2031,2021-11-11 09:11:59,531969,2.8536200523376465
2032,2021-11-11 10:11:30,531969,2.8332269191741943
2033,2021-11-11 11:11:39,531969,2.8130271434783936
2034,2021-11-11 11:11:54,531969,2.781550884246826
2035,2021-11-12 02:11:52,531972,2.8643271923065186
2036,2021-11-12 12:11:25,531972,2.790379047393799
2037,2021-11-12 01:11:16,531973,2.7965497970581055
2038,2021-11-12 03:11:24,531973,2.8161301612854004
2039,2021-11-12 05:11:50,531975,2.8529670238494873
2040,2021-11-12 06:11:27,531975,2.7871170043945312
2041,2021-11-12 08:11:50,531977,2.8498899936676025
2042,2021-11-12 09:11:56,531977,2.8597230911254883
2043,2021-11-12 01:11:35,531979,2.8714659214019775
2044,2021-11-12 11:11:47,531979,2.766695022583008
2045,2021-11-12 12:11:27,531979,2.8742830753326416
2046,2021-11-12 12:11:41,531979,2.838709831237793
2047,2021-11-12 01:11:52,531980,2.805459976196289
2048,2021-11-12 01:11:53,531980,2.9393198490142822
2049,2021-11-12 02:11:45,531980,2.887077808380127
2050,2021-11-12 02:11:54,531980,2.8515679836273193
2051,2021-11-12 03:11:21,531980,2.9460089206695557
2052,2021-11-12 03:11:24,531980,2.9181478023529053
2053,2021-11-12 03:11:45,531984,2.866157054901123
2054,2021-11-12 05:11:19,531984,2.8564929962158203
2055,2021-11-12 05:11:40,531985,2.799718141555786
2056,2021-11-12 05:11:46,531985,2.8104259967803955
2057,2021-11-12 06:11:40,531985,2.7607340812683105
2058,2021-11-12 06:11:48,531985,2.855098009109497
2059,2021-11-12 07:11:13,531985,2.791985034942627
2060,2021-11-12 07:11:51,531985,2.8370540142059326
2061,2021-11-12 09:11:12,531985,2.802320957183838
2062,2021-11-12 10:11:00,531985,2.745795965194702
2063,2021-11-12 10:11:27,531985,2.8405489921569824
2064,2021-11-12 10:11:56,531985,2.8168230056762695
2065,2021-11-12 07:11:20,531986,2.827031135559082
2066,2021-11-12 10:11:06,531986,2.7899720668792725
2067,2021-11-12 10:11:44,531986,2.8054909706115723
2068,2021-11-12 10:11:47,531987,2.7341649532318115
2069,2021-11-12 10:11:58,531987,2.758538007736206
2070,2021-11-12 11:11:52,531987,2.91526198387146
2071,2021-11-12 11:11:01,531989,2.81758713722229
2072,2021-11-13 01:11:46,531989,2.8656349182128906
2073,2021-11-13 12:11:41,531989,2.8625540733337402
2074,2021-11-14 04:11:53,531990,2.8880279064178467
2075,2021-11-14 05:11:12,531990,2.83854603767395
2076,2021-11-14 05:11:42,531990,2.7953200340270996
2077,2021-11-14 07:11:09,531990,2.8538830280303955
2078,2021-11-15 03:11:21,531990,2.8971240520477295
2079,2021-11-15 04:11:55,531990,2.8531441688537598
2080,2021-11-15 04:11:57,531990,2.819481134414673
2081,2021-11-15 05:11:04,531990,2.8261780738830566
2082,2021-11-15 05:11:17,531990,2.8354721069335938
2083,2021-11-15 05:11:27,531990,2.842963933944702
2084,2021-11-15 05:11:41,531990,2.8645708560943604
2085,2021-11-15 06:11:55,531990,2.8057620525360107
2086,2021-11-15 07:11:05,531990,2.7714810371398926
2087,2021-11-15 07:11:06,531990,2.8254690170288086
2088,2021-11-15 07:11:08,531991,2.8123130798339844
2089,2021-11-15 08:11:16,531991,2.8551340103149414
2090,2021-11-15 11:11:25,531993,2.815286874771118
2091,2021-11-15 01:11:05,531994,2.8157670497894287
2092,2021-11-15 02:11:34,531994,2.828458070755005
2093,2021-11-15 02:11:35,531994,2.8830690383911133
2094,2021-11-15 03:11:00,531994,2.7692508697509766
2095,2021-11-15 03:11:16,531994,2.8624401092529297
2096,2021-11-15 03:11:45,531994,2.817537784576416
2097,2021-11-15 03:11:25,531996,2.7448081970214844
2098,2021-11-15 03:11:57,531996,2.8022029399871826
2099,2021-11-15 04:11:11,531996,2.8320560455322266
2100,2021-11-15 04:11:36,531996,2.9153130054473877
2101,2021-11-15 03:11:48,531997,2.819895029067993
2102,2021-11-15 04:11:28,531997,2.843388795852661
2103,2021-11-15 04:11:01,531999,2.8626480102539062
2104,2021-11-15 05:11:44,531999,2.789038896560669
2105,2021-11-15 05:11:07,532001,2.8879928588867188
2106,2021-11-15 05:11:46,532001,2.8012118339538574
2107,2021-11-15 06:11:25,532001,2.8383030891418457
2108,2021-11-15 07:11:34,532001,2.7907259464263916
2109,2021-11-15 08:11:18,532001,2.8605620861053467
2110,2021-11-15 08:11:22,532001,2.831974983215332
2111,2021-11-15 08:11:29,532001,2.866848945617676
2112,2021-11-15 09:11:13,532001,2.800779104232788
2113,2021-11-15 09:11:38,532001,2.7851459980010986
2114,2021-11-15 09:11:57,532001,2.822251796722412
2115,2021-11-15 10:11:08,532001,2.7812440395355225
2116,2021-11-15 10:11:56,532001,2.8193199634552
2117,2021-11-15 10:11:49,532002,2.787022113800049
2118,2021-11-16 07:11:15,532005,2.7919390201568604
2119,2021-11-16 07:11:43,532005,2.784965991973877
2120,2021-11-16 08:11:09,532005,2.8514890670776367
2121,2021-11-16 08:11:21,532005,2.8555750846862793
2122,2021-11-16 09:11:30,532005,2.8913259506225586
2123,2021-11-16 09:11:53,532007,2.897940158843994
2124,2021-11-16 10:11:05,532007,2.8466618061065674
2125,2021-11-16 11:11:40,532007,2.753777027130127
2126,2021-11-16 01:11:47,532008,2.823853015899658
2127,2021-11-16 01:11:56,532008,2.8363399505615234
2128,2021-11-16 02:11:05,532008,2.815967082977295
2129,2021-11-16 02:11:06,532008,2.8509111404418945
2130,2021-11-16 02:11:31,532008,2.820605993270874
2131,2021-11-16 02:11:57,532008,2.82897686958313
2132,2021-11-16 03:11:18,532008,2.86801815032959
2133,2021-11-16 12:11:43,532008,2.8872811794281006
2134,2021-11-16 02:11:31,532009,2.8688600063323975
2135,2021-11-16 03:11:29,532010,2.8576200008392334
2136,2021-11-16 05:11:54,532010,2.8432581424713135
2137,2021-11-16 03:11:34,532011,2.783381938934326
2138,2021-11-16 04:11:08,532011,2.8719799518585205
2139,2021-11-16 04:11:16,532011,2.8665969371795654
2140,2021-11-16 06:11:21,532011,2.8210461139678955
2141,2021-11-16 06:11:57,532011,2.8478479385375977
2142,2021-11-16 05:11:18,532012,2.811220169067383
2143,2021-11-16 05:11:23,532012,2.8794941902160645
2144,2021-11-16 06:11:05,532012,2.8725168704986572
2145,2021-11-16 06:11:17,532012,2.82403302192688
2146,2021-11-16 09:11:06,532012,2.840714931488037
2147,2021-11-16 09:11:51,532012,2.8486580848693848
2148,2021-11-16 07:11:27,532014,2.8612780570983887
2149,2021-11-16 07:11:50,532014,2.8857789039611816
2150,2021-11-16 08:11:02,532014,2.8159821033477783
2151,2021-11-16 09:11:16,532014,2.8803799152374268
2152,2021-11-16 09:11:44,532014,2.885432004928589
2153,2021-11-16 10:11:21,532014,2.876304864883423
2154,2021-11-16 10:11:32,532014,2.848280191421509
2155,2021-11-16 10:11:50,532014,2.8112599849700928
2156,2021-11-16 10:11:56,532014,2.8742589950561523
2157,2021-11-16 11:11:06,532014,2.8254919052124023
2158,2021-11-16 11:11:22,532014,2.826719045639038
2159,2021-11-16 11:11:31,532014,2.9065401554107666
2160,2021-11-17 12:11:22,532014,2.850152015686035
2161,2021-11-17 12:11:33,532014,2.8664610385894775
2162,2021-11-17 04:11:17,532017,2.8959667682647705
2163,2021-11-17 05:11:25,532017,2.8407342433929443
2164,2021-11-17 06:11:22,532017,2.8836300373077393
2165,2021-11-17 06:11:34,532017,2.877554178237915
2166,2021-11-17 06:11:37,532017,2.8126089572906494
2167,2021-11-17 06:11:45,532017,2.888693332672119
2168,2021-11-17 06:11:58,532017,2.902801990509033
2169,2021-11-17 07:11:10,532017,2.8605756759643555
2170,2021-11-17 07:11:23,532017,2.829349994659424
2171,2021-11-17 08:11:04,532017,2.818936347961426
2172,2021-11-17 02:11:01,532018,2.733167886734009
2173,2021-11-17 10:11:14,532018,2.7988481521606445
2174,2021-11-17 03:11:00,532019,2.8449387550354004
2175,2021-11-17 05:11:49,532019,2.82418155670166
2176,2021-11-17 08:11:00,532019,2.806774616241455
2177,2021-11-18 03:11:48,532020,2.8705897331237793
2178,2021-11-17 07:11:54,532021,2.8407371044158936
2179,2021-11-18 03:11:28,532021,2.8925790786743164
2180,2021-11-18 03:11:38,532022,2.889539957046509
2181,2021-11-18 03:11:48,532022,2.8889713287353516
2182,2021-11-18 04:11:03,532022,2.828831672668457
2183,2021-11-19 08:11:58,532022,2.8634626865386963
2184,2021-11-19 09:11:39,532022,2.8286964893341064
2185,2021-11-18 04:11:06,532026,2.8403282165527344
2186,2021-11-18 04:11:27,532026,2.862811326980591
2187,2021-11-18 04:11:36,532026,2.8912949562072754
2188,2021-11-19 08:11:29,532026,2.8571853637695312
2189,2021-11-18 07:11:20,532029,2.8103585243225098
2190,2021-11-19 05:11:53,532029,2.813983678817749
2191,2021-11-19 07:11:48,532029,2.8255579471588135
2192,2021-11-19 09:11:47,532029,2.7715954780578613
2193,2021-11-19 01:11:41,532031,2.8071186542510986
2194,2021-11-19 05:11:42,532031,2.8091983795166016
2195,2021-11-19 11:11:17,532031,2.8426363468170166
2196,2021-11-19 03:11:02,532032,2.859929323196411
2197,2021-11-19 03:11:06,532032,2.824369192123413
2198,2021-11-19 03:11:49,532032,2.812033176422119
2199,2021-11-19 04:11:49,532032,2.923963785171509
2200,2021-11-19 05:11:20,532032,2.8447930812835693
2201,2021-11-19 07:11:30,532032,2.8275601863861084
2202,2021-11-19 07:11:47,532032,2.812257766723633
2203,2021-11-19 11:11:09,532032,2.839130163192749
2204,2021-11-19 11:11:10,532032,2.8374807834625244
2205,2021-11-19 11:11:19,532032,2.809689521789551
2206,2021-11-19 02:11:42,532033,2.8577992916107178
2207,2021-11-19 04:11:43,532033,2.8266007900238037
2208,2021-11-19 04:11:47,532033,2.8417716026306152
2209,2021-11-19 10:11:02,532033,2.8055427074432373
2210,2021-11-19 10:11:57,532033,2.8583877086639404
2211,2021-11-19 04:11:19,532034,2.8225128650665283
2212,2021-11-19 04:11:22,532034,2.8328969478607178
2213,2021-11-19 08:11:23,532034,2.8255131244659424
2214,2021-11-19 05:11:38,532036,2.8410122394561768
2215,2021-11-19 06:11:06,532036,2.826930284500122
2216,2021-11-19 08:11:28,532036,2.8136138916015625
2217,2021-11-19 10:11:35,532036,2.824207305908203
2218,2021-11-19 10:11:53,532036,2.8473994731903076
2219,2021-11-19 08:11:11,532037,2.8270058631896973
2220,2021-11-19 08:11:21,532037,2.8099446296691895
2221,2021-11-19 08:11:55,532037,2.797224283218384
2222,2021-11-19 10:11:05,532037,2.7944815158843994
2223,2021-11-19 10:11:09,532037,2.834465980529785
2224,2021-11-20 01:11:28,532037,2.848738670349121
2225,2021-11-20 02:11:57,532037,2.774815082550049
2226,2021-11-20 03:11:45,532037,2.8101327419281006
2227,2021-11-19 01:11:28,532038,2.7442681789398193
2228,2021-11-19 03:11:11,532038,2.8274552822113037
2229,2021-11-19 04:11:45,532038,2.84604811668396
2230,2021-11-19 04:11:55,532038,2.849853515625
2231,2021-11-20 01:11:13,532038,2.854767084121704
2232,2021-11-20 01:11:53,532038,2.850792169570923
2233,2021-11-20 05:11:45,532040,2.7664523124694824
2234,2021-11-20 06:11:09,532040,2.8176207542419434
2235,2021-11-20 05:11:39,532041,2.8362691402435303
2236,2021-11-20 06:11:21,532041,2.911665678024292
2237,2021-11-20 05:11:32,532043,2.7959818840026855
2238,2021-11-20 07:11:25,532043,2.8712549209594727
2239,2021-11-20 01:11:49,532045,2.805266857147217
2240,2021-11-20 03:11:30,532045,2.8424203395843506
2241,2021-11-20 04:11:45,532045,2.822010040283203
2242,2021-11-20 05:11:01,532045,2.8652639389038086
2243,2021-11-20 05:11:14,532045,2.7642018795013428
2244,2021-11-20 05:11:32,532045,2.854346752166748
2245,2021-11-20 06:11:18,532045,2.8257458209991455
2246,2021-11-20 07:11:26,532045,2.848391532897949
2247,2021-11-20 07:11:42,532045,2.8220741748809814
2248,2021-11-20 07:11:44,532045,2.8447368144989014
2249,2021-11-20 07:11:51,532045,2.855595111846924
2250,2021-11-20 08:11:01,532045,2.789824962615967
2251,2021-11-20 08:11:04,532045,2.8103227615356445
2252,2021-11-20 08:11:16,532045,2.8705525398254395
2253,2021-11-20 08:11:16,532045,2.766308069229126
2254,2021-11-20 08:11:17,532045,2.84234356880188
2255,2021-11-20 08:11:27,532045,2.791875123977661
2256,2021-11-20 08:11:33,532045,2.7704076766967773
2257,2021-11-20 08:11:51,532045,2.8503708839416504
2258,2021-11-20 08:11:52,532045,2.8444643020629883
2259,2021-11-20 08:11:58,532045,2.83709979057312
2260,2021-11-20 09:11:09,532045,2.8318567276000977
2261,2021-11-20 09:11:15,532045,2.7966365814208984
2262,2021-11-20 09:11:32,532045,2.8158419132232666
2263,2021-11-20 09:11:57,532045,2.7814278602600098
2264,2021-11-20 10:11:21,532045,2.9039719104766846
2265,2021-11-20 10:11:23,532045,2.7662618160247803
2266,2021-11-20 10:11:29,532045,2.7979488372802734
2267,2021-11-20 10:11:43,532045,2.8511791229248047
2268,2021-11-20 09:11:42,532046,2.8221628665924072
2269,2021-11-20 10:11:47,532046,2.8707616329193115
2270,2021-11-20 10:11:51,532047,2.8392319679260254
2271,2021-11-21 02:11:56,532048,2.822397470474243
2272,2021-11-21 04:11:03,532048,2.844341516494751
2273,2021-11-21 09:11:13,532048,2.825486183166504
2274,2021-11-21 09:11:24,532048,2.8425393104553223
2275,2021-11-22 03:11:03,532048,2.880636215209961
2276,2021-11-22 03:11:09,532048,2.8159565925598145
2277,2021-11-22 05:11:01,532048,2.7973692417144775
2278,2021-11-22 05:11:40,532048,2.850198268890381
2279,2021-11-22 07:11:33,532048,2.8104658126831055
2280,2021-11-25 06:11:11,532048,2.855545997619629
2281,2021-11-22 07:11:27,532049,2.778850555419922
2282,2021-11-22 08:11:43,532050,2.835456371307373
2283,2021-11-22 10:11:16,532050,2.78385329246521
2284,2021-11-22 04:11:59,532051,2.7781248092651367
2285,2021-11-22 05:11:39,532051,2.8064308166503906
2286,2021-11-22 11:11:30,532051,2.813688039779663
2287,2021-11-22 12:11:16,532051,2.788578748703003
2288,2021-11-22 03:11:21,532052,2.7963361740112305
2289,2021-11-22 04:11:53,532052,2.8418262004852295
2290,2021-11-22 06:11:28,532052,2.848869800567627
2291,2021-11-22 07:11:15,532052,2.853604316711426
2292,2021-11-22 07:11:28,532052,2.855945348739624
2293,2021-11-22 07:11:52,532052,2.822643995285034
2294,2021-11-22 03:11:36,532053,2.771317481994629
2295,2021-11-22 04:11:21,532053,2.777681589126587
2296,2021-11-22 06:11:51,532053,2.8050878047943115
2297,2021-11-22 03:11:08,532055,2.8272571563720703
2298,2021-11-22 06:11:04,532055,2.825019598007202
2299,2021-11-22 07:11:08,532056,2.822340965270996
2300,2021-11-22 09:11:46,532056,2.8138606548309326
2301,2021-11-22 07:11:19,532057,2.8100666999816895
2302,2021-11-22 07:11:20,532057,2.790210247039795
2303,2021-11-22 09:11:40,532057,2.8459131717681885
2304,2021-11-23 12:11:18,532057,2.7632994651794434
2305,2021-11-22 08:11:52,532060,2.8118441104888916
2306,2021-11-23 12:11:26,532060,2.8244903087615967
2307,2021-11-22 10:11:45,532061,2.8406288623809814
2308,2021-11-22 10:11:57,532061,2.820172071456909
2309,2021-11-23 12:11:13,532061,2.8317253589630127
2310,2021-11-22 11:11:06,532062,2.8352887630462646
2311,2021-11-22 11:11:22,532062,2.7909023761749268
2312,2021-11-22 11:11:56,532062,2.801323175430298
2313,2021-11-23 01:11:09,532062,2.86228084564209
2314,2021-11-23 02:11:13,532062,2.885476589202881
2315,2021-11-23 02:11:35,532062,2.8159751892089844
2316,2021-11-23 02:11:59,532062,2.8379640579223633
2317,2021-11-22 10:11:11,532063,2.8680002689361572
2318,2021-11-23 01:11:13,532063,2.8322746753692627
2319,2021-11-23 04:11:08,532063,2.8361377716064453
2320,2021-11-23 01:11:44,532064,2.8593246936798096
2321,2021-11-23 01:11:15,532065,2.8784008026123047
2322,2021-11-23 05:11:34,532065,2.8969709873199463
2323,2021-11-23 05:11:40,532066,2.8281736373901367
2324,2021-11-23 05:11:49,532066,2.855222463607788
2325,2021-11-23 06:11:16,532066,2.8886077404022217
2326,2021-11-23 07:11:28,532066,2.9363768100738525
2327,2021-11-23 07:11:48,532066,2.850832223892212
2328,2021-11-23 09:11:29,532066,2.8596956729888916
2329,2021-11-23 09:11:34,532066,2.8358089923858643
2330,2021-11-23 02:11:26,532068,2.891463041305542
2331,2021-11-23 03:11:22,532068,2.8571839332580566
2332,2021-11-23 03:11:37,532068,2.8656094074249268
2333,2021-11-23 07:11:15,532068,2.846369981765747
2334,2021-11-23 09:11:47,532068,2.8711278438568115
2335,2021-11-23 10:11:01,532068,2.917377471923828
2336,2021-11-23 11:11:05,532068,2.8325982093811035
2337,2021-11-23 12:11:05,532068,2.8510730266571045
2338,2021-11-23 12:11:05,532068,2.8702540397644043
2339,2021-11-23 12:11:57,532068,2.884007215499878
2340,2021-11-23 01:11:09,532069,2.825497627258301
2341,2021-11-23 02:11:33,532069,2.8698318004608154
2342,2021-11-23 01:11:44,532070,2.846717119216919
2343,2021-11-23 03:11:37,532070,2.877920627593994
2344,2021-11-23 04:11:00,532073,2.8642513751983643
2345,2021-11-23 04:11:13,532073,2.819218158721924
2346,2021-11-23 04:11:36,532073,2.8602702617645264
2347,2021-11-23 05:11:25,532073,2.8743534088134766
2348,2021-11-23 05:11:41,532074,2.832077980041504
2349,2021-11-23 05:11:51,532074,2.768454074859619
2350,2021-11-23 06:11:47,532074,2.820070743560791
2351,2021-11-23 08:11:33,532074,2.856931447982788
2352,2021-11-23 09:11:37,532074,2.8320353031158447
2353,2021-11-23 10:11:19,532074,2.960618734359741
2354,2021-11-23 05:11:54,532075,2.8455758094787598
2355,2021-11-23 08:11:30,532075,2.8854916095733643
2356,2021-11-23 06:11:14,532078,2.892209529876709
2357,2021-11-23 06:11:20,532078,2.8671681880950928
2358,2021-11-23 10:11:10,532078,2.853672742843628
2359,2021-11-23 10:11:48,532078,2.842496633529663
2360,2021-11-23 11:11:18,532078,2.871858596801758
2361,2021-11-23 11:11:53,532078,2.8124516010284424
2362,2021-11-23 07:11:22,532079,2.7867586612701416
2363,2021-11-23 10:11:59,532080,2.875105381011963
2364,2021-11-24 04:11:19,532088,2.8160083293914795
2365,2021-11-24 05:11:18,532089,2.9033126831054688
2366,2021-11-24 05:11:30,532089,2.8893866539001465
2367,2021-11-24 05:11:50,532089,2.8928747177124023
2368,2021-11-24 06:11:29,532089,2.8153393268585205
2369,2021-11-24 07:11:28,532089,2.9170548915863037
2370,2021-11-24 07:11:37,532089,2.8477323055267334
2371,2021-11-24 07:11:56,532089,2.798124074935913
2372,2021-11-24 08:11:52,532089,2.919631242752075
2373,2021-11-24 08:11:22,532091,2.8603553771972656
2374,2021-11-24 10:11:10,532091,2.8696351051330566
2375,2021-11-24 10:11:12,532092,2.8629233837127686
2376,2021-11-24 12:11:37,532092,2.8649659156799316
2377,2021-11-24 01:11:00,532093,2.876221179962158
2378,2021-11-24 01:11:56,532093,2.8962042331695557
2379,2021-11-24 11:11:51,532093,2.8837573528289795
2380,2021-11-24 12:11:29,532093,2.8698642253875732
2381,2021-11-24 01:11:56,532094,2.7895591259002686
2382,2021-11-24 02:11:55,532094,2.8332648277282715
2383,2021-11-24 01:11:53,532095,2.8818535804748535
2384,2021-11-24 02:11:47,532095,2.7817814350128174
2385,2021-11-24 03:11:07,532095,2.7789409160614014
2386,2021-11-24 03:11:09,532095,2.8812811374664307
2387,2021-11-24 03:11:35,532095,2.866145372390747
2388,2021-11-24 04:11:14,532095,2.859717607498169
2389,2021-11-24 05:11:58,532097,2.850965738296509
2390,2021-11-24 07:11:01,532097,2.883765935897827
2391,2021-11-24 06:11:12,532098,2.8988125324249268
2392,2021-11-24 08:11:10,532098,2.825991153717041
2393,2021-11-24 06:11:19,532100,2.846592664718628
2394,2021-11-24 10:11:03,532100,2.880150318145752
2395,2021-11-24 08:11:57,532101,2.8902993202209473
2396,2021-11-24 11:11:48,532101,2.8511950969696045
2397,2021-11-24 08:11:52,532102,2.8526506423950195
2398,2021-11-24 10:11:28,532102,2.8872175216674805
2399,2021-11-24 09:11:21,532103,2.787419319152832
2400,2021-11-24 11:11:48,532105,2.8748819828033447
2401,2021-11-25 01:11:20,532105,2.8616955280303955
2402,2021-11-24 11:11:59,532106,2.823251485824585
2403,2021-11-25 01:11:14,532106,2.7851264476776123
2404,2021-11-25 02:11:54,532106,2.802490234375
2405,2021-11-25 12:11:28,532106,2.8449790477752686
2406,2021-11-25 02:11:41,532109,2.8756003379821777
2407,2021-11-25 04:11:09,532109,2.824212074279785
2408,2021-11-25 04:11:13,532109,2.8044519424438477
2409,2021-11-25 05:11:47,532109,2.8059632778167725
2410,2021-11-25 06:11:01,532109,2.8339390754699707
2411,2021-11-25 06:11:43,532109,2.750638246536255
2412,2021-11-25 07:11:26,532109,2.783602476119995
2413,2021-11-25 08:11:03,532109,2.8092355728149414
2414,2021-11-25 09:11:42,532110,2.7837271690368652
2415,2021-11-25 02:11:48,532112,2.782033681869507
2416,2021-11-25 12:11:18,532112,2.777423858642578
2417,2021-11-25 02:11:14,532113,2.8280439376831055
2418,2021-11-25 02:11:36,532113,2.816366195678711
2419,2021-11-25 03:11:56,532113,2.819269895553589
2420,2021-11-25 04:11:29,532113,2.864027976989746
2421,2021-11-25 04:11:31,532113,2.822568893432617
2422,2021-11-25 03:11:00,532114,2.8226423263549805
2423,2021-11-25 03:11:37,532114,2.8430397510528564
2424,2021-11-25 03:11:37,532114,2.838728904724121
2425,2021-11-25 04:11:50,532114,2.8128061294555664
2426,2021-11-25 05:11:04,532114,2.8296306133270264
2427,2021-11-25 05:11:35,532114,2.8342063426971436
2428,2021-11-25 04:11:14,532115,2.8040122985839844
2429,2021-11-25 07:11:29,532115,2.818288564682007
2430,2021-11-25 06:11:14,532116,2.952622413635254
2431,2021-11-25 08:11:20,532116,2.860898971557617
2432,2021-11-25 10:11:49,532119,2.826874256134033
2433,2021-11-25 11:11:32,532119,2.8576624393463135
2434,2021-11-26 01:11:28,532119,2.8777005672454834
2435,2021-11-26 01:11:46,532119,2.805302143096924
2436,2021-11-26 01:11:59,532119,2.8405892848968506
2437,2021-11-26 04:11:20,532119,2.7849295139312744
2438,2021-11-26 03:11:34,532120,2.8522145748138428
2439,2021-11-26 05:11:26,532120,2.8033626079559326
2440,2021-11-26 06:11:35,532120,2.8259050846099854
2441,2021-11-26 07:11:07,532120,2.853026866912842
2442,2021-11-26 06:11:20,532122,2.821723222732544
2443,2021-11-26 08:11:53,532122,2.850477457046509
2444,2021-11-26 01:11:10,532124,2.7853610515594482
2445,2021-11-26 06:11:24,532124,2.8271281719207764
2446,2021-11-26 07:11:55,532124,2.8422605991363525
2447,2021-11-26 07:11:56,532124,2.829035520553589
2448,2021-11-26 08:11:03,532124,2.7327685356140137
2449,2021-11-26 08:11:22,532124,2.7674853801727295
2450,2021-11-26 08:11:36,532124,2.76753568649292
2451,2021-11-26 09:11:48,532124,2.8165993690490723
2452,2021-11-26 10:11:28,532124,2.8395726680755615
2453,2021-11-26 11:11:10,532124,2.793379306793213
2454,2021-11-26 12:11:19,532124,2.804720163345337
2455,2021-11-26 12:11:35,532124,2.806629180908203
2456,2021-11-26 09:11:26,532125,2.8206558227539062
2457,2021-11-26 11:11:04,532125,2.8114535808563232
2458,2021-11-26 12:11:57,532125,2.804520606994629
2459,2021-11-26 01:11:02,532127,2.8490231037139893
2460,2021-11-26 02:11:19,532127,2.8275768756866455
2461,2021-11-26 02:11:39,532127,2.789182186126709
2462,2021-11-26 02:11:44,532127,2.7701854705810547
2463,2021-11-26 02:11:53,532127,2.8252854347229004
2464,2021-11-26 03:11:26,532127,2.8272128105163574
2465,2021-11-26 03:11:27,532127,2.8230865001678467
2466,2021-11-26 04:11:10,532127,2.8271536827087402
2467,2021-11-26 04:11:16,532127,2.8300540447235107
2468,2021-11-26 04:11:28,532127,2.808053970336914
2469,2021-11-26 04:11:01,532129,2.7878897190093994
2470,2021-11-26 04:11:53,532129,2.787893295288086
2471,2021-11-26 06:11:52,532129,2.790595769882202
2472,2021-11-26 04:11:00,532130,2.8465263843536377
2473,2021-11-26 05:11:48,532130,2.761920690536499
2474,2021-11-26 06:11:12,532131,2.8572003841400146
2475,2021-11-26 06:11:33,532131,2.814269542694092
2476,2021-11-26 08:11:09,532131,2.7902019023895264
2477,2021-11-26 10:11:37,532131,2.804457426071167
2478,2021-11-26 10:11:50,532135,2.8242557048797607
2479,2021-11-26 10:11:52,532135,2.803265333175659
2480,2021-11-27 12:11:28,532135,2.8285632133483887
2481,2021-11-27 12:11:44,532135,2.802812099456787
2482,2021-11-27 03:11:43,532139,2.8444466590881348
2483,2021-11-27 05:11:00,532139,2.756319284439087
2484,2021-11-27 05:11:03,532139,2.84612774848938
2485,2021-11-27 05:11:39,532139,2.8406262397766113
2486,2021-11-27 06:11:48,532139,2.859163999557495
2487,2021-11-27 08:11:22,532139,2.7727227210998535
2488,2021-11-28 07:11:45,532139,2.7706820964813232
2489,2021-11-28 04:11:54,532140,2.8078949451446533
2490,2021-11-28 06:11:55,532140,2.8078134059906006
2491,2021-11-29 05:11:00,532140,2.801516056060791
2492,2021-11-29 07:11:08,532140,2.8341081142425537
2493,2021-11-29 06:11:40,532141,2.8160932064056396
2494,2021-11-29 01:11:21,532142,2.754870653152466
2495,2021-11-29 03:11:17,532142,2.7716948986053467
2496,2021-11-29 04:11:06,532142,2.8299953937530518
2497,2021-11-29 04:11:11,532142,2.7751431465148926
2498,2021-11-29 04:11:28,532142,2.837967872619629
2499,2021-11-29 05:11:07,532142,2.822918176651001
2500,2021-11-29 05:11:46,532142,2.9022276401519775
2501,2021-11-29 05:11:51,532142,2.800095558166504
2502,2021-11-29 06:11:14,532142,2.842284917831421
2503,2021-11-29 06:11:16,532142,2.875075578689575
2504,2021-11-29 06:11:43,532142,2.811877489089966
2505,2021-11-29 06:11:57,532142,2.803745746612549
2506,2021-11-29 07:11:04,532142,2.8231422901153564
2507,2021-11-29 07:11:06,532142,2.8236496448516846
2508,2021-11-29 07:11:45,532142,2.7747740745544434
2509,2021-11-29 07:11:51,532142,2.8074300289154053
2510,2021-11-29 08:11:27,532142,2.828662633895874
2511,2021-11-29 12:11:56,532142,2.8458166122436523
2512,2021-11-30 01:11:11,532142,2.847092628479004
2513,2021-11-29 05:11:24,532143,2.8155527114868164
2514,2021-11-29 05:11:43,532143,2.8423376083374023
2515,2021-11-29 07:11:59,532143,2.802950620651245
2516,2021-11-29 08:11:18,532143,2.817335605621338
2517,2021-11-29 09:11:30,532147,2.894235372543335
2518,2021-11-29 11:11:13,532147,2.8534553050994873
2519,2021-11-29 10:11:04,532149,2.823529005050659
2520,2021-11-30 01:11:37,532149,2.789884567260742
2521,2021-11-30 02:11:08,532149,2.827249050140381
2522,2021-11-30 02:11:12,532149,2.868354082107544
2523,2021-11-30 03:11:05,532149,2.8462743759155273
2524,2021-11-30 03:11:43,532149,2.8009562492370605
2525,2021-11-30 04:11:07,532149,2.7958974838256836
2526,2021-11-30 04:11:53,532149,2.852753162384033
2527,2021-11-30 05:11:31,532149,2.8447470664978027
2528,2021-11-30 05:11:41,532149,2.8269217014312744
2529,2021-11-30 05:11:53,532149,2.875614881515503
2530,2021-11-30 12:11:03,532149,2.874779224395752
2531,2021-11-30 12:11:27,532149,2.8415093421936035
2532,2021-11-30 06:11:36,532150,2.781182050704956
2533,2021-11-30 08:11:07,532150,2.815377712249756
2534,2021-11-30 08:11:06,532151,2.8280956745147705
2535,2021-11-30 10:11:39,532151,2.8253695964813232
2536,2021-11-30 01:11:29,532152,2.88358473777771
2537,2021-11-30 10:11:29,532152,2.841707944869995
2538,2021-11-30 11:11:05,532152,2.8508052825927734
2539,2021-11-30 11:11:14,532152,2.8361806869506836
2540,2021-11-30 12:11:59,532152,2.848074436187744
2541,2021-11-30 01:11:01,532155,2.883963108062744
2542,2021-11-30 01:11:14,532155,2.8498756885528564
2543,2021-11-30 03:11:25,532155,2.8350155353546143
2544,2021-11-30 03:11:37,532155,2.862006664276123
2545,2021-11-30 02:11:38,532156,2.850928544998169
2546,2021-11-30 04:11:35,532156,2.8198742866516113
2547,2021-11-30 06:11:11,532158,2.8762779235839844
2548,2021-11-30 06:11:24,532158,2.832810878753662
2549,2021-11-30 11:11:21,532158,2.7868244647979736
2550,2021-11-30 09:11:46,532159,2.8474044799804688
2551,2021-11-30 09:11:46,532159,2.7979981899261475
2552,2021-12-01 12:12:18,532159,2.822415351867676
2553,2021-12-01 12:12:41,532159,2.820436716079712
2554,2021-11-30 09:11:37,532160,2.8109233379364014
2555,2021-11-30 10:11:00,532160,2.787191152572632
2556,2021-12-01 01:12:12,532160,2.827331304550171
2557,2021-11-30 10:11:42,532161,2.834207773208618
2558,2021-12-01 12:12:10,532161,2.827754259109497
2559,2021-11-30 10:11:51,532164,2.748927593231201
2560,2021-11-30 11:11:34,532164,2.852503776550293
2561,2021-12-01 01:12:07,532164,2.7783689498901367
2562,2021-12-01 01:12:29,532164,2.8174777030944824
2563,2021-12-01 05:12:09,532165,2.822648048400879
2564,2021-12-01 12:12:48,532165,2.857607841491699
2565,2021-12-01 01:12:53,532168,2.8207058906555176
2566,2021-12-01 02:12:17,532168,2.8335187435150146
2567,2021-12-01 03:12:17,532168,2.817059278488159
2568,2021-12-01 12:12:03,532168,2.8468809127807617
2569,2021-12-01 05:12:53,532174,2.868962049484253
2570,2021-12-01 06:12:49,532174,2.81345272064209
2571,2021-12-01 07:12:30,532174,2.8183586597442627
2572,2021-12-01 07:12:54,532174,2.795030355453491
2573,2021-12-01 08:12:35,532174,2.8553144931793213
2574,2021-12-01 08:12:52,532174,2.7791802883148193
2575,2021-12-01 08:12:51,532175,2.8324573040008545
2576,2021-12-01 10:12:33,532175,2.8647570610046387
2577,2021-12-01 08:12:18,532176,2.801882743835449
2578,2021-12-01 10:12:56,532176,2.8017852306365967
2579,2021-12-01 11:12:07,532176,2.816434144973755
2580,2021-12-01 12:12:08,532176,2.837390899658203
2581,2021-12-02 04:12:04,532176,2.834953784942627
2582,2021-12-02 04:12:06,532176,2.8558857440948486
2583,2021-12-02 04:12:34,532176,2.768712043762207
2584,2021-12-01 05:12:02,532179,2.833778142929077
2585,2021-12-01 07:12:40,532179,2.8274519443511963
2586,2021-12-01 09:12:13,532179,2.7881357669830322
2587,2021-12-01 11:12:34,532179,2.815197706222534
2588,2021-12-01 10:12:37,532182,2.8403608798980713
2589,2021-12-01 10:12:54,532182,2.838529586791992
2590,2021-12-02 01:12:18,532182,2.8849239349365234
2591,2021-12-02 01:12:40,532182,2.8491780757904053
2592,2021-12-02 01:12:42,532184,2.8055343627929688
2593,2021-12-02 03:12:24,532184,2.8790066242218018
2594,2021-12-02 01:12:03,532188,2.8185205459594727
2595,2021-12-02 01:12:07,532188,2.8026156425476074
2596,2021-12-02 07:12:01,532191,2.8787174224853516
2597,2021-12-02 07:12:39,532191,2.7984187602996826
2598,2021-12-02 08:12:58,532191,2.819225788116455
2599,2021-12-02 09:12:44,532191,2.8853673934936523
2600,2021-12-02 09:12:47,532191,2.8110740184783936
2601,2021-12-02 11:12:47,532191,2.762226104736328
2602,2021-12-02 12:12:13,532191,2.8023769855499268
2603,2021-12-02 12:12:42,532191,2.8601834774017334
2604,2021-12-02 02:12:09,532193,2.857229709625244
2605,2021-12-02 02:12:29,532193,2.87874436378479
2606,2021-12-02 04:12:00,532193,2.860743284225464
2607,2021-12-02 04:12:59,532193,2.7692832946777344
2608,2021-12-02 03:12:14,532194,2.8260223865509033
2609,2021-12-02 04:12:10,532194,2.8331356048583984
2610,2021-12-02 07:12:57,532196,2.7327311038970947
2611,2021-12-02 08:12:34,532198,2.8255462646484375
2612,2021-12-02 10:12:36,532198,2.7954695224761963
2613,2021-12-02 10:12:54,532198,2.867733955383301
2614,2021-12-03 01:12:21,532198,2.8205795288085938
2615,2021-12-03 01:12:37,532198,2.808584451675415
2616,2021-12-03 12:12:54,532198,2.8285703659057617
2617,2021-12-03 12:12:57,532198,2.82220196723938
2618,2021-12-02 11:12:43,532199,2.8786325454711914
2619,2021-12-03 01:12:45,532199,2.8201279640197754
2620,2021-12-03 02:12:06,532201,2.8543052673339844
2621,2021-12-03 04:12:27,532201,2.852074146270752
2622,2021-12-03 01:12:20,532202,2.860598564147949
2623,2021-12-03 07:12:21,532202,2.844604253768921
2624,2021-12-03 08:12:49,532202,2.8131444454193115
2625,2021-12-03 09:12:03,532202,2.824756622314453
2626,2021-12-03 09:12:04,532202,2.8242154121398926
2627,2021-12-03 09:12:48,532202,2.8198435306549072
2628,2021-12-03 10:12:07,532202,2.8568592071533203
2629,2021-12-03 10:12:10,532202,2.8156747817993164
2630,2021-12-03 10:12:25,532202,2.784874677658081
2631,2021-12-03 11:12:06,532202,2.7853121757507324
2632,2021-12-03 11:12:20,532202,2.819977283477783
2633,2021-12-03 11:12:58,532202,2.8354153633117676
2634,2021-12-03 12:12:31,532202,2.795691728591919
2635,2021-12-03 12:12:56,532202,2.837407112121582
2636,2021-12-03 02:12:33,532204,2.7858035564422607
2637,2021-12-03 12:12:27,532204,2.8691506385803223
2638,2021-12-03 04:12:27,532205,2.860555648803711
2639,2021-12-03 04:12:53,532205,2.799252510070801
2640,2021-12-03 05:12:19,532205,2.796046495437622
2641,2021-12-03 06:12:46,532205,2.801884174346924
2642,2021-12-03 08:12:01,532206,2.852360963821411
2643,2021-12-03 11:12:30,532206,2.852903127670288
2644,2021-12-03 11:12:41,532208,2.8292782306671143
2645,2021-12-04 12:12:00,532208,2.7481462955474854
2646,2021-12-04 01:12:49,532209,2.8397839069366455
2647,2021-12-04 12:12:38,532209,2.795919895172119
2648,2021-12-04 01:12:34,532211,2.9178528785705566
2649,2021-12-04 02:12:03,532211,2.810185670852661
2650,2021-12-04 12:12:25,532211,2.7797036170959473
2651,2021-12-04 12:12:31,532211,2.8270139694213867
2652,2021-12-04 01:12:00,532213,2.811556339263916
2653,2021-12-04 06:12:38,532213,2.7821269035339355
2654,2021-12-04 08:12:26,532213,2.822700023651123
2655,2021-12-04 09:12:26,532213,2.8176281452178955
2656,2021-12-04 11:12:13,532213,2.8245577812194824
2657,2021-12-05 09:12:30,532213,2.828674077987671
2658,2021-12-05 09:12:58,532213,2.835627794265747
2659,2021-12-04 11:12:14,532214,2.765843629837036
2660,2021-12-05 12:12:01,532214,2.838223457336426
2661,2021-12-05 03:12:41,532215,2.823641300201416
2662,2021-12-05 04:12:53,532215,2.8438327312469482
2663,2021-12-05 08:12:56,532215,2.9160752296447754
2664,2021-12-05 10:12:35,532215,2.777212142944336
2665,2021-12-06 05:12:36,532219,2.8221142292022705
2666,2021-12-06 05:12:51,532219,2.853663682937622
2667,2021-12-06 05:12:56,532219,2.8292815685272217
2668,2021-12-06 06:12:15,532219,2.8405604362487793
2669,2021-12-06 06:12:44,532219,2.804670572280884
2670,2021-12-06 06:12:58,532219,2.8366987705230713
2671,2021-12-06 07:12:29,532219,2.832613706588745
2672,2021-12-06 07:12:37,532219,2.7885560989379883
2673,2021-12-06 07:12:39,532219,2.8619511127471924
2674,2021-12-06 08:12:24,532219,2.8398611545562744
2675,2021-12-06 09:12:27,532219,2.8195433616638184
2676,2021-12-06 07:12:43,532222,2.744907855987549
2677,2021-12-06 08:12:37,532222,2.805861234664917
2678,2021-12-06 07:12:12,532223,2.871030569076538
2679,2021-12-06 07:12:58,532223,2.843475341796875
2680,2021-12-06 09:12:00,532223,2.8677144050598145
2681,2021-12-06 09:12:37,532223,2.8465921878814697
2682,2021-12-06 08:12:18,532224,2.9261393547058105
2683,2021-12-06 08:12:39,532224,2.886728048324585
2684,2021-12-06 10:12:21,532224,2.8406238555908203
2685,2021-12-06 11:12:13,532226,2.8014976978302
2686,2021-12-07 01:12:29,532226,2.863121509552002
2687,2021-12-06 11:12:41,532227,2.848504066467285
2688,2021-12-07 05:12:01,532232,2.8329427242279053
2689,2021-12-07 07:12:24,532232,2.9004528522491455
2690,2021-12-07 06:12:14,532234,2.7914388179779053
2691,2021-12-07 02:12:57,532235,2.81935977935791
2692,2021-12-07 12:12:41,532235,2.924870729446411
2693,2021-12-07 01:12:18,532236,2.829885721206665
2694,2021-12-07 02:12:21,532236,2.8280365467071533
2695,2021-12-07 03:12:39,532236,2.8689329624176025
2696,2021-12-07 02:12:27,532237,2.8336055278778076
2697,2021-12-07 02:12:59,532237,2.7656493186950684
2698,2021-12-07 04:12:06,532237,2.8180642127990723
2699,2021-12-07 05:12:48,532237,2.809279203414917
2700,2021-12-07 05:12:51,532237,2.810575008392334
2701,2021-12-07 04:12:01,532240,2.822003126144409
2702,2021-12-07 05:12:54,532243,2.7855446338653564
2703,2021-12-07 09:12:39,532243,2.861680269241333
2704,2021-12-07 09:12:15,532246,2.8986666202545166
2705,2021-12-07 10:12:59,532246,2.8330938816070557
2706,2021-12-07 11:12:24,532247,2.8457229137420654
2707,2021-12-08 05:12:06,532247,2.809684991836548
2708,2021-12-08 07:12:12,532247,2.8418025970458984
2709,2021-12-08 08:12:33,532247,2.9132747650146484
2710,2021-12-08 08:12:44,532247,2.9023942947387695
2711,2021-12-08 09:12:01,532247,2.846374988555908
2712,2021-12-08 09:12:03,532247,2.825786828994751
2713,2021-12-08 09:12:22,532247,2.846637010574341
2714,2021-12-08 09:12:32,532247,2.823352336883545
2715,2021-12-08 09:12:42,532247,2.8710427284240723
2716,2021-12-08 09:12:46,532247,2.8423502445220947
2717,2021-12-08 10:12:15,532247,2.860187530517578
2718,2021-12-08 10:12:23,532247,2.7658538818359375
2719,2021-12-08 10:12:29,532247,2.8633289337158203
2720,2021-12-08 10:12:46,532247,2.861454725265503
2721,2021-12-08 11:12:24,532247,2.8460500240325928
2722,2021-12-08 11:12:34,532247,2.8515889644622803
2723,2021-12-08 11:12:41,532247,2.8823094367980957
2724,2021-12-08 11:12:44,532247,2.8068554401397705
2725,2021-12-08 12:12:43,532247,2.835360527038574
2726,2021-12-08 12:12:54,532248,2.8587517738342285
2727,2021-12-08 02:12:00,532249,2.8595597743988037
2728,2021-12-08 04:12:36,532249,2.8863799571990967
2729,2021-12-08 03:12:16,532251,2.8165597915649414
2730,2021-12-08 03:12:50,532251,2.8054678440093994
2731,2021-12-08 04:12:42,532251,2.7937495708465576
2732,2021-12-08 04:12:54,532251,2.8083150386810303
2733,2021-12-08 05:12:32,532251,2.8372223377227783
2734,2021-12-08 06:12:52,532251,2.8070406913757324
2735,2021-12-08 05:12:25,532253,2.779862880706787
2736,2021-12-08 06:12:34,532254,2.7945117950439453
2737,2021-12-08 06:12:56,532254,2.796229600906372
2738,2021-12-08 08:12:02,532254,2.788771390914917
2739,2021-12-08 09:12:41,532254,2.7936644554138184
2740,2021-12-08 10:12:09,532256,2.8922457695007324
2741,2021-12-08 10:12:15,532256,2.8143951892852783
2742,2021-12-08 11:12:39,532256,2.7964415550231934
2743,2021-12-09 12:12:12,532256,2.867375373840332
2744,2021-12-09 02:12:35,532258,2.854140281677246
2745,2021-12-09 04:12:52,532258,2.877631425857544
2746,2021-12-09 07:12:03,532261,2.836449384689331
2747,2021-12-09 07:12:06,532261,2.874008893966675
2748,2021-12-09 07:12:25,532261,2.892005443572998
2749,2021-12-09 07:12:53,532261,2.8439340591430664
2750,2021-12-09 08:12:02,532261,2.8682215213775635
2751,2021-12-09 08:12:06,532261,2.8271596431732178
2752,2021-12-09 08:12:15,532261,2.855306625366211
2753,2021-12-09 08:12:27,532261,2.811375141143799
2754,2021-12-09 09:12:47,532261,2.853679895401001
2755,2021-12-09 09:12:59,532261,2.7675232887268066
2756,2021-12-09 12:12:12,532261,2.8714358806610107
2757,2021-12-09 01:12:18,532262,2.8505356311798096
2758,2021-12-09 01:12:21,532262,2.865766763687134
2759,2021-12-09 01:12:46,532262,2.8979320526123047
2760,2021-12-09 01:12:50,532262,2.8418054580688477
2761,2021-12-09 01:12:52,532262,2.83262300491333
2762,2021-12-09 01:12:52,532262,2.858100414276123
2763,2021-12-09 02:12:06,532262,2.843632459640503
2764,2021-12-09 02:12:22,532262,2.8912951946258545
2765,2021-12-09 02:12:39,532262,2.845074415206909
2766,2021-12-09 02:12:40,532262,2.8588764667510986
2767,2021-12-09 02:12:47,532262,2.857335090637207
2768,2021-12-09 02:12:59,532262,2.871044158935547
2769,2021-12-09 03:12:28,532262,2.765962839126587
2770,2021-12-09 04:12:38,532262,2.8167946338653564
2771,2021-12-09 04:12:42,532262,2.83122181892395
2772,2021-12-09 11:12:34,532262,2.861607789993286
2773,2021-12-09 12:12:47,532262,2.8673436641693115
2774,2021-12-09 02:12:32,532263,2.8173956871032715
2775,2021-12-09 04:12:26,532263,2.8598954677581787
2776,2021-12-09 03:12:53,532267,2.80448055267334
2777,2021-12-09 05:12:44,532267,2.821218252182007
2778,2021-12-09 06:12:24,532269,2.824664831161499
2779,2021-12-09 06:12:45,532269,2.8769657611846924
2780,2021-12-09 07:12:15,532269,2.8253045082092285
2781,2021-12-09 10:12:17,532269,2.7934374809265137
2782,2021-12-09 10:12:01,532272,2.8390698432922363
2783,2021-12-10 04:12:05,532275,2.7968294620513916
2784,2021-12-10 05:12:29,532275,2.786983013153076
2785,2021-12-10 06:12:05,532275,2.8240134716033936
2786,2021-12-10 07:12:07,532275,2.8045542240142822
2787,2021-12-10 08:12:59,532277,2.830047130584717
2788,2021-12-10 09:12:41,532277,2.7748169898986816
2789,2021-12-10 10:12:14,532277,2.7754743099212646
2790,2021-12-10 11:12:20,532277,2.7954399585723877
2791,2021-12-10 11:12:40,532277,2.806647300720215
2792,2021-12-10 01:12:06,532278,2.816692352294922
2793,2021-12-10 01:12:23,532278,2.817234754562378
2794,2021-12-10 02:12:06,532278,2.824295997619629
2795,2021-12-10 02:12:07,532278,2.7909133434295654
2796,2021-12-10 02:12:45,532278,2.84806489944458
2797,2021-12-10 02:12:47,532278,2.7662925720214844
2798,2021-12-10 12:12:07,532278,2.7903153896331787
2799,2021-12-10 12:12:11,532278,2.8405802249908447
2800,2021-12-10 01:12:03,532279,2.7866744995117188
2801,2021-12-10 02:12:19,532279,2.8236308097839355
2802,2021-12-10 03:12:26,532280,2.817654609680176
2803,2021-12-10 08:12:11,532282,2.7861111164093018
2804,2021-12-10 08:12:44,532283,2.854015588760376
2805,2021-12-10 09:12:58,532283,2.8646531105041504
2806,2021-12-10 10:12:04,532285,2.945129156112671
2807,2021-12-10 11:12:14,532285,2.8377604484558105
2808,2021-12-10 11:12:45,532285,2.861457109451294
2809,2021-12-11 01:12:58,532285,2.865084171295166
2810,2021-12-11 02:12:42,532286,2.9132049083709717
2811,2021-12-11 04:12:29,532286,2.8963348865509033
2812,2021-12-11 01:12:40,532287,2.8806071281433105
2813,2021-12-11 11:12:50,532287,2.855785608291626
2814,2021-12-12 04:12:40,532288,2.9013266563415527
2815,2021-12-12 05:12:55,532288,2.848024606704712
2816,2021-12-13 07:12:41,532289,2.803074598312378
2817,2021-12-13 09:12:16,532289,2.8004796504974365
2818,2021-12-13 01:12:57,532290,2.8169310092926025
2819,2021-12-13 02:12:49,532290,2.8180301189422607
2820,2021-12-13 02:12:49,532290,2.8518407344818115
2821,2021-12-13 12:12:41,532290,2.8874869346618652
2822,2021-12-13 01:12:15,532291,2.8293864727020264
2823,2021-12-13 01:12:42,532291,2.9122278690338135
2824,2021-12-13 12:12:15,532291,2.8576719760894775
2825,2021-12-13 12:12:45,532291,2.8279495239257812
2826,2021-12-13 02:12:53,532292,2.846219301223755
2827,2021-12-13 03:12:28,532292,2.873039960861206
2828,2021-12-13 02:12:22,532293,2.8753459453582764
2829,2021-12-13 07:12:49,532293,2.8273072242736816
2830,2021-12-13 08:12:30,532293,2.893181562423706
2831,2021-12-13 07:12:47,532294,2.8513286113739014
2832,2021-12-13 08:12:59,532294,2.860065221786499
2833,2021-12-13 09:12:46,532294,2.8528575897216797
2834,2021-12-14 02:12:03,532298,2.8205437660217285
2835,2021-12-14 03:12:15,532298,2.8056862354278564
2836,2021-12-14 06:12:08,532298,2.788245439529419
2837,2021-12-14 06:12:23,532298,2.8314783573150635
2838,2021-12-14 07:12:57,532298,2.8026716709136963
2839,2021-12-14 08:12:00,532298,2.8367815017700195
2840,2021-12-14 08:12:13,532298,2.8849761486053467
2841,2021-12-14 08:12:36,532298,2.7717385292053223
2842,2021-12-14 09:12:24,532298,2.788785696029663
2843,2021-12-14 01:12:30,532301,2.788705825805664
2844,2021-12-14 01:12:57,532301,2.8028059005737305
2845,2021-12-14 10:12:18,532301,2.803161144256592
2846,2021-12-14 10:12:36,532301,2.755535840988159
2847,2021-12-14 11:12:43,532301,2.7928051948547363
2848,2021-12-14 11:12:58,532301,2.818098545074463
2849,2021-12-14 12:12:03,532301,2.850564956665039
2850,2021-12-14 12:12:18,532301,2.7868902683258057
2851,2021-12-14 02:12:07,532303,2.8964409828186035
2852,2021-12-14 02:12:15,532303,2.8893649578094482
2853,2021-12-14 02:12:21,532303,2.8131515979766846
2854,2021-12-14 02:12:32,532303,2.7920243740081787
2855,2021-12-14 03:12:32,532303,2.8274075984954834
2856,2021-12-14 03:12:43,532303,2.8029768466949463
2857,2021-12-14 04:12:54,532303,2.8235321044921875
2858,2021-12-14 03:12:04,532305,2.8582048416137695
2859,2021-12-14 03:12:31,532305,2.892622709274292
2860,2021-12-14 05:12:32,532305,2.879180669784546
2861,2021-12-14 06:12:04,532305,2.8616137504577637
2862,2021-12-14 04:12:10,532307,2.90289568901062
2863,2021-12-14 04:12:21,532307,2.8969547748565674
2864,2021-12-14 04:12:59,532308,2.873213291168213
2865,2021-12-14 06:12:20,532308,2.836216688156128
2866,2021-12-14 05:12:33,532309,2.8438098430633545
2867,2021-12-14 05:12:57,532309,2.8650829792022705
2868,2021-12-14 06:12:44,532309,2.849959135055542
2869,2021-12-14 07:12:27,532309,2.895617723464966
2870,2021-12-14 06:12:44,532313,2.799795389175415
2871,2021-12-14 06:12:59,532313,2.828444004058838
2872,2021-12-14 08:12:37,532313,2.8976995944976807
2873,2021-12-14 09:12:00,532314,2.6526429653167725
2874,2021-12-14 09:12:24,532314,2.8584330081939697
2875,2021-12-14 10:12:12,532314,2.9300453662872314
2876,2021-12-14 10:12:27,532314,2.84222149848938
2877,2021-12-14 10:12:30,532314,2.7001399993896484
2878,2021-12-14 10:12:35,532314,2.863121747970581
2879,2021-12-14 11:12:06,532314,2.8900394439697266
2880,2021-12-14 11:12:30,532314,2.900859832763672
2881,2021-12-14 11:12:33,532314,2.826554536819458
2882,2021-12-14 11:12:34,532314,2.8949317932128906
2883,2021-12-14 11:12:37,532314,2.8495168685913086
2884,2021-12-15 01:12:32,532314,2.8460235595703125
2885,2021-12-15 01:12:35,532314,2.835134983062744
2886,2021-12-15 12:12:44,532314,2.8924734592437744
2887,2021-12-15 02:12:20,532315,2.8812007904052734
2888,2021-12-15 04:12:41,532315,2.8505380153656006
2889,2021-12-15 04:12:52,532317,2.8556790351867676
2890,2021-12-15 04:12:58,532317,2.9587621688842773
2891,2021-12-15 06:12:02,532317,2.876816987991333
2892,2021-12-15 06:12:37,532317,2.8444178104400635
2893,2021-12-15 02:12:58,532318,2.843442916870117
2894,2021-12-15 06:12:00,532318,2.8287763595581055
2895,2021-12-15 07:12:06,532318,2.871279001235962
2896,2021-12-15 07:12:09,532318,2.8342432975769043
2897,2021-12-15 09:12:19,532318,2.8560996055603027
2898,2021-12-15 09:12:35,532318,2.8453023433685303
2899,2021-12-15 09:12:46,532318,2.786564350128174
2900,2021-12-15 11:12:00,532318,2.8281946182250977
2901,2021-12-15 11:12:27,532318,2.807251453399658
2902,2021-12-15 12:12:02,532318,2.822582960128784
2903,2021-12-15 12:12:09,532318,2.8776304721832275
2904,2021-12-15 12:12:23,532318,2.8197028636932373
2905,2021-12-15 12:12:58,532318,2.8766977787017822
2906,2021-12-15 01:12:10,532319,2.8014323711395264
2907,2021-12-15 01:12:38,532319,2.882530450820923
2908,2021-12-15 02:12:07,532319,2.7920689582824707
2909,2021-12-15 01:12:19,532320,2.8663687705993652
2910,2021-12-15 03:12:39,532320,2.872511863708496
2911,2021-12-15 03:12:21,532324,2.844888687133789
2912,2021-12-15 03:12:47,532324,2.9577622413635254
2913,2021-12-15 04:12:05,532324,2.8591501712799072
2914,2021-12-15 04:12:36,532324,2.809635877609253
2915,2021-12-15 04:12:45,532324,2.7385852336883545
2916,2021-12-15 05:12:35,532324,2.818101644515991
2917,2021-12-15 05:12:39,532324,2.843719005584717
2918,2021-12-15 06:12:02,532324,2.8720741271972656
2919,2021-12-15 06:12:50,532324,2.8385508060455322
2920,2021-12-15 04:12:32,532325,2.876417636871338
2921,2021-12-15 06:12:17,532325,2.9808807373046875
2922,2021-12-15 08:12:33,532325,2.898470163345337
2923,2021-12-15 08:12:52,532326,2.8661131858825684
2924,2021-12-15 10:12:05,532326,2.830502986907959
2925,2021-12-15 09:12:42,532330,2.897751808166504
2926,2021-12-16 01:12:31,532334,2.86567759513855
2927,2021-12-16 09:12:49,532335,2.845524311065674
2928,2021-12-16 10:12:38,532335,2.792879581451416
2929,2021-12-16 10:12:02,532336,2.8796074390411377
2930,2021-12-16 10:12:09,532336,2.886460304260254
2931,2021-12-16 11:12:57,532336,2.8676600456237793
2932,2021-12-16 11:12:32,532337,2.853975772857666
2933,2021-12-16 02:12:18,532339,2.8704826831817627
2934,2021-12-16 12:12:37,532339,2.852360725402832
2935,2021-12-16 02:12:21,532343,2.864410638809204
2936,2021-12-16 02:12:04,532344,2.8071768283843994
2937,2021-12-16 03:12:28,532344,2.839095115661621
2938,2021-12-16 06:12:05,532349,2.8581655025482178
2939,2021-12-16 06:12:39,532349,2.7714006900787354
2940,2021-12-16 07:12:38,532353,2.879575729370117
2941,2021-12-16 08:12:43,532354,2.8315274715423584
2942,2021-12-16 09:12:53,532354,2.827061414718628
2943,2021-12-17 05:12:00,532361,2.92671275138855
2944,2021-12-17 05:12:42,532361,2.912231683731079
2945,2021-12-17 08:12:31,532362,2.8911428451538086
2946,2021-12-17 09:12:33,532362,2.894831418991089
2947,2021-12-17 10:12:02,532362,2.813006639480591
2948,2021-12-17 10:12:09,532362,2.8579022884368896
2949,2021-12-17 11:12:02,532362,2.8581602573394775
2950,2021-12-17 11:12:58,532362,2.893829107284546
2951,2021-12-17 01:12:34,532363,2.9185545444488525
2952,2021-12-17 01:12:50,532363,2.8523285388946533
2953,2021-12-17 01:12:52,532363,2.833714008331299
2954,2021-12-17 01:12:55,532363,2.8398406505584717
2955,2021-12-17 02:12:14,532363,2.8619613647460938
2956,2021-12-17 03:12:44,532363,2.8901960849761963
2957,2021-12-17 06:12:14,532363,2.9164016246795654
2958,2021-12-17 06:12:50,532363,2.851846933364868
2959,2021-12-17 07:12:35,532363,2.9542906284332275
2960,2021-12-17 08:12:59,532363,2.778660774230957
2961,2021-12-17 09:12:14,532363,2.905367136001587
2962,2021-12-17 12:12:55,532363,2.8585329055786133
2963,2021-12-17 10:12:26,532364,2.878582000732422
2964,2021-12-17 11:12:37,532364,2.9158592224121094
2965,2021-12-18 02:12:58,532364,2.8624038696289062
2966,2021-12-18 12:12:04,532364,2.8397374153137207
2967,2021-12-18 12:12:40,532364,2.857989549636841
2968,2021-12-18 12:12:50,532364,2.896815299987793
2969,2021-12-18 12:12:53,532364,2.875586986541748
2970,2021-12-18 01:12:12,532365,2.88047456741333
2971,2021-12-18 02:12:29,532365,2.875101089477539
2972,2021-12-18 03:12:48,532365,2.860715627670288
2973,2021-12-18 04:12:06,532365,2.8761096000671387
2974,2021-12-18 06:12:28,532366,2.8243086338043213
2975,2021-12-18 07:12:48,532366,2.8616092205047607
2976,2021-12-18 08:12:12,532366,2.8134396076202393
2977,2021-12-18 08:12:26,532366,2.8523807525634766
2978,2021-12-19 04:12:15,532366,2.8997745513916016
2979,2021-12-19 05:12:39,532366,2.8257672786712646
2980,2021-12-20 04:12:29,532367,2.7921416759490967
2981,2021-12-20 04:12:30,532367,2.864777088165283
2982,2021-12-20 05:12:51,532367,2.9107725620269775
2983,2021-12-20 08:12:34,532367,3.0282175540924072
2984,2021-12-20 09:12:27,532367,2.8522355556488037
2985,2021-12-20 01:12:09,532368,2.8951706886291504
2986,2021-12-20 02:12:49,532368,2.876643180847168
2987,2021-12-20 12:12:11,532368,2.9110207557678223
2988,2021-12-20 12:12:36,532368,2.823852777481079
2989,2021-12-20 03:12:54,532369,2.8620855808258057
2990,2021-12-20 02:12:31,532370,2.901122570037842
2991,2021-12-20 03:12:31,532370,2.8601295948028564
2992,2021-12-20 04:12:01,532370,2.8321266174316406
2993,2021-12-20 04:12:22,532370,2.901089906692505
2994,2021-12-20 04:12:59,532370,2.8722827434539795
2995,2021-12-20 05:12:39,532370,2.827343225479126
2996,2021-12-20 05:12:13,532371,2.8794825077056885
2997,2021-12-20 06:12:05,532372,2.8944714069366455
2998,2021-12-20 08:12:30,532372,2.968834638595581
2999,2021-12-21 05:12:09,532372,2.837461233139038
3000,2021-12-21 11:12:29,532372,2.8695669174194336
3001,2021-12-20 07:12:55,532376,2.862278461456299
3002,2021-12-20 08:12:21,532376,2.798577308654785
3003,2021-12-20 09:12:26,532376,2.8099205493927
3004,2021-12-20 10:12:44,532376,2.845754384994507
3005,2021-12-21 02:12:46,532377,2.8354196548461914
3006,2021-12-21 06:12:00,532378,2.8388824462890625
3007,2021-12-21 08:12:56,532380,2.8342537879943848
3008,2021-12-21 10:12:27,532380,2.8325483798980713
3009,2021-12-21 10:12:48,532380,2.827838182449341
3010,2021-12-21 01:12:19,532381,2.822382688522339
3011,2021-12-21 02:12:07,532381,2.894350051879883
3012,2021-12-21 02:12:32,532381,2.8487164974212646
3013,2021-12-21 12:12:10,532381,2.854891061782837
3014,2021-12-21 12:12:53,532381,2.836230993270874
3015,2021-12-21 02:12:54,532384,2.8673388957977295
3016,2021-12-21 03:12:35,532384,2.899071455001831
3017,2021-12-21 03:12:00,532386,2.7869064807891846
3018,2021-12-21 04:12:35,532386,2.848471164703369
3019,2021-12-21 03:12:32,532389,2.8302156925201416
3020,2021-12-21 05:12:19,532389,2.8816921710968018
3021,2021-12-21 05:12:25,532389,2.8817694187164307
3022,2021-12-21 06:12:47,532389,2.841416358947754
3023,2021-12-21 07:12:41,532389,2.8791370391845703
3024,2021-12-21 06:12:28,532390,2.8299899101257324
3025,2021-12-21 08:12:28,532390,2.8521363735198975
3026,2021-12-21 08:12:55,532390,2.809056282043457
3027,2021-12-21 10:12:01,532397,2.8751611709594727
3028,2021-12-21 10:12:17,532398,2.848745346069336
3029,2021-12-21 11:12:56,532398,2.8409621715545654
3030,2021-12-22 01:12:22,532398,2.842435359954834
3031,2021-12-22 01:12:53,532398,2.832744836807251
3032,2021-12-22 05:12:41,532398,2.8900458812713623
3033,2021-12-22 05:12:47,532398,2.814269542694092
3034,2021-12-22 05:12:56,532398,2.8502626419067383
3035,2021-12-22 06:12:31,532398,2.8580212593078613
3036,2021-12-22 06:12:41,532398,2.8871006965637207
3037,2021-12-22 06:12:46,532398,2.8529469966888428
3038,2021-12-22 10:12:40,532398,2.8319168090820312
3039,2021-12-22 10:12:46,532398,2.8598523139953613
3040,2021-12-22 11:12:39,532398,2.7749264240264893
3041,2021-12-22 12:12:44,532398,2.8165037631988525
3042,2021-12-22 12:12:59,532398,2.7733211517333984
3043,2021-12-22 05:12:45,532405,2.843778610229492
3044,2021-12-22 08:12:51,532406,2.9029300212860107
3045,2021-12-22 09:12:15,532407,2.8482797145843506
3046,2021-12-22 09:12:24,532407,2.9061481952667236
3047,2021-12-22 10:12:22,532407,2.87715220451355
3048,2021-12-22 10:12:53,532407,2.89974045753479
3049,2021-12-22 10:12:12,532408,2.9191081523895264
3050,2021-12-22 10:12:59,532408,2.8269662857055664
3051,2021-12-22 11:12:06,532408,2.904417037963867
3052,2021-12-22 11:12:44,532408,2.9084889888763428
3053,2021-12-23 12:12:34,532408,2.853447198867798
3054,2021-12-23 03:12:07,532409,2.8485162258148193
3055,2021-12-23 04:12:30,532409,2.880272626876831
3056,2021-12-23 07:12:16,532411,2.870772123336792
3057,2021-12-23 08:12:19,532411,2.8090453147888184
3058,2021-12-23 09:12:34,532411,2.902066469192505
3059,2021-12-23 10:12:18,532411,2.902513027191162
3060,2021-12-23 01:12:04,532412,2.9324657917022705
3061,2021-12-23 01:12:28,532412,2.8618667125701904
3062,2021-12-23 01:12:51,532412,2.830587863922119
3063,2021-12-23 01:12:59,532412,2.906322956085205
3064,2021-12-23 02:12:32,532412,2.881103515625
3065,2021-12-23 11:12:02,532412,2.8732213973999023
3066,2021-12-23 11:12:06,532412,2.895007610321045
3067,2021-12-23 11:12:15,532412,2.8723886013031006
3068,2021-12-23 11:12:39,532412,2.8988659381866455
3069,2021-12-23 11:12:55,532412,2.8667373657226562
3070,2021-12-23 12:12:17,532412,2.8496592044830322
3071,2021-12-23 12:12:35,532412,2.8430566787719727
3072,2021-12-23 12:12:48,532412,2.8698997497558594
3073,2021-12-23 01:12:35,532414,2.822521448135376
3074,2021-12-23 04:12:05,532416,2.8922629356384277
3075,2021-12-23 05:12:10,532416,2.891876220703125
3076,2021-12-23 08:12:30,532421,2.826739549636841
3077,2021-12-23 08:12:31,532421,2.8559837341308594
3078,2021-12-23 09:12:41,532421,2.8771262168884277
3079,2021-12-24 02:12:01,532421,2.8008813858032227
3080,2021-12-24 04:12:39,532422,2.8917346000671387
3081,2021-12-24 05:12:01,532422,2.8348419666290283
3082,2021-12-24 05:12:13,532422,2.9249792098999023
3083,2021-12-24 05:12:52,532422,2.863943576812744
3084,2021-12-24 06:12:27,532422,2.910503387451172
3085,2021-12-24 06:12:29,532422,2.879326581954956
3086,2021-12-24 06:12:31,532422,2.8919034004211426
3087,2021-12-24 06:12:55,532422,2.9600250720977783
3088,2021-12-24 07:12:07,532422,2.864837646484375
3089,2021-12-24 07:12:42,532422,2.877101182937622
3090,2021-12-24 01:12:18,532423,2.850785255432129
3091,2021-12-24 01:12:34,532423,2.8917477130889893
3092,2021-12-24 09:12:57,532423,2.88370418548584
3093,2021-12-24 10:12:24,532423,2.9126296043395996
3094,2021-12-24 11:12:37,532423,2.85772705078125
3095,2021-12-24 11:12:55,532423,2.8939290046691895
3096,2021-12-24 12:12:19,532423,2.880419969558716
3097,2021-12-24 02:12:25,532424,2.9215664863586426
3098,2021-12-24 11:12:24,532424,2.8425192832946777
3099,2021-12-24 12:12:04,532424,2.851658344268799
3100,2021-12-24 12:12:23,532424,2.924180746078491
3101,2021-12-24 02:12:00,532425,2.7960896492004395
3102,2021-12-24 03:12:43,532425,2.830888032913208
3103,2021-12-27 09:12:42,532430,2.8685617446899414
3104,2021-12-27 10:12:33,532430,2.785216808319092
3105,2021-12-27 10:12:50,532430,2.818185806274414
3106,2021-12-27 12:12:19,532430,2.874437093734741
3107,2021-12-27 01:12:14,532434,2.917872428894043
3108,2021-12-27 03:12:56,532434,2.8180341720581055
3109,2021-12-28 02:12:49,532436,2.9181435108184814
3110,2021-12-28 03:12:32,532436,2.9009060859680176
3111,2021-12-28 06:12:18,532436,2.9139773845672607
3112,2021-12-28 08:12:48,532436,2.904033899307251
3113,2021-12-28 09:12:05,532436,2.8886444568634033
3114,2021-12-28 10:12:15,532436,2.9325900077819824
3115,2021-12-28 11:12:21,532436,2.8987998962402344
3116,2021-12-28 03:12:14,532437,2.890660524368286
3117,2021-12-28 03:12:59,532437,2.8689961433410645
3118,2021-12-28 04:12:17,532437,2.877614974975586
3119,2021-12-28 04:12:32,532437,2.8827168941497803
3120,2021-12-28 04:12:56,532437,3.0410079956054688
3121,2021-12-28 05:12:33,532437,2.8500277996063232
3122,2021-12-28 05:12:34,532437,2.902641534805298
3123,2021-12-28 05:12:58,532437,2.914534330368042
3124,2021-12-29 05:12:26,532438,2.9116499423980713
3125,2021-12-29 06:12:37,532438,2.8644182682037354
3126,2021-12-29 01:12:38,532440,2.911109685897827
3127,2021-12-29 02:12:59,532440,2.871829032897949
3128,2021-12-29 04:12:03,532440,2.8534505367279053
3129,2021-12-30 05:12:01,532445,2.8615925312042236
3130,2021-12-30 06:12:25,532445,2.839155673980713
3131,2021-12-30 06:12:37,532445,2.9258980751037598
3132,2021-12-30 08:12:54,532445,2.8294827938079834
3133,2021-12-31 02:12:59,532446,2.875434160232544
3134,2021-12-31 12:12:06,532446,2.8172714710235596
3135,2021-12-31 05:12:13,532447,2.800581693649292
3136,2021-12-31 06:12:55,532447,2.8375120162963867
3137,2021-12-31 07:12:52,532447,2.848921775817871
3138,2021-12-31 07:12:22,532448,2.8964240550994873
3139,2021-12-31 09:12:12,532449,2.857006311416626
3140,2021-12-31 10:12:00,532449,2.9099535942077637
3141,2021-12-31 10:12:31,532449,2.8781538009643555
3142,2021-12-31 11:12:11,532449,2.8728654384613037
3143,2022-01-02 04:01:28,532449,2.815528154373169
3144,2022-01-03 04:01:00,532449,2.8208329677581787
3145,2022-01-03 04:01:54,532449,2.8505594730377197
3146,2022-01-03 06:01:45,532449,2.85941219329834
3147,2022-01-03 06:01:49,532449,2.869659423828125
3148,2022-01-03 06:01:46,532452,2.8618004322052
3149,2022-01-03 11:01:04,532453,2.8770198822021484
3150,2022-01-03 11:01:59,532453,2.8458127975463867
3151,2022-01-03 12:01:14,532453,2.874397039413452
3152,2022-01-03 12:01:16,532453,2.8640177249908447
3153,2022-01-03 11:01:32,532454,2.891307830810547
3154,2022-01-03 01:01:42,532455,2.803640842437744
3155,2022-01-03 01:01:57,532455,2.7739946842193604
3156,2022-01-03 02:01:26,532455,2.876148223876953
3157,2022-01-03 02:01:56,532455,2.8522396087646484
3158,2022-01-03 03:01:02,532455,2.819836139678955
3159,2022-01-03 03:01:53,532455,2.815030813217163
3160,2022-01-03 04:01:23,532455,2.8804514408111572
3161,2022-01-03 05:01:35,532456,2.850069522857666
3162,2022-01-03 06:01:43,532456,2.7681915760040283
3163,2022-01-04 06:01:03,532459,2.8922927379608154
3164,2022-01-04 06:01:42,532459,2.8416905403137207
3165,2022-01-04 08:01:45,532459,2.854749917984009
3166,2022-01-04 07:01:16,532462,2.7982070446014404
3167,2022-01-04 08:01:14,532462,2.8109586238861084
3168,2022-01-04 09:01:09,532462,2.811645746231079
3169,2022-01-04 10:01:27,532462,2.858430862426758
3170,2022-01-04 10:01:29,532462,2.816999912261963
3171,2022-01-04 11:01:16,532462,2.8053245544433594
3172,2022-01-04 12:01:30,532462,2.839839458465576
3173,2022-01-04 02:01:38,532465,2.864877700805664
3174,2022-01-04 03:01:20,532465,2.8062758445739746
3175,2022-01-04 04:01:39,532465,2.818389654159546
3176,2022-01-04 03:01:54,532467,2.844773530960083
3177,2022-01-04 04:01:19,532467,2.8671255111694336
3178,2022-01-04 04:01:21,532467,2.831798553466797
3179,2022-01-04 05:01:08,532467,2.83282732963562
3180,2022-01-04 04:01:34,532468,2.8547370433807373
3181,2022-01-04 06:01:06,532468,2.8425748348236084
3182,2022-01-04 04:01:30,532469,2.8912739753723145
3183,2022-01-04 06:01:12,532469,2.84932279586792
3184,2022-01-04 06:01:28,532469,2.89327073097229
3185,2022-01-04 08:01:20,532469,2.843919277191162
3186,2022-01-04 08:01:36,532469,2.8468685150146484
3187,2022-01-04 08:01:44,532469,2.836862087249756
3188,2022-01-05 02:01:24,532474,2.859300374984741
3189,2022-01-05 03:01:29,532474,2.822359323501587
3190,2022-01-05 04:01:54,532474,2.77699613571167
3191,2022-01-05 05:01:07,532474,2.850534200668335
3192,2022-01-05 05:01:11,532474,2.8616628646850586
3193,2022-01-05 05:01:43,532474,2.8106977939605713
3194,2022-01-05 05:01:22,532475,2.8028008937835693
3195,2022-01-05 06:01:55,532475,2.8502230644226074
3196,2022-01-05 05:01:06,532476,2.8809595108032227
3197,2022-01-05 05:01:35,532476,2.81034255027771
3198,2022-01-05 05:01:53,532476,2.8707573413848877
3199,2022-01-05 06:01:02,532476,2.8237545490264893
3200,2022-01-05 06:01:56,532476,2.813859462738037
3201,2022-01-05 07:01:34,532476,2.7995691299438477
3202,2022-01-05 07:01:41,532477,2.8241312503814697
3203,2022-01-05 09:01:21,532477,2.865657329559326
3204,2022-01-05 01:01:40,532478,2.817061185836792
3205,2022-01-05 08:01:51,532478,2.8269765377044678
3206,2022-01-05 09:01:34,532478,2.7975094318389893
3207,2022-01-05 09:01:56,532478,2.886641025543213
3208,2022-01-05 10:01:21,532478,2.803596258163452
3209,2022-01-05 11:01:12,532478,2.821802854537964
3210,2022-01-05 11:01:18,532478,2.857124090194702
3211,2022-01-05 11:01:55,532478,2.837089776992798
3212,2022-01-05 12:01:08,532478,2.850984811782837
3213,2022-01-05 12:01:10,532478,2.8156208992004395
3214,2022-01-05 12:01:22,532478,2.8375062942504883
3215,2022-01-05 12:01:29,532478,2.8239331245422363
3216,2022-01-05 12:01:33,532478,2.853339195251465
3217,2022-01-05 12:01:43,532478,2.865581750869751
3218,2022-01-05 12:01:50,532478,2.792917251586914
3219,2022-01-05 12:01:59,532478,2.865095376968384
3220,2022-01-05 01:01:45,532479,2.8605611324310303
3221,2022-01-05 03:01:14,532483,2.9830753803253174
3222,2022-01-05 04:01:58,532483,2.904308319091797
3223,2022-01-05 06:01:19,532483,2.8148205280303955
3224,2022-01-05 07:01:00,532487,2.8634650707244873
3225,2022-01-05 08:01:03,532487,2.88429594039917
3226,2022-01-05 08:01:21,532489,2.8220624923706055
3227,2022-01-05 10:01:34,532489,2.7967495918273926
3228,2022-01-06 01:01:40,532490,2.865367889404297
3229,2022-01-06 02:01:41,532490,2.830880880355835
3230,2022-01-06 05:01:45,532493,2.837919235229492
3231,2022-01-06 07:01:27,532493,2.88234543800354
3232,2022-01-06 09:01:14,532493,2.7950186729431152
3233,2022-01-06 10:01:51,532493,2.8248538970947266
3234,2022-01-06 10:01:57,532493,2.8817267417907715
3235,2022-01-06 11:01:07,532493,2.8385026454925537
3236,2022-01-06 11:01:10,532493,2.8022966384887695
3237,2022-01-06 11:01:31,532493,2.880305528640747
3238,2022-01-06 11:01:47,532493,2.8032548427581787
3239,2022-01-06 11:01:56,532493,2.8491413593292236
3240,2022-01-06 12:01:13,532493,2.830631732940674
3241,2022-01-06 12:01:27,532493,2.8596081733703613
3242,2022-01-06 12:01:31,532493,2.85082745552063
3243,2022-01-06 12:01:40,532493,2.8167154788970947
3244,2022-01-06 02:01:34,532494,2.8977837562561035
3245,2022-01-06 12:01:12,532494,2.8501968383789062
3246,2022-01-06 01:01:03,532495,2.848405599594116
3247,2022-01-06 01:01:26,532495,2.8860385417938232
3248,2022-01-06 02:01:01,532495,2.8320534229278564
3249,2022-01-06 04:01:16,532495,2.8104145526885986
3250,2022-01-06 04:01:42,532495,2.755986213684082
3251,2022-01-06 05:01:02,532495,2.8685662746429443
3252,2022-01-06 08:01:14,532495,2.8642287254333496
3253,2022-01-06 09:01:03,532495,2.8414804935455322
3254,2022-01-06 09:01:25,532495,2.8478565216064453
3255,2022-01-06 09:01:32,532495,2.8394501209259033
3256,2022-01-06 10:01:54,532495,2.827409029006958
3257,2022-01-07 03:01:50,532495,2.8505353927612305
3258,2022-01-07 04:01:31,532495,2.8335602283477783
3259,2022-01-07 04:01:47,532495,2.888148784637451
3260,2022-01-07 05:01:13,532495,2.880125045776367
3261,2022-01-07 05:01:13,532495,2.817450761795044
3262,2022-01-07 06:01:52,532495,2.800799608230591
3263,2022-01-07 06:01:58,532495,2.8801982402801514
3264,2022-01-07 10:01:42,532496,2.7882091999053955
3265,2022-01-07 02:01:48,532497,2.8372325897216797
3266,2022-01-07 10:01:01,532497,2.9140188694000244
3267,2022-01-07 12:01:20,532497,2.8260154724121094
3268,2022-01-07 12:01:32,532497,2.954819917678833
3269,2022-01-07 01:01:24,532498,2.8214144706726074
3270,2022-01-07 03:01:23,532498,2.876809597015381
3271,2022-01-07 02:01:17,532499,2.810272455215454
3272,2022-01-07 03:01:11,532499,2.882460832595825
3273,2022-01-07 03:01:17,532503,2.8708059787750244
3274,2022-01-07 05:01:50,532503,2.877098321914673
3275,2022-01-07 05:01:22,532504,2.8770313262939453
3276,2022-01-07 06:01:59,532504,2.9093151092529297
3277,2022-01-07 11:01:01,532506,2.9038078784942627
3278,2022-01-08 01:01:30,532506,2.8597891330718994
3279,2022-01-08 05:01:25,532506,2.9116225242614746
3280,2022-01-09 04:01:46,532506,2.8926782608032227
3281,2022-01-09 05:01:55,532506,2.935607671737671
3282,2022-01-10 04:01:14,532508,2.8716883659362793
3283,2022-01-10 05:01:01,532508,2.9242985248565674
3284,2022-01-10 09:01:22,532510,2.893561363220215
3285,2022-01-10 01:01:22,532511,2.880760431289673
3286,2022-01-10 01:01:48,532511,2.8628716468811035
3287,2022-01-10 01:01:54,532511,2.8611929416656494
3288,2022-01-10 11:01:37,532511,2.888622760772705
3289,2022-01-10 01:01:14,532513,2.8693885803222656
3290,2022-01-10 01:01:47,532513,2.8687143325805664
3291,2022-01-10 02:01:28,532513,2.937828540802002
3292,2022-01-10 02:01:33,532513,2.8695247173309326
3293,2022-01-10 01:01:19,532515,2.87595272064209
3294,2022-01-10 03:01:50,532515,2.829474687576294
3295,2022-01-10 02:01:54,532516,2.864063262939453
3296,2022-01-10 03:01:44,532517,2.8182458877563477
3297,2022-01-10 04:01:01,532518,2.863111734390259
3298,2022-01-10 04:01:49,532518,2.881593704223633
3299,2022-01-10 05:01:47,532518,2.884460210800171
3300,2022-01-10 05:01:57,532519,2.926629066467285
3301,2022-01-10 07:01:45,532519,2.8355138301849365
3302,2022-01-10 06:01:19,532520,2.9617607593536377
3303,2022-01-10 08:01:42,532520,2.8660144805908203
3304,2022-01-10 08:01:56,532521,2.808382987976074
3305,2022-01-10 09:01:20,532521,2.8474280834198
3306,2022-01-10 09:01:34,532521,2.8214528560638428
3307,2022-01-10 10:01:21,532521,2.8534741401672363
3308,2022-01-10 10:01:50,532523,2.845277786254883
3309,2022-01-10 11:01:15,532523,2.8752055168151855
3310,2022-01-10 09:01:19,532524,2.794189929962158
3311,2022-01-11 01:01:13,532525,2.8147401809692383
3312,2022-01-11 02:01:36,532525,2.7982444763183594
3313,2022-01-11 03:01:05,532525,2.828841209411621
3314,2022-01-11 12:01:45,532525,2.8655312061309814
3315,2022-01-11 05:01:14,532526,2.9194791316986084
3316,2022-01-11 06:01:32,532527,2.811931610107422
3317,2022-01-11 06:01:51,532527,2.85963773727417
3318,2022-01-11 06:01:52,532527,2.833730697631836
3319,2022-01-11 07:01:18,532527,2.8208768367767334
3320,2022-01-11 07:01:58,532527,2.867856979370117
3321,2022-01-11 08:01:45,532527,2.8264029026031494
3322,2022-01-11 01:01:11,532528,2.862527370452881
3323,2022-01-11 01:01:24,532528,2.829841136932373
3324,2022-01-11 01:01:31,532528,2.7737088203430176
3325,2022-01-11 01:01:52,532528,2.8542985916137695
3326,2022-01-11 01:01:56,532528,2.8470704555511475
3327,2022-01-11 02:01:09,532528,2.8727095127105713
3328,2022-01-11 09:01:21,532528,2.8157742023468018
3329,2022-01-11 10:01:01,532528,2.8960139751434326
3330,2022-01-11 11:01:37,532528,2.8509106636047363
3331,2022-01-11 11:01:42,532528,2.839608669281006
3332,2022-01-11 11:01:46,532528,2.874673366546631
3333,2022-01-11 12:01:01,532528,2.8551602363586426
3334,2022-01-11 12:01:03,532528,2.835653305053711
3335,2022-01-11 12:01:24,532528,2.8175292015075684
3336,2022-01-11 12:01:28,532528,2.8695855140686035
3337,2022-01-11 12:01:34,532528,2.85837721824646
3338,2022-01-11 12:01:42,532528,2.8685078620910645
3339,2022-01-11 12:01:54,532528,2.859978199005127
3340,2022-01-11 02:01:06,532530,2.842822790145874
3341,2022-01-11 12:01:15,532530,2.7917404174804688
3342,2022-01-11 08:01:27,532537,2.920121431350708
3343,2022-01-11 08:01:54,532537,2.8669657707214355
3344,2022-01-11 09:01:17,532537,2.8413174152374268
3345,2022-01-11 09:01:44,532537,2.9589290618896484
3346,2022-01-11 10:01:21,532537,2.8382070064544678
3347,2022-01-11 11:01:20,532538,2.8881707191467285
3348,2022-01-12 01:01:49,532541,2.879427194595337
3349,2022-01-12 02:01:28,532541,2.990877628326416
3350,2022-01-12 04:01:17,532541,2.8585238456726074
3351,2022-01-12 05:01:10,532541,2.8535823822021484
3352,2022-01-12 05:01:27,532541,2.832848072052002
3353,2022-01-12 06:01:00,532541,2.8795242309570312
3354,2022-01-12 07:01:26,532541,2.852562189102173
3355,2022-01-12 08:01:11,532542,2.8412063121795654
3356,2022-01-12 09:01:44,532542,2.8149876594543457
3357,2022-01-12 09:01:44,532542,2.844491958618164
3358,2022-01-12 10:01:07,532542,2.8867812156677246
3359,2022-01-12 01:01:04,532543,2.8702938556671143
3360,2022-01-12 12:01:46,532543,2.820924997329712
3361,2022-01-12 01:01:22,532544,2.876814842224121
3362,2022-01-12 02:01:30,532544,2.8377363681793213
3363,2022-01-12 02:01:16,532546,2.9223062992095947
3364,2022-01-12 04:01:29,532546,2.8155577182769775
3365,2022-01-12 02:01:18,532548,2.8023273944854736
3366,2022-01-12 04:01:46,532548,2.8853859901428223
3367,2022-01-12 03:01:43,532552,2.8677914142608643
3368,2022-01-12 04:01:07,532553,2.8638882637023926
3369,2022-01-12 06:01:22,532553,2.898709535598755
3370,2022-01-12 07:01:29,532553,2.877225637435913
3371,2022-01-12 07:01:52,532553,2.883617639541626
3372,2022-01-12 05:01:19,532554,2.909890651702881
3373,2022-01-12 06:01:28,532554,2.86662220954895
3374,2022-01-12 07:01:10,532555,2.9550795555114746
3375,2022-01-12 07:01:53,532555,2.8294427394866943
3376,2022-01-12 08:01:19,532555,2.8462040424346924
3377,2022-01-12 08:01:38,532555,2.8629226684570312
3378,2022-01-12 08:01:38,532557,2.908828020095825
3379,2022-01-12 09:01:30,532557,2.874685525894165
3380,2022-01-12 09:01:39,532557,2.8759305477142334
3381,2022-01-12 10:01:18,532558,2.8496391773223877
3382,2022-01-12 11:01:49,532558,2.880974769592285
3383,2022-01-13 05:01:10,532561,2.9071898460388184
3384,2022-01-13 06:01:32,532561,2.871983766555786
3385,2022-01-13 06:01:34,532561,2.867133140563965
3386,2022-01-13 06:01:40,532561,2.9343948364257812
3387,2022-01-13 07:01:07,532561,2.9183173179626465
3388,2022-01-13 08:01:59,532561,2.918025016784668
3389,2022-01-13 10:01:38,532561,2.897062301635742
3390,2022-01-13 11:01:26,532561,2.913954973220825
3391,2022-01-13 11:01:54,532561,2.8605363368988037
3392,2022-01-13 12:01:40,532561,2.927241802215576
3393,2022-01-13 01:01:18,532563,2.9440762996673584
3394,2022-01-13 12:01:49,532563,2.8424761295318604
3395,2022-01-13 03:01:01,532571,2.8864266872406006
3396,2022-01-13 04:01:38,532571,2.855100154876709
3397,2022-01-13 06:01:25,532571,2.8886592388153076
3398,2022-01-13 04:01:05,532572,2.8483805656433105
3399,2022-01-13 05:01:11,532574,2.8510992527008057
3400,2022-01-13 08:01:24,532574,2.8988897800445557
3401,2022-01-13 08:01:16,532580,2.8799054622650146
3402,2022-01-13 10:01:40,532583,2.8975746631622314
3403,2022-01-13 11:01:37,532583,2.909515380859375
3404,2022-01-13 11:01:38,532584,2.923422336578369
3405,2022-01-14 01:01:19,532587,2.883653402328491
3406,2022-01-14 09:01:24,532587,2.877227544784546
3407,2022-01-14 02:01:55,532589,2.8406074047088623
3408,2022-01-14 03:01:11,532589,2.8679187297821045
3409,2022-01-14 03:01:29,532589,2.904968023300171
3410,2022-01-14 04:01:09,532589,2.8653008937835693
3411,2022-01-14 04:01:50,532589,2.8561387062072754
3412,2022-01-14 05:01:10,532589,2.884823799133301
3413,2022-01-14 06:01:54,532589,2.9291045665740967
3414,2022-01-14 08:01:41,532589,2.8967456817626953
3415,2022-01-14 08:01:57,532589,2.9872143268585205
3416,2022-01-14 09:01:12,532589,2.8851141929626465
3417,2022-01-14 10:01:34,532589,2.986311435699463
3418,2022-01-14 12:01:44,532589,2.925189733505249
3419,2022-01-14 12:01:54,532589,2.868422269821167
3420,2022-01-14 11:01:04,532590,2.8884103298187256
3421,2022-01-15 01:01:15,532590,2.906776189804077
3422,2022-01-15 02:01:26,532590,2.8657755851745605
3423,2022-01-15 02:01:33,532590,2.8867177963256836
3424,2022-01-15 01:01:19,532591,2.844693899154663
3425,2022-01-15 02:01:18,532591,2.792405366897583
3426,2022-01-15 02:01:20,532591,2.85154390335083
3427,2022-01-15 02:01:31,532591,2.8801677227020264
3428,2022-01-15 04:01:16,532591,2.870375871658325
3429,2022-01-15 04:01:53,532591,2.8452398777008057
3430,2022-01-15 05:01:24,532591,2.820404291152954
3431,2022-01-15 05:01:28,532591,2.8551242351531982
3432,2022-01-15 09:01:06,532591,2.8580076694488525
3433,2022-01-15 11:01:47,532591,2.86873459815979
3434,2022-01-16 04:01:56,532591,2.9337031841278076
3435,2022-01-16 05:01:56,532591,2.833293914794922
3436,2022-01-16 09:01:02,532591,2.842162847518921
3437,2022-01-16 10:01:39,532591,2.8294384479522705
3438,2022-01-17 03:01:36,532591,2.893018960952759
3439,2022-01-17 04:01:26,532591,2.8813552856445312
3440,2022-01-17 06:01:34,532591,2.8603060245513916
3441,2022-01-17 06:01:09,532593,2.828451156616211
3442,2022-01-17 06:01:18,532593,2.82969331741333
3443,2022-01-17 07:01:19,532593,2.8321802616119385
3444,2022-01-17 07:01:54,532593,2.844543218612671
3445,2022-01-17 09:01:28,532593,2.9031689167022705
3446,2022-01-17 12:01:20,532593,2.8230161666870117
3447,2022-01-17 02:01:41,532594,2.819244384765625
3448,2022-01-17 11:01:45,532594,2.808997631072998
3449,2022-01-17 12:01:42,532594,2.882357597351074
3450,2022-01-17 02:01:58,532596,2.8549070358276367
3451,2022-01-17 03:01:33,532596,2.8147051334381104
3452,2022-01-17 05:01:21,532596,2.8744404315948486
3453,2022-01-17 06:01:43,532596,2.8409242630004883
3454,2022-01-17 04:01:21,532599,2.9066126346588135
3455,2022-01-17 04:01:29,532599,2.8224377632141113
3456,2022-01-17 05:01:34,532599,2.87298321723938
3457,2022-01-17 05:01:45,532599,2.7327921390533447
3458,2022-01-17 06:01:00,532599,2.8289904594421387
3459,2022-01-17 06:01:06,532599,2.849268913269043
3460,2022-01-17 06:01:19,532599,2.9235339164733887
3461,2022-01-17 07:01:05,532599,2.848158359527588
3462,2022-01-17 05:01:00,532601,2.860443353652954
3463,2022-01-17 05:01:57,532601,2.846583843231201
3464,2022-01-17 07:01:25,532601,2.877997875213623
3465,2022-01-17 07:01:26,532601,2.850709915161133
3466,2022-01-17 07:01:53,532601,2.8256592750549316
3467,2022-01-17 08:01:02,532601,2.8575618267059326
3468,2022-01-17 08:01:17,532601,2.8575069904327393
3469,2022-01-17 08:01:21,532601,2.835843801498413
3470,2022-01-17 08:01:22,532601,2.8996925354003906
3471,2022-01-17 08:01:29,532601,2.817150592803955
3472,2022-01-17 08:01:56,532601,2.8338778018951416
3473,2022-01-17 09:01:12,532601,2.863909959793091
3474,2022-01-17 09:01:29,532601,2.90777850151062
3475,2022-01-17 09:01:32,532601,2.8347201347351074
3476,2022-01-17 09:01:43,532601,2.815441608428955
3477,2022-01-17 09:01:47,532601,2.825133800506592
3478,2022-01-17 10:01:08,532601,2.8577330112457275
3479,2022-01-17 10:01:57,532601,2.865069627761841
3480,2022-01-17 08:01:19,532602,2.870438575744629
3481,2022-01-17 10:01:05,532602,2.8114027976989746
3482,2022-01-17 09:01:47,532603,2.8385467529296875
3483,2022-01-18 04:01:17,532607,2.8418431282043457
3484,2022-01-18 05:01:24,532607,2.8006556034088135
3485,2022-01-18 05:01:58,532607,2.849358081817627
3486,2022-01-18 06:01:21,532607,2.865093946456909
3487,2022-01-18 06:01:10,532608,2.931920051574707
3488,2022-01-18 07:01:56,532608,2.833087682723999
3489,2022-01-18 06:01:13,532609,2.8572866916656494
3490,2022-01-18 08:01:28,532609,2.81510329246521
3491,2022-01-18 09:01:01,532615,2.8245701789855957
3492,2022-01-18 11:01:35,532615,2.8233745098114014
3493,2022-01-18 01:01:08,532616,2.7677669525146484
3494,2022-01-18 11:01:21,532616,2.892920970916748
3495,2022-01-18 11:01:29,532616,3.0116374492645264
3496,2022-01-18 11:01:37,532616,2.808745861053467
3497,2022-01-18 12:01:53,532616,2.8678946495056152
3498,2022-01-18 12:01:42,532617,2.851675033569336
3499,2022-01-18 04:01:09,532620,2.8699727058410645
3500,2022-01-18 05:01:24,532620,2.8347349166870117
3501,2022-01-18 04:01:34,532622,2.8911566734313965
3502,2022-01-18 07:01:34,532622,2.90069317817688
3503,2022-01-18 08:01:05,532624,2.8790125846862793
3504,2022-01-18 08:01:21,532624,2.8660664558410645
3505,2022-01-18 09:01:00,532624,2.9815752506256104
3506,2022-01-18 09:01:47,532624,2.845750570297241
3507,2022-01-18 10:01:45,532624,2.923600196838379
3508,2022-01-18 09:01:45,532625,2.880220651626587
3509,2022-01-18 10:01:12,532625,2.891235828399658
3510,2022-01-18 10:01:41,532625,2.8475332260131836
3511,2022-01-18 11:01:04,532625,2.874558925628662
3512,2022-01-18 11:01:55,532625,2.854893922805786
3513,2022-01-19 12:01:32,532625,2.887568712234497
3514,2022-01-19 01:01:21,532628,2.917457342147827
3515,2022-01-19 01:01:22,532628,2.85487699508667
3516,2022-01-19 03:01:11,532628,2.8877182006835938
3517,2022-01-19 03:01:17,532628,2.8178491592407227
3518,2022-01-19 03:01:22,532628,2.897545576095581
3519,2022-01-19 03:01:29,532628,2.8831193447113037
3520,2022-01-19 05:01:27,532628,2.8710694313049316
3521,2022-01-19 05:01:57,532628,2.8919079303741455
3522,2022-01-19 06:01:33,532629,2.9238176345825195
3523,2022-01-19 06:01:41,532629,2.9558823108673096
3524,2022-01-19 07:01:04,532629,2.8938605785369873
3525,2022-01-19 06:01:01,532630,2.8773441314697266
3526,2022-01-19 07:01:57,532630,2.8401424884796143
3527,2022-01-19 08:01:01,532630,2.879420042037964
3528,2022-01-19 01:01:09,532633,2.87610125541687
3529,2022-01-19 01:01:22,532633,2.90412974357605
3530,2022-01-19 01:01:55,532633,2.9030210971832275
3531,2022-01-19 08:01:08,532633,2.9047043323516846
3532,2022-01-19 09:01:28,532633,2.9684576988220215
3533,2022-01-19 09:01:36,532633,2.871180534362793
3534,2022-01-19 09:01:58,532633,2.9011623859405518
3535,2022-01-19 10:01:05,532633,2.9065775871276855
3536,2022-01-19 10:01:14,532633,2.8556573390960693
3537,2022-01-19 11:01:17,532633,2.8765838146209717
3538,2022-01-19 11:01:38,532633,2.853384017944336
3539,2022-01-19 11:01:54,532633,2.886185646057129
3540,2022-01-19 12:01:36,532633,2.8536999225616455
3541,2022-01-19 12:01:54,532633,2.9081389904022217
3542,2022-01-19 01:01:08,532634,2.8667373657226562
3543,2022-01-19 03:01:44,532634,2.9169418811798096
3544,2022-01-19 02:01:22,532636,2.9022696018218994
3545,2022-01-19 02:01:37,532636,2.8256490230560303
3546,2022-01-19 04:01:28,532636,2.8390705585479736
3547,2022-01-19 04:01:56,532636,2.8972156047821045
3548,2022-01-19 05:01:52,532636,2.8697946071624756
3549,2022-01-19 03:01:16,532638,2.8551883697509766
3550,2022-01-19 03:01:20,532638,2.835240125656128
3551,2022-01-19 05:01:06,532638,2.859174966812134
3552,2022-01-19 05:01:52,532638,2.8584234714508057
3553,2022-01-19 06:01:41,532640,2.8186709880828857
3554,2022-01-19 08:01:11,532640,2.8700544834136963
3555,2022-01-19 08:01:13,532641,2.8732244968414307
3556,2022-01-19 10:01:53,532641,2.8790693283081055
3557,2022-01-19 11:01:53,532644,2.8109543323516846
3558,2022-01-20 09:01:15,532647,2.857008695602417
3559,2022-01-20 11:01:16,532647,2.9253251552581787
3560,2022-01-20 02:01:54,532649,2.862353563308716
3561,2022-01-20 11:01:07,532649,2.8464906215667725
3562,2022-01-20 11:01:37,532649,2.9243366718292236
3563,2022-01-20 12:01:45,532649,2.8281657695770264
3564,2022-01-20 12:01:48,532649,2.912004232406616
3565,2022-01-20 01:01:00,532650,2.878234386444092
3566,2022-01-20 01:01:25,532650,2.881401300430298
3567,2022-01-20 02:01:28,532650,2.8664515018463135
3568,2022-01-20 03:01:51,532653,2.8982555866241455
3569,2022-01-20 04:01:28,532653,2.8978941440582275
3570,2022-01-20 04:01:34,532653,2.841357707977295
3571,2022-01-20 04:01:45,532653,2.897390604019165
3572,2022-01-20 05:01:02,532653,2.894071340560913
3573,2022-01-20 05:01:47,532653,2.9079554080963135
3574,2022-01-20 06:01:14,532653,2.885211229324341
3575,2022-01-20 04:01:16,532654,2.8853633403778076
3576,2022-01-20 06:01:17,532654,2.879703998565674
3577,2022-01-20 06:01:52,532656,2.8133299350738525
3578,2022-01-20 08:01:27,532656,2.8755176067352295
3579,2022-01-20 07:01:37,532658,2.8531112670898438
3580,2022-01-20 09:01:45,532658,2.847747325897217
3581,2022-01-20 08:01:52,532659,2.843320846557617
3582,2022-01-20 10:01:03,532664,2.895845413208008
3583,2022-01-20 10:01:44,532664,2.931600332260132
3584,2022-01-20 10:01:48,532664,2.9347598552703857
3585,2022-01-20 11:01:32,532664,2.8962514400482178
3586,2022-01-20 11:01:33,532664,2.988652229309082
3587,2022-01-20 11:01:56,532664,2.901221513748169
3588,2022-01-21 12:01:29,532664,2.901130437850952
3589,2022-01-21 12:01:50,532664,2.8938910961151123
3590,2022-01-20 11:01:40,532666,2.8356857299804688
3591,2022-01-21 04:01:02,532666,2.90313982963562
3592,2022-01-21 06:01:07,532666,2.91660213470459
3593,2022-01-21 01:01:54,532667,2.880798578262329
3594,2022-01-21 01:01:57,532667,2.982120990753174
3595,2022-01-21 02:01:00,532667,2.963766098022461
3596,2022-01-21 06:01:58,532667,2.900984525680542
3597,2022-01-21 07:01:19,532667,2.956895589828491
3598,2022-01-21 08:01:06,532667,2.900291681289673
3599,2022-01-21 09:01:37,532667,2.8782336711883545
3600,2022-01-21 12:01:02,532667,2.9112977981567383
3601,2022-01-21 12:01:38,532667,2.9035980701446533
3602,2022-01-21 01:01:36,532668,2.9272899627685547
3603,2022-01-21 02:01:03,532668,2.9031312465667725
3604,2022-01-21 01:01:30,532669,2.804762125015259
3605,2022-01-21 02:01:03,532669,2.892328977584839
3606,2022-01-21 03:01:03,532669,2.844050884246826
3607,2022-01-21 03:01:00,532672,2.8863472938537598
3608,2022-01-21 03:01:11,532672,2.867218255996704
3609,2022-01-21 03:01:57,532672,2.8804211616516113
3610,2022-01-21 04:01:43,532672,2.845372200012207
3611,2022-01-21 04:01:45,532672,2.851846218109131
3612,2022-01-21 05:01:07,532672,2.9257566928863525
3613,2022-01-21 04:01:07,532673,2.921248435974121
3614,2022-01-21 05:01:29,532673,2.8254764080047607
3615,2022-01-21 07:01:00,532673,2.950463056564331
3616,2022-01-21 06:01:40,532674,2.8833835124969482
3617,2022-01-21 08:01:37,532674,2.8660736083984375
3618,2022-01-21 08:01:24,532677,2.8683536052703857
3619,2022-01-21 09:01:15,532678,2.8526501655578613
3620,2022-01-21 10:01:16,532679,2.8610682487487793
3621,2022-01-21 11:01:52,532679,2.8765056133270264
3622,2022-01-22 12:01:44,532679,2.8893990516662598
3623,2022-01-22 12:01:52,532679,2.8609530925750732
3624,2022-01-22 01:01:57,532682,2.9005372524261475
3625,2022-01-22 02:01:01,532682,2.8545782566070557
3626,2022-01-22 02:01:08,532682,2.9203715324401855
3627,2022-01-22 03:01:18,532682,2.9666292667388916
3628,2022-01-22 03:01:27,532682,2.86853289604187
3629,2022-01-22 03:01:39,532682,2.908660888671875
3630,2022-01-22 04:01:12,532682,2.8507239818573
3631,2022-01-22 04:01:18,532682,2.9083971977233887
3632,2022-01-22 05:01:35,532682,2.8653759956359863
3633,2022-01-22 07:01:24,532682,2.9251959323883057
3634,2022-01-23 07:01:00,532685,2.887840986251831
3635,2022-01-23 08:01:54,532685,2.8727128505706787
3636,2022-01-24 09:01:36,532688,2.8924760818481445
3637,2022-01-24 10:01:42,532688,2.87974214553833
3638,2022-01-24 10:01:58,532688,2.8962574005126953
3639,2022-01-24 11:01:37,532688,2.865180015563965
3640,2022-01-24 01:01:58,532689,2.8949835300445557
3641,2022-01-24 12:01:39,532689,2.866196870803833
3642,2022-01-24 01:01:03,532690,2.8987066745758057
3643,2022-01-24 01:01:08,532690,2.884719133377075
3644,2022-01-24 02:01:13,532690,2.8691415786743164
3645,2022-01-24 02:01:22,532690,2.895524501800537
3646,2022-01-24 04:01:24,532690,2.8954572677612305
3647,2022-01-24 03:01:58,532691,2.8189048767089844
3648,2022-01-24 04:01:47,532691,2.863152027130127
3649,2022-01-24 04:01:13,532692,2.823880910873413
3650,2022-01-24 05:01:08,532692,2.8705520629882812
3651,2022-01-24 06:01:10,532692,2.859443187713623
3652,2022-01-24 07:01:31,532692,2.8519275188446045
3653,2022-01-24 07:01:35,532692,2.835038900375366
3654,2022-01-24 07:01:55,532692,2.8153140544891357
3655,2022-01-24 08:01:35,532692,2.862088203430176
3656,2022-01-24 09:01:27,532692,2.909940719604492
3657,2022-01-24 09:01:54,532692,2.8062045574188232
3658,2022-01-24 10:01:23,532695,2.842869520187378
3659,2022-01-25 01:01:04,532695,2.8361825942993164
3660,2022-01-25 04:01:40,532696,2.844020128250122
3661,2022-01-25 04:01:45,532696,2.8511340618133545
3662,2022-01-25 06:01:04,532696,2.8847477436065674
3663,2022-01-25 06:01:43,532696,2.8660082817077637
3664,2022-01-25 07:01:37,532696,2.878753662109375
3665,2022-01-25 07:01:38,532696,2.8666024208068848
3666,2022-01-25 09:01:01,532700,2.917431592941284
3667,2022-01-25 01:01:27,532703,2.842761993408203
3668,2022-01-25 02:01:51,532703,2.8986856937408447
3669,2022-01-25 03:01:17,532703,2.8630759716033936
3670,2022-01-25 02:01:11,532704,2.808823585510254
3671,2022-01-25 02:01:41,532704,2.8993918895721436
3672,2022-01-25 02:01:48,532704,2.8146862983703613
3673,2022-01-25 03:01:19,532704,2.9368436336517334
3674,2022-01-25 03:01:29,532704,2.8619680404663086
3675,2022-01-25 04:01:02,532704,2.8821070194244385
3676,2022-01-25 04:01:29,532704,2.825784921646118
3677,2022-01-25 03:01:39,532705,2.8694400787353516
3678,2022-01-25 04:01:04,532705,2.7991974353790283
3679,2022-01-25 03:01:15,532706,2.839261770248413
3680,2022-01-25 05:01:11,532706,2.8363022804260254
3681,2022-01-25 04:01:52,532707,2.8177061080932617
3682,2022-01-25 06:01:56,532713,2.8529577255249023
3683,2022-01-25 08:01:02,532713,2.8754289150238037
3684,2022-01-25 08:01:28,532716,2.8648290634155273
3685,2022-01-25 09:01:28,532716,2.809748888015747
3686,2022-01-25 08:01:34,532717,2.863450765609741
3687,2022-01-25 09:01:04,532717,2.8511664867401123
3688,2022-01-25 10:01:02,532717,2.850641965866089
3689,2022-01-25 11:01:58,532717,2.8556976318359375
3690,2022-01-26 02:01:06,532717,2.841139316558838
3691,2022-01-26 06:01:09,532717,2.8698954582214355
3692,2022-01-26 06:01:25,532717,2.860659122467041
3693,2022-01-26 06:01:33,532717,2.8603367805480957
3694,2022-01-26 07:01:07,532717,2.8717691898345947
3695,2022-01-26 07:01:16,532717,2.810547351837158
3696,2022-01-26 06:01:29,532718,2.8373026847839355
3697,2022-01-26 08:01:27,532718,2.8758010864257812
3698,2022-01-26 08:01:35,532718,2.8794538974761963
3699,2022-01-26 08:01:54,532718,2.930856704711914
3700,2022-01-26 09:01:25,532718,2.823828935623169
3701,2022-01-26 09:01:42,532718,2.8554015159606934
3702,2022-01-26 09:01:45,532718,2.825997829437256
3703,2022-01-26 09:01:57,532718,2.8797693252563477
3704,2022-01-26 10:01:05,532718,2.8407747745513916
3705,2022-01-26 10:01:09,532718,2.852588653564453
3706,2022-01-26 10:01:21,532718,2.8847579956054688
3707,2022-01-26 10:01:42,532718,2.8551480770111084
3708,2022-01-26 11:01:52,532718,2.8478775024414062
3709,2022-01-26 11:01:57,532718,2.881070137023926
3710,2022-01-26 10:01:50,532719,2.851254940032959
3711,2022-01-26 11:01:02,532719,2.8685197830200195
3712,2022-01-26 02:01:10,532720,2.8823819160461426
3713,2022-01-26 02:01:14,532720,2.82806134223938
3714,2022-01-26 02:01:17,532720,2.8861751556396484
3715,2022-01-26 02:01:35,532720,2.8515775203704834
3716,2022-01-26 02:01:43,532720,2.862898588180542
3717,2022-01-26 04:01:05,532720,2.815314292907715
3718,2022-01-26 04:01:32,532720,2.845282793045044
3719,2022-01-26 04:01:32,532720,2.8806686401367188
3720,2022-01-26 04:01:38,532720,2.8728697299957275
3721,2022-01-26 04:01:52,532720,2.8614487648010254
3722,2022-01-26 12:01:38,532720,2.826047897338867
3723,2022-01-26 05:01:11,532723,2.881666660308838
3724,2022-01-26 08:01:53,532723,2.8957931995391846
3725,2022-01-26 05:01:08,532724,2.893629550933838
3726,2022-01-26 07:01:13,532724,2.8852598667144775
3727,2022-01-26 06:01:00,532726,2.863656759262085
3728,2022-01-26 07:01:01,532726,2.8927500247955322
3729,2022-01-26 08:01:35,532726,2.803330183029175
3730,2022-01-26 08:01:07,532727,2.9028775691986084
3731,2022-01-26 08:01:41,532727,2.868262767791748
3732,2022-01-26 09:01:38,532727,2.864499807357788
3733,2022-01-26 10:01:37,532727,2.935875654220581
3734,2022-01-27 03:01:49,532731,2.9078855514526367
3735,2022-01-27 04:01:35,532731,2.898819923400879
3736,2022-01-27 06:01:28,532735,2.853778839111328
3737,2022-01-27 06:01:53,532735,2.8371188640594482
3738,2022-01-27 08:01:09,532735,2.8368892669677734
3739,2022-01-27 09:01:39,532737,2.891157627105713
3740,2022-01-27 10:01:12,532737,2.923731565475464
3741,2022-01-27 10:01:14,532737,2.853055000305176
3742,2022-01-27 11:01:37,532737,2.9213345050811768
3743,2022-01-27 11:01:52,532737,2.928100109100342
3744,2022-01-27 11:01:53,532737,3.0121936798095703
3745,2022-01-27 12:01:10,532737,2.848637342453003
3746,2022-01-27 02:01:40,532738,2.8297486305236816
3747,2022-01-27 12:01:04,532738,2.86118221282959
3748,2022-01-27 12:01:17,532738,2.8651156425476074
3749,2022-01-27 02:01:15,532739,2.876173973083496
3750,2022-01-27 05:01:48,532739,2.9000885486602783
3751,2022-01-27 06:01:32,532740,2.8174080848693848
3752,2022-01-27 06:01:48,532741,2.811840772628784
3753,2022-01-27 08:01:00,532741,2.8730852603912354
3754,2022-01-27 06:01:31,532742,2.945812225341797
3755,2022-01-27 10:01:16,532744,2.862623453140259
3756,2022-01-27 10:01:45,532744,2.8733108043670654
3757,2022-01-28 12:01:15,532744,2.8875815868377686
3758,2022-01-27 11:01:30,532745,2.893228054046631
3759,2022-01-28 01:01:10,532745,2.892949342727661
3760,2022-01-28 01:01:34,532745,2.8816213607788086
3761,2022-01-28 01:01:46,532745,2.8475685119628906
3762,2022-01-28 02:01:13,532745,2.828861951828003
3763,2022-01-28 12:01:07,532745,2.888719320297241
3764,2022-01-28 12:01:42,532745,2.841186046600342
3765,2022-01-28 12:01:43,532745,2.9052584171295166
3766,2022-01-28 01:01:16,532746,2.8612024784088135
3767,2022-01-28 02:01:48,532746,2.8276824951171875
3768,2022-01-28 01:01:09,532748,2.8715527057647705
3769,2022-01-28 04:01:09,532748,2.8808257579803467
3770,2022-01-28 05:01:29,532748,2.838412046432495
3771,2022-01-28 06:01:01,532748,2.839484930038452
3772,2022-01-28 06:01:06,532748,2.873572587966919
3773,2022-01-28 07:01:15,532748,2.8412773609161377
3774,2022-01-28 07:01:19,532748,2.8599672317504883
3775,2022-01-28 07:01:33,532748,2.9939911365509033
3776,2022-01-28 07:01:53,532748,2.866703748703003
3777,2022-01-28 08:01:17,532748,2.880309581756592
3778,2022-01-28 08:01:19,532748,2.900312900543213
3779,2022-01-28 08:01:39,532748,2.8068244457244873
3780,2022-01-28 09:01:23,532748,2.8627536296844482
3781,2022-01-28 09:01:43,532748,2.847996234893799
3782,2022-01-28 10:01:21,532748,2.8682994842529297
3783,2022-01-28 11:01:16,532748,2.898078680038452
3784,2022-01-28 11:01:21,532748,2.893000841140747
3785,2022-01-28 11:01:30,532748,2.851984739303589
3786,2022-01-28 12:01:13,532748,2.9088356494903564
3787,2022-01-28 12:01:17,532748,2.9008851051330566
3788,2022-01-28 01:01:09,532749,2.8964762687683105
3789,2022-01-28 01:01:56,532749,2.865478754043579
3790,2022-01-28 02:01:42,532749,2.8821940422058105
3791,2022-01-28 03:01:22,532749,2.9001569747924805
3792,2022-01-28 02:01:47,532750,2.852734088897705
3793,2022-01-28 03:01:45,532750,2.8788259029388428
3794,2022-01-28 03:01:55,532750,2.8411285877227783
3795,2022-01-28 04:01:56,532750,2.9659297466278076
3796,2022-01-28 04:01:57,532750,2.862950563430786
3797,2022-01-28 03:01:42,532751,2.8559093475341797
3798,2022-01-28 04:01:29,532752,2.8594553470611572
3799,2022-01-28 05:01:16,532752,2.8851447105407715
3800,2022-01-28 05:01:23,532752,2.8864810466766357
3801,2022-01-28 05:01:40,532752,2.935728073120117
3802,2022-01-28 06:01:03,532752,2.82370662689209
3803,2022-01-28 06:01:34,532752,2.905714273452759
3804,2022-01-28 06:01:48,532752,2.8871915340423584
3805,2022-01-28 07:01:27,532756,2.881638288497925
3806,2022-01-29 01:01:36,532759,2.8784191608428955
3807,2022-01-29 01:01:47,532760,2.9954710006713867
3808,2022-01-29 03:01:52,532760,2.9260125160217285
3809,2022-01-30 04:01:43,532760,2.881373643875122
3810,2022-01-30 09:01:28,532760,2.859506368637085
3811,2022-01-31 01:01:02,532763,2.8889153003692627
3812,2022-01-31 01:01:03,532763,2.867488145828247
3813,2022-01-31 01:01:37,532763,2.8547699451446533
3814,2022-01-31 11:01:22,532763,2.8984365463256836
3815,2022-01-31 11:01:38,532763,2.7535974979400635
3816,2022-01-31 12:01:21,532763,2.85842227935791
3817,2022-01-31 12:01:26,532763,2.8732142448425293
3818,2022-01-31 12:01:34,532763,2.8767001628875732
3819,2022-01-31 12:01:46,532763,2.8312599658966064
3820,2022-01-31 12:01:50,532763,2.884000062942505
3821,2022-01-31 01:01:33,532766,2.8795857429504395
3822,2022-01-31 02:01:03,532766,2.8504157066345215
3823,2022-01-31 04:01:06,532767,2.883798837661743
3824,2022-01-31 05:01:56,532767,2.9234848022460938
3825,2022-01-31 06:01:04,532767,2.904859781265259
3826,2022-01-31 08:01:40,532767,2.9081645011901855
3827,2022-01-31 09:01:02,532767,2.8660693168640137
3828,2022-01-31 07:01:46,532768,2.9230854511260986
3829,2022-01-31 08:01:29,532768,2.869065046310425
3830,2022-01-31 08:01:09,532769,2.8584535121917725
3831,2022-01-31 08:01:20,532769,2.9215943813323975
3832,2022-01-31 08:01:44,532769,2.872284412384033
3833,2022-01-31 09:01:01,532769,2.945305824279785
3834,2022-01-31 09:01:14,532769,2.8988192081451416
3835,2022-01-31 09:01:30,532769,2.8764498233795166
3836,2022-01-31 09:01:37,532769,2.8657493591308594
3837,2022-01-31 10:01:34,532769,2.9280810356140137
3838,2022-01-31 10:01:59,532769,2.8298280239105225
3839,2022-01-31 11:01:39,532769,2.8337674140930176
3840,2022-01-31 10:01:03,532771,2.8753662109375
3841,2022-01-31 11:01:10,532771,2.885455369949341
3842,2022-02-01 01:02:13,532775,2.852919340133667
3843,2022-02-01 12:02:01,532775,2.8774356842041016
3844,2022-02-01 01:02:47,532776,2.8674726486206055
3845,2022-02-01 01:02:51,532776,2.894648790359497
3846,2022-02-01 01:02:54,532776,2.8799808025360107
3847,2022-02-01 01:02:59,532776,2.9054861068725586
3848,2022-02-01 02:02:14,532776,2.8604609966278076
3849,2022-02-01 02:02:32,532776,2.888136863708496
3850,2022-02-01 02:02:37,532776,2.860691547393799
3851,2022-02-01 03:02:04,532776,2.9017717838287354
3852,2022-02-01 03:02:22,532776,2.9106264114379883
3853,2022-02-01 03:02:56,532776,2.878523588180542
3854,2022-02-01 04:02:42,532776,2.831862449645996
3855,2022-02-01 12:02:34,532776,2.8411307334899902
3856,2022-02-01 02:02:20,532777,2.8573052883148193
3857,2022-02-01 03:02:26,532777,2.831918716430664
3858,2022-02-01 04:02:03,532777,2.8467342853546143
3859,2022-02-01 03:02:33,532778,2.8744759559631348
3860,2022-02-01 04:02:41,532778,2.919206380844116
3861,2022-02-01 05:02:11,532778,2.860076427459717
3862,2022-02-01 05:02:21,532778,2.9071388244628906
3863,2022-02-01 06:02:38,532778,2.8766977787017822
3864,2022-02-01 07:02:00,532778,2.9103589057922363
3865,2022-02-01 07:02:01,532778,2.8587772846221924
3866,2022-02-01 07:02:11,532778,2.8882858753204346
3867,2022-02-01 07:02:38,532778,2.893439769744873
3868,2022-02-01 07:02:46,532778,2.8767971992492676
3869,2022-02-01 08:02:02,532778,2.879089593887329
3870,2022-02-01 08:02:27,532778,2.81284499168396
3871,2022-02-01 08:02:37,532778,2.8697667121887207
3872,2022-02-01 08:02:57,532778,2.854731798171997
3873,2022-02-01 08:02:49,532779,2.858661413192749
3874,2022-02-02 02:02:57,532784,2.8175220489501953
3875,2022-02-02 12:02:32,532784,2.8725059032440186
3876,2022-02-02 02:02:06,532785,2.859035015106201
3877,2022-02-02 03:02:45,532785,2.849566698074341
3878,2022-02-02 04:02:21,532786,2.83477783203125
3879,2022-02-02 04:02:45,532786,2.995056390762329
3880,2022-02-02 05:02:25,532786,2.8468244075775146
3881,2022-02-02 06:02:33,532786,2.852323532104492
3882,2022-02-02 06:02:34,532786,2.8682034015655518
3883,2022-02-02 08:02:59,532786,2.854891300201416
3884,2022-02-02 09:02:45,532786,2.849045753479004
3885,2022-02-02 10:02:45,532786,2.8822574615478516
3886,2022-02-02 11:02:09,532786,2.83408522605896
3887,2022-02-02 11:02:25,532786,2.9200048446655273
3888,2022-02-02 12:02:47,532786,2.851618528366089
3889,2022-02-02 12:02:59,532786,2.788130521774292
3890,2022-02-02 11:02:01,532787,2.7909536361694336
3891,2022-02-02 11:02:22,532787,2.8442859649658203
3892,2022-02-02 12:02:14,532787,2.9458422660827637
3893,2022-02-02 12:02:20,532787,2.843984365463257
3894,2022-02-02 02:02:15,532790,2.8137664794921875
3895,2022-02-02 03:02:31,532790,2.8671481609344482
3896,2022-02-02 06:02:05,532797,2.846925973892212
3897,2022-02-02 08:02:45,532797,2.799112319946289
3898,2022-02-02 07:02:20,532798,2.8391175270080566
3899,2022-02-02 07:02:44,532798,2.8213391304016113
3900,2022-02-02 08:02:08,532798,2.7987918853759766
3901,2022-02-02 08:02:18,532798,2.8039891719818115
3902,2022-02-02 10:02:11,532798,2.86163330078125
3903,2022-02-02 10:02:49,532798,2.8441789150238037
3904,2022-02-02 10:02:57,532798,2.7858798503875732
3905,2022-02-03 01:02:09,532798,2.8043766021728516
3906,2022-02-03 01:02:44,532798,2.812967538833618
3907,2022-02-03 02:02:41,532798,2.8042051792144775
3908,2022-02-03 03:02:47,532798,2.910501480102539
3909,2022-02-03 04:02:57,532799,2.795807361602783
3910,2022-02-03 05:02:06,532799,2.867652654647827
3911,2022-02-03 05:02:33,532799,2.8033339977264404
3912,2022-02-03 06:02:36,532799,2.825063705444336
3913,2022-02-03 01:02:20,532801,2.8570759296417236
3914,2022-02-03 01:02:23,532801,2.8005518913269043
3915,2022-02-03 01:02:29,532801,2.808694839477539
3916,2022-02-03 01:02:44,532801,2.757199287414551
3917,2022-02-03 01:02:44,532801,2.8219404220581055
3918,2022-02-03 02:02:02,532801,2.829077959060669
3919,2022-02-03 02:02:24,532801,2.8612217903137207
3920,2022-02-03 10:02:04,532801,2.823247194290161
3921,2022-02-03 10:02:12,532801,2.786661148071289
3922,2022-02-03 10:02:19,532801,2.81282377243042
3923,2022-02-03 10:02:34,532801,2.8282954692840576
3924,2022-02-03 11:02:14,532801,2.824592351913452
3925,2022-02-03 11:02:28,532801,2.8368263244628906
3926,2022-02-03 12:02:10,532801,2.8359012603759766
3927,2022-02-03 12:02:11,532801,2.7902450561523438
3928,2022-02-03 12:02:22,532801,2.8418385982513428
3929,2022-02-03 02:02:19,532803,2.819979429244995
3930,2022-02-03 03:02:19,532806,2.818344831466675
3931,2022-02-03 04:02:10,532806,2.834778070449829
3932,2022-02-03 04:02:33,532807,2.844628095626831
3933,2022-02-03 04:02:51,532807,2.911374092102051
3934,2022-02-03 06:02:33,532807,2.8592538833618164
3935,2022-02-03 05:02:49,532811,2.828721761703491
3936,2022-02-03 08:02:34,532815,2.827939987182617
3937,2022-02-03 08:02:52,532816,2.7956042289733887
3938,2022-02-03 10:02:18,532819,2.845155954360962
3939,2022-02-03 10:02:46,532819,2.865143060684204
3940,2022-02-04 01:02:58,532819,2.7829511165618896
3941,2022-02-04 02:02:10,532821,2.867011547088623
3942,2022-02-04 04:02:29,532821,2.837440252304077
3943,2022-02-04 10:02:34,532823,2.833824396133423
3944,2022-02-04 11:02:08,532823,2.8437693119049072
3945,2022-02-04 12:02:02,532823,2.809915542602539
3946,2022-02-04 12:02:08,532823,2.85762357711792
3947,2022-02-04 01:02:04,532825,2.839808702468872
3948,2022-02-04 11:02:36,532825,2.8079278469085693
3949,2022-02-04 11:02:52,532825,2.843808889389038
3950,2022-02-04 12:02:29,532825,2.7953994274139404
3951,2022-02-04 01:02:24,532827,2.864466428756714
3952,2022-02-04 01:02:32,532827,2.7973337173461914
3953,2022-02-04 02:02:12,532827,2.784914016723633
3954,2022-02-04 02:02:20,532827,2.791046380996704
3955,2022-02-04 02:02:21,532827,2.807373285293579
3956,2022-02-04 02:02:25,532827,2.8388073444366455
3957,2022-02-04 03:02:39,532827,2.77133846282959
3958,2022-02-04 03:02:46,532827,2.8403472900390625
3959,2022-02-04 03:02:48,532827,2.8308844566345215
3960,2022-02-04 12:02:05,532827,2.853335380554199
3961,2022-02-04 04:02:44,532828,2.846660852432251
3962,2022-02-04 05:02:50,532828,2.779667854309082
3963,2022-02-04 06:02:53,532828,2.838407039642334
3964,2022-02-04 07:02:41,532828,2.8241524696350098
3965,2022-02-04 08:02:01,532829,2.8421640396118164
3966,2022-02-04 09:02:20,532829,2.8122358322143555
3967,2022-02-04 09:02:29,532830,2.8450863361358643
3968,2022-02-04 11:02:01,532830,2.8860297203063965
3969,2022-02-05 01:02:45,532832,2.7945005893707275
3970,2022-02-05 01:02:51,532832,2.8362085819244385
3971,2022-02-05 02:02:11,532832,2.822330951690674
3972,2022-02-05 02:02:28,532832,2.852158784866333
3973,2022-02-05 02:02:39,532832,2.8283441066741943
3974,2022-02-05 02:02:48,532832,2.827643632888794
3975,2022-02-05 12:02:34,532832,2.852537155151367
3976,2022-02-05 04:02:23,532833,2.842876672744751
3977,2022-02-05 05:02:59,532833,2.8039016723632812
3978,2022-02-05 06:02:39,532833,2.782284736633301
3979,2022-02-06 04:02:03,532834,2.824167251586914
3980,2022-02-06 05:02:53,532834,2.8351314067840576
3981,2022-02-07 03:02:07,532834,2.78621768951416
3982,2022-02-07 03:02:14,532834,2.863023042678833
3983,2022-02-07 04:02:43,532834,2.869123697280884
3984,2022-02-07 05:02:51,532834,2.773169755935669
3985,2022-02-07 04:02:50,532835,2.838313102722168
3986,2022-02-07 05:02:32,532835,2.838056802749634
3987,2022-02-07 01:02:00,532838,2.8417181968688965
3988,2022-02-07 01:02:05,532838,2.8474769592285156
3989,2022-02-07 01:02:44,532838,2.809790849685669
3990,2022-02-07 10:02:42,532838,2.8479952812194824
3991,2022-02-07 10:02:57,532838,2.81170916557312
3992,2022-02-07 11:02:00,532838,2.809288740158081
3993,2022-02-07 11:02:14,532838,2.8042123317718506
3994,2022-02-07 11:02:43,532838,2.8544845581054688
3995,2022-02-07 12:02:29,532838,2.8321332931518555
3996,2022-02-07 12:02:50,532838,2.7785534858703613
3997,2022-02-07 12:02:31,532839,2.778010845184326
3998,2022-02-07 01:02:05,532840,2.832592248916626
3999,2022-02-07 03:02:47,532840,2.8957650661468506
4000,2022-02-07 05:02:56,532843,2.881042957305908
4001,2022-02-07 06:02:47,532843,2.8032898902893066
4002,2022-02-08 03:02:23,532843,2.812610626220703
4003,2022-02-07 07:02:17,532844,2.819495677947998
4004,2022-02-07 08:02:13,532845,2.822922706604004
4005,2022-02-07 08:02:13,532845,2.8038177490234375
4006,2022-02-07 10:02:44,532845,2.8219006061553955
4007,2022-02-07 09:02:10,532846,2.836775779724121
4008,2022-02-07 10:02:35,532846,2.9295506477355957
4009,2022-02-07 11:02:43,532846,2.834280014038086
4010,2022-02-08 04:02:14,532846,2.7957770824432373
4011,2022-02-08 05:02:35,532846,2.818359851837158
4012,2022-02-08 12:02:16,532846,2.83445143699646
4013,2022-02-08 12:02:25,532846,2.8604655265808105
4014,2022-02-08 12:02:25,532846,2.8828561305999756
4015,2022-02-08 05:02:26,532847,2.862935781478882
4016,2022-02-08 07:02:08,532847,2.783663749694824
4017,2022-02-08 09:02:04,532852,2.906384229660034
4018,2022-02-08 02:02:43,532853,2.8842663764953613
4019,2022-02-08 11:02:36,532853,2.825610399246216
4020,2022-02-08 01:02:00,532857,2.838610887527466
4021,2022-02-08 03:02:07,532857,2.840406656265259
4022,2022-02-08 08:02:10,532859,2.8086190223693848
4023,2022-02-08 09:02:28,532861,2.808779001235962
4024,2022-02-08 10:02:35,532861,2.753608465194702
4025,2022-02-08 10:02:51,532861,2.79711651802063
4026,2022-02-08 11:02:12,532861,2.8667356967926025
4027,2022-02-08 11:02:19,532861,2.750108242034912
4028,2022-02-08 11:02:20,532861,2.8221216201782227
4029,2022-02-09 12:02:07,532861,2.798797845840454
4030,2022-02-09 01:02:16,532862,2.7955093383789062
4031,2022-02-09 01:02:27,532862,2.8428194522857666
4032,2022-02-09 02:02:46,532862,2.909485340118408
4033,2022-02-09 12:02:19,532862,2.802151679992676
4034,2022-02-09 12:02:58,532862,2.79114031791687
4035,2022-02-09 02:02:45,532863,2.8193135261535645
4036,2022-02-09 03:02:40,532863,2.8059988021850586
4037,2022-02-09 05:02:47,532864,2.867248296737671
4038,2022-02-09 05:02:53,532864,2.8035848140716553
4039,2022-02-09 05:02:59,532864,2.8223564624786377
4040,2022-02-09 06:02:23,532864,2.8565914630889893
4041,2022-02-09 06:02:43,532864,2.831505537033081
4042,2022-02-09 06:02:56,532864,2.8286988735198975
4043,2022-02-09 08:02:00,532864,2.855642557144165
4044,2022-02-09 01:02:57,532865,2.821272134780884
4045,2022-02-09 07:02:08,532865,2.8331222534179688
4046,2022-02-09 07:02:58,532865,2.8458006381988525
4047,2022-02-09 09:02:46,532865,2.80485463142395
4048,2022-02-09 11:02:06,532865,2.854604721069336
4049,2022-02-09 11:02:18,532865,2.773498773574829
4050,2022-02-09 11:02:37,532865,2.8559608459472656
4051,2022-02-09 11:02:43,532865,2.8257293701171875
4052,2022-02-09 12:02:57,532865,2.8015618324279785
4053,2022-02-09 01:02:42,532866,2.843909502029419
4054,2022-02-09 01:02:50,532866,2.767395257949829
4055,2022-02-09 02:02:04,532866,2.7932069301605225
4056,2022-02-09 02:02:23,532866,3.023507595062256
4057,2022-02-09 03:02:02,532866,2.8211920261383057
4058,2022-02-09 12:02:50,532866,2.827420949935913
4059,2022-02-09 03:02:10,532871,2.885986804962158
4060,2022-02-09 04:02:08,532871,2.8512628078460693
4061,2022-02-09 04:02:36,532871,2.7892282009124756
4062,2022-02-09 04:02:44,532871,2.830226182937622
4063,2022-02-09 04:02:46,532871,2.7999911308288574
4064,2022-02-09 05:02:35,532871,2.829157829284668
4065,2022-02-09 05:02:40,532871,2.8521087169647217
4066,2022-02-09 05:02:59,532871,2.8633759021759033
4067,2022-02-09 06:02:36,532871,2.806025266647339
4068,2022-02-09 05:02:52,532872,2.8438398838043213
4069,2022-02-09 07:02:45,532874,2.8790860176086426
4070,2022-02-09 09:02:15,532874,2.8020317554473877
4071,2022-02-09 08:02:06,532875,2.801069498062134
4072,2022-02-09 10:02:00,532875,2.8230185508728027
4073,2022-02-09 10:02:15,532875,2.844547986984253
4074,2022-02-09 10:02:26,532875,2.815145254135132
4075,2022-02-10 12:02:26,532875,2.8341124057769775
4076,2022-02-10 12:02:29,532875,2.8499770164489746
4077,2022-02-10 08:02:04,532877,2.8379008769989014
4078,2022-02-10 09:02:36,532877,2.8438568115234375
4079,2022-02-10 10:02:11,532877,2.798238515853882
4080,2022-02-10 10:02:18,532877,2.820749282836914
4081,2022-02-10 11:02:30,532879,2.810696840286255
4082,2022-02-10 12:02:15,532879,2.8189446926116943
4083,2022-02-10 01:02:02,532881,2.866992712020874
4084,2022-02-10 01:02:22,532881,2.942819595336914
4085,2022-02-10 11:02:38,532881,2.811763048171997
4086,2022-02-10 11:02:52,532881,2.8843319416046143
4087,2022-02-10 01:02:02,532882,2.8239829540252686
4088,2022-02-10 12:02:09,532882,2.849313259124756
4089,2022-02-10 12:02:20,532882,2.841876268386841
4090,2022-02-10 02:02:52,532883,2.8537821769714355
4091,2022-02-10 12:02:39,532883,2.824014186859131
4092,2022-02-10 01:02:26,532884,2.8836326599121094
4093,2022-02-10 01:02:16,532885,2.827019214630127
4094,2022-02-10 02:02:03,532885,2.833554267883301
4095,2022-02-10 02:02:19,532885,2.8288540840148926
4096,2022-02-10 02:02:54,532885,2.832176685333252
4097,2022-02-10 03:02:01,532885,2.8027100563049316
4098,2022-02-10 03:02:36,532885,2.827849864959717
4099,2022-02-10 03:02:47,532885,2.813249349594116
4100,2022-02-10 03:02:02,532887,2.8677003383636475
4101,2022-02-10 03:02:04,532888,2.851966619491577
4102,2022-02-10 05:02:30,532888,2.809192657470703
4103,2022-02-10 04:02:25,532890,2.84757137298584
4104,2022-02-10 05:02:51,532890,2.875472068786621
4105,2022-02-10 07:02:21,532890,2.8190221786499023
4106,2022-02-10 07:02:28,532890,2.862769365310669
4107,2022-02-10 07:02:44,532890,2.8565781116485596
4108,2022-02-10 07:02:46,532890,2.8262126445770264
4109,2022-02-10 07:02:58,532890,2.8668220043182373
4110,2022-02-10 08:02:48,532890,2.841259241104126
4111,2022-02-10 09:02:42,532890,2.8773908615112305
4112,2022-02-10 08:02:29,532891,2.8420116901397705
4113,2022-02-10 10:02:52,532891,2.8554270267486572
4114,2022-02-10 10:02:01,532894,2.83931565284729
4115,2022-02-10 10:02:20,532894,2.881714344024658
4116,2022-02-10 11:02:28,532894,2.8585593700408936
4117,2022-02-11 12:02:08,532894,2.843100070953369
4118,2022-02-10 11:02:50,532897,2.8766071796417236
4119,2022-02-11 12:02:17,532897,2.808321714401245
4120,2022-02-11 06:02:20,532898,2.820380687713623
4121,2022-02-11 08:02:00,532898,2.8469691276550293
4122,2022-02-11 08:02:27,532898,2.849807024002075
4123,2022-02-11 08:02:49,532898,2.799909830093384
4124,2022-02-11 08:02:58,532898,2.8520569801330566
4125,2022-02-11 09:02:21,532898,2.9279556274414062
4126,2022-02-11 10:02:04,532898,2.8699800968170166
4127,2022-02-11 10:02:39,532898,2.9054789543151855
4128,2022-02-11 10:02:39,532898,2.84405517578125
4129,2022-02-11 10:02:48,532898,2.7303836345672607
4130,2022-02-11 11:02:59,532898,2.794525146484375
4131,2022-02-11 10:02:38,532899,2.8028652667999268
4132,2022-02-11 10:02:42,532899,2.8588385581970215
4133,2022-02-11 11:02:32,532899,2.830749273300171
4134,2022-02-11 11:02:36,532899,2.8457605838775635
4135,2022-02-11 12:02:24,532899,2.815622568130493
4136,2022-02-11 12:02:51,532899,2.8596994876861572
4137,2022-02-11 12:02:42,532900,2.854663372039795
4138,2022-02-11 01:02:56,532901,2.7932472229003906
4139,2022-02-11 02:02:22,532901,2.8532471656799316
4140,2022-02-11 01:02:09,532903,2.853478193283081
4141,2022-02-11 02:02:05,532903,2.836135149002075
4142,2022-02-11 01:02:12,532907,2.8345208168029785
4143,2022-02-11 02:02:33,532909,2.8201465606689453
4144,2022-02-11 03:02:02,532909,2.8443472385406494
4145,2022-02-11 03:02:50,532909,2.853386402130127
4146,2022-02-11 04:02:04,532909,2.8638811111450195
4147,2022-02-11 04:02:20,532909,2.8615410327911377
4148,2022-02-11 04:02:48,532909,2.772981882095337
4149,2022-02-11 05:02:38,532910,2.7769522666931152
4150,2022-02-11 06:02:52,532910,2.782442092895508
4151,2022-02-11 05:02:13,532911,2.874666213989258
4152,2022-02-11 07:02:46,532911,2.7902278900146484
4153,2022-02-11 06:02:10,532912,2.8399200439453125
4154,2022-02-11 08:02:48,532912,2.863145351409912
4155,2022-02-12 01:02:42,532914,2.8705897331237793
4156,2022-02-12 01:02:45,532914,2.8110992908477783
4157,2022-02-12 02:02:18,532914,2.8597843647003174
4158,2022-02-12 03:02:19,532914,2.8670012950897217
4159,2022-02-12 04:02:03,532914,2.8330976963043213
4160,2022-02-13 04:02:00,532914,2.863137722015381
4161,2022-02-14 02:02:23,532914,2.8447425365448
4162,2022-02-14 04:02:35,532914,2.822416305541992
4163,2022-02-14 05:02:07,532916,2.845594644546509
4164,2022-02-14 05:02:56,532916,2.7947089672088623
4165,2022-02-14 06:02:00,532916,2.8718695640563965
4166,2022-02-14 06:02:52,532919,2.8533434867858887
4167,2022-02-14 07:02:30,532920,2.8425145149230957
4168,2022-02-14 08:02:28,532920,2.856278657913208
4169,2022-02-14 09:02:00,532921,2.7937161922454834
4170,2022-02-14 02:02:38,532922,2.852912187576294
4171,2022-02-14 03:02:19,532922,2.811347246170044
4172,2022-02-14 03:02:27,532922,2.8381035327911377
4173,2022-02-14 04:02:33,532922,2.9115684032440186
4174,2022-02-14 04:02:40,532922,2.812905788421631
4175,2022-02-14 03:02:25,532923,2.8203115463256836
4176,2022-02-14 05:02:36,532923,2.8412928581237793
4177,2022-02-14 05:02:47,532929,2.793524980545044
4178,2022-02-14 06:02:15,532929,2.744163751602173
4179,2022-02-14 05:02:24,532930,2.880136489868164
4180,2022-02-14 05:02:49,532930,2.847855567932129
4181,2022-02-14 07:02:46,532930,2.864159345626831
4182,2022-02-14 08:02:20,532930,2.8076789379119873
4183,2022-02-14 09:02:06,532930,2.8135125637054443
4184,2022-02-14 09:02:19,532930,2.8434603214263916
4185,2022-02-14 09:02:44,532933,2.801973581314087
4186,2022-02-14 11:02:26,532933,2.842787504196167
4187,2022-02-14 10:02:24,532935,2.828767776489258
4188,2022-02-14 11:02:30,532935,2.7908411026000977
4189,2022-02-15 01:02:01,532935,2.8517520427703857
4190,2022-02-15 12:02:05,532935,2.8618855476379395
4191,2022-02-14 11:02:13,532936,2.8607113361358643
4192,2022-02-15 12:02:58,532936,3.0033152103424072
4193,2022-02-15 12:02:34,532937,2.8422727584838867
4194,2022-02-15 05:02:32,532938,2.8095767498016357
4195,2022-02-15 09:02:22,532938,2.799745798110962
4196,2022-02-15 09:02:25,532940,2.817483425140381
4197,2022-02-15 10:02:09,532940,2.8130743503570557
4198,2022-02-15 10:02:45,532940,2.845947027206421
4199,2022-02-15 12:02:04,532940,2.824108600616455
4200,2022-02-15 01:02:44,532941,2.8138065338134766
4201,2022-02-15 10:02:26,532941,2.8471152782440186
4202,2022-02-15 11:02:02,532941,2.787787437438965
4203,2022-02-15 02:02:29,532943,2.844109535217285
4204,2022-02-15 12:02:01,532943,2.829198122024536
4205,2022-02-15 12:02:27,532943,2.8734002113342285
4206,2022-02-15 04:02:13,532945,2.947395086288452
4207,2022-02-15 06:02:45,532945,2.797682762145996
4208,2022-02-15 06:02:37,532946,2.866323947906494
4209,2022-02-15 06:02:57,532946,2.86077880859375
4210,2022-02-15 07:02:42,532946,2.8289968967437744
4211,2022-02-15 07:02:47,532946,2.8686320781707764
4212,2022-02-15 08:02:04,532946,2.8436949253082275
4213,2022-02-15 08:02:06,532946,2.8028368949890137
4214,2022-02-15 08:02:23,532946,2.8307011127471924
4215,2022-02-15 08:02:28,532946,2.769336223602295
4216,2022-02-15 09:02:51,532946,2.8462913036346436
4217,2022-02-15 10:02:05,532946,2.8328917026519775
4218,2022-02-15 10:02:08,532946,2.79388427734375
4219,2022-02-15 10:02:59,532946,2.81257963180542
4220,2022-02-16 03:02:32,532950,2.8035495281219482
4221,2022-02-16 03:02:57,532950,2.848808765411377
4222,2022-02-16 04:02:46,532950,2.8337085247039795
4223,2022-02-16 05:02:25,532950,2.815243721008301
4224,2022-02-16 05:02:59,532950,2.8379065990448
4225,2022-02-16 05:02:10,532952,2.791944742202759
4226,2022-02-16 06:02:16,532953,2.8041205406188965
4227,2022-02-16 06:02:47,532953,2.7971646785736084
4228,2022-02-16 07:02:04,532953,2.8390698432922363
4229,2022-02-16 01:02:00,532956,2.8876447677612305
4230,2022-02-16 01:02:13,532956,2.738206148147583
4231,2022-02-16 01:02:59,532956,2.845944404602051
4232,2022-02-16 08:02:08,532956,2.8121438026428223
4233,2022-02-16 09:02:34,532956,2.864863634109497
4234,2022-02-16 09:02:37,532956,2.8536767959594727
4235,2022-02-16 10:02:26,532956,2.8360321521759033
4236,2022-02-16 10:02:33,532956,2.7666690349578857
4237,2022-02-16 11:02:14,532956,2.7760679721832275
4238,2022-02-16 11:02:20,532956,2.8802783489227295
4239,2022-02-16 11:02:49,532956,2.826385021209717
4240,2022-02-16 12:02:14,532956,2.7798099517822266
4241,2022-02-16 12:02:22,532956,2.8185012340545654
4242,2022-02-16 12:02:45,532956,2.8004541397094727
4243,2022-02-16 02:02:32,532958,2.8357889652252197
4244,2022-02-16 02:02:52,532958,2.8324801921844482
4245,2022-02-16 04:02:37,532958,2.8260927200317383
4246,2022-02-16 03:02:00,532960,2.7703983783721924
4247,2022-02-16 05:02:02,532960,2.8112432956695557
4248,2022-02-16 04:02:32,532964,2.8446576595306396
4249,2022-02-16 06:02:38,532964,2.851917266845703
4250,2022-02-16 04:02:27,532965,2.8502769470214844
4251,2022-02-16 06:02:56,532965,2.817004680633545
4252,2022-02-16 05:02:12,532967,2.8443799018859863
4253,2022-02-16 06:02:33,532967,2.821223497390747
4254,2022-02-16 05:02:20,532968,2.797010660171509
4255,2022-02-17 12:02:43,532971,2.825052261352539
4256,2022-02-17 02:02:49,532974,2.808659315109253
4257,2022-02-17 04:02:02,532974,2.823836326599121
4258,2022-02-17 05:02:08,532974,2.831807851791382
4259,2022-02-17 05:02:09,532974,2.8537185192108154
4260,2022-02-17 05:02:16,532974,2.858354091644287
4261,2022-02-17 05:02:23,532975,2.8123881816864014
4262,2022-02-17 06:02:53,532975,2.809262752532959
4263,2022-02-17 07:02:45,532975,2.830379009246826
4264,2022-02-17 07:02:46,532975,2.8413548469543457
4265,2022-02-17 09:02:04,532975,2.7904767990112305
4266,2022-02-17 09:02:25,532976,2.8486685752868652
4267,2022-02-17 10:02:43,532976,2.8807191848754883
4268,2022-02-17 11:02:09,532976,2.910306453704834
4269,2022-02-17 11:02:59,532976,2.81137752532959
4270,2022-02-17 11:02:25,532977,2.7173428535461426
4271,2022-02-17 01:02:03,532978,2.8837716579437256
4272,2022-02-17 01:02:56,532978,2.847458600997925
4273,2022-02-17 02:02:26,532978,2.8318490982055664
4274,2022-02-17 03:02:54,532978,2.8425204753875732
4275,2022-02-17 04:02:27,532978,2.7627649307250977
4276,2022-02-17 04:02:40,532978,2.8180348873138428
4277,2022-02-17 01:02:14,532979,2.786212921142578
4278,2022-02-17 01:02:43,532979,2.8448824882507324
4279,2022-02-17 02:02:00,532979,2.8653554916381836
4280,2022-02-17 03:02:49,532979,2.8095390796661377
4281,2022-02-17 03:02:54,532979,2.8265016078948975
4282,2022-02-17 04:02:48,532979,2.8983490467071533
4283,2022-02-17 05:02:23,532979,2.834150791168213
4284,2022-02-17 05:02:27,532979,2.7944061756134033
4285,2022-02-17 02:02:10,532983,2.8458614349365234
4286,2022-02-17 04:02:17,532983,2.8260958194732666
4287,2022-02-17 04:02:52,532984,2.8004417419433594
4288,2022-02-17 05:02:35,532984,2.8117294311523438
4289,2022-02-17 05:02:58,532986,2.869267225265503
4290,2022-02-17 07:02:56,532986,2.8016443252563477
4291,2022-02-17 08:02:05,532986,2.8364181518554688
4292,2022-02-17 08:02:03,532988,2.8843111991882324
4293,2022-02-17 08:02:54,532988,2.888615369796753
4294,2022-02-17 09:02:31,532988,2.9051804542541504
4295,2022-02-17 09:02:41,532988,2.849552869796753
4296,2022-02-17 09:02:47,532988,2.8248789310455322
4297,2022-02-17 10:02:42,532988,2.825100898742676
4298,2022-02-17 10:02:46,532988,2.8482234477996826
4299,2022-02-17 10:02:47,532988,2.790583848953247
4300,2022-02-17 11:02:48,532988,2.825784683227539
4301,2022-02-18 12:02:11,532988,2.8588907718658447
4302,2022-02-18 01:02:30,532989,2.8888332843780518
4303,2022-02-18 04:02:17,532989,2.8167614936828613
4304,2022-02-18 05:02:43,532989,2.810985803604126
4305,2022-02-18 05:02:32,532991,2.7995057106018066
4306,2022-02-18 07:02:05,532991,2.855189800262451
4307,2022-02-18 06:02:01,532992,2.8492391109466553
4308,2022-02-18 10:02:05,532994,2.7882614135742188
4309,2022-02-18 11:02:15,532994,2.7594709396362305
4310,2022-02-18 01:02:48,532996,2.8634843826293945
4311,2022-02-18 11:02:13,532996,2.860586166381836
4312,2022-02-18 01:02:58,532999,2.870504140853882
4313,2022-02-18 02:02:00,532999,2.818004846572876
4314,2022-02-18 03:02:12,532999,2.851466655731201
4315,2022-02-18 03:02:50,532999,2.7910614013671875
4316,2022-02-18 02:02:07,533000,2.8502931594848633
4317,2022-02-18 02:02:56,533000,2.846935987472534
4318,2022-02-18 12:02:08,533000,2.8410778045654297
4319,2022-02-18 12:02:39,533000,2.856602191925049
4320,2022-02-18 02:02:00,533001,2.9533510208129883
4321,2022-02-18 02:02:37,533001,2.9125125408172607
4322,2022-02-18 04:02:25,533001,2.9121451377868652
4323,2022-02-18 03:02:55,533002,2.825981855392456
4324,2022-02-18 04:02:22,533002,2.9113571643829346
4325,2022-02-18 04:02:33,533002,2.9363014698028564
4326,2022-02-18 05:02:18,533003,2.8295981884002686
4327,2022-02-18 05:02:43,533003,2.8384246826171875
4328,2022-02-18 06:02:02,533003,2.838685989379883
4329,2022-02-18 06:02:59,533003,2.8497304916381836
4330,2022-02-18 07:02:42,533003,2.7801401615142822
4331,2022-02-18 09:02:20,533003,2.8487274646759033
4332,2022-02-18 08:02:32,533004,2.907011032104492
4333,2022-02-18 09:02:50,533004,2.80367112159729
4334,2022-02-19 01:02:50,533004,2.8331804275512695
4335,2022-02-19 01:02:50,533004,2.834512233734131
4336,2022-02-19 01:02:55,533004,2.860954761505127
4337,2022-02-19 03:02:17,533004,2.830143451690674
4338,2022-02-19 04:02:58,533004,2.8446316719055176
4339,2022-02-19 12:02:12,533004,2.877488136291504
4340,2022-02-19 12:02:23,533004,2.8560845851898193
4341,2022-02-19 04:02:57,533006,2.785064458847046
4342,2022-02-19 05:02:28,533006,2.912433624267578
4343,2022-02-20 04:02:28,533006,2.823735237121582
4344,2022-02-20 05:02:27,533006,2.823810577392578
4345,2022-02-21 10:02:39,533010,2.8734917640686035
4346,2022-02-21 10:02:45,533010,2.802276372909546
4347,2022-02-21 11:02:58,533010,2.8416664600372314
4348,2022-02-21 01:02:06,533012,2.784853935241699
4349,2022-02-21 01:02:46,533012,2.8404135704040527
4350,2022-02-21 02:02:49,533012,2.8439340591430664
4351,2022-02-21 02:02:57,533012,2.791600227355957
4352,2022-02-21 02:02:13,533013,2.8201279640197754
4353,2022-02-21 02:02:15,533013,2.7984249591827393
4354,2022-02-21 03:02:09,533013,2.818833351135254
4355,2022-02-21 04:02:31,533013,2.8284342288970947
4356,2022-02-21 02:02:37,533014,2.796591281890869
4357,2022-02-21 03:02:37,533017,2.7871670722961426
4358,2022-02-21 04:02:03,533017,2.8687095642089844
4359,2022-02-21 04:02:43,533017,2.8463006019592285
4360,2022-02-21 05:02:24,533017,2.8221917152404785
4361,2022-02-21 05:02:08,533018,2.8195841312408447
4362,2022-02-21 06:02:07,533018,2.8531463146209717
4363,2022-02-21 06:02:51,533018,2.8626294136047363
4364,2022-02-21 07:02:13,533018,2.8837831020355225
4365,2022-02-21 08:02:55,533018,2.85058856010437
4366,2022-02-22 10:02:12,533021,2.8370113372802734
4367,2022-02-22 10:02:38,533021,2.867732286453247
4368,2022-02-22 10:02:49,533021,2.7955167293548584
4369,2022-02-22 11:02:05,533021,2.835756540298462
4370,2022-02-22 11:02:24,533021,2.8005294799804688
4371,2022-02-22 11:02:51,533021,2.805103063583374
4372,2022-02-22 12:02:01,533021,2.8018813133239746
4373,2022-02-22 12:02:36,533021,2.838369607925415
4374,2022-02-22 12:02:48,533021,2.865666389465332
4375,2022-02-22 01:02:48,533022,2.831761121749878
4376,2022-02-22 11:02:20,533022,2.800936460494995
4377,2022-02-22 01:02:37,533024,2.8471107482910156
4378,2022-02-22 02:02:39,533024,2.8565711975097656
4379,2022-02-22 02:02:43,533024,2.818233013153076
4380,2022-02-22 12:02:21,533024,2.853062152862549
4381,2022-02-22 02:02:52,533025,2.817272663116455
4382,2022-02-22 03:02:28,533025,2.8477485179901123
4383,2022-02-22 03:02:23,533026,2.7929117679595947
4384,2022-02-22 04:02:37,533026,2.8659005165100098
4385,2022-02-22 05:02:07,533028,2.7775461673736572
4386,2022-02-22 08:02:08,533028,2.845752477645874
4387,2022-02-22 10:02:47,533032,2.8202178478240967
4388,2022-02-23 12:02:46,533032,2.930499315261841
4389,2022-02-23 05:02:28,533034,2.786874532699585
4390,2022-02-23 05:02:35,533034,2.8579089641571045
4391,2022-02-23 06:02:42,533034,2.828559398651123
4392,2022-02-23 07:02:15,533034,2.83953857421875
4393,2022-02-23 07:02:30,533034,2.814570903778076
4394,2022-02-23 08:02:06,533034,2.840118408203125
4395,2022-02-23 08:02:07,533034,2.7754404544830322
4396,2022-02-23 08:02:10,533034,2.8564932346343994
4397,2022-02-23 08:02:24,533034,2.8678534030914307
4398,2022-02-23 06:02:43,533035,2.8273255825042725
4399,2022-02-23 08:02:31,533035,2.8601016998291016
4400,2022-02-23 08:02:07,533036,2.836742639541626
4401,2022-02-23 09:02:51,533036,2.8250207901000977
4402,2022-02-23 09:02:32,533037,2.821685552597046
4403,2022-02-23 10:02:51,533037,2.825134038925171
4404,2022-02-23 10:02:23,533039,2.8514225482940674
4405,2022-02-23 11:02:46,533039,2.824122190475464
4406,2022-02-23 12:02:32,533041,2.8851191997528076
4407,2022-02-23 12:02:35,533042,2.842250347137451
4408,2022-02-23 01:02:10,533043,2.833578586578369
4409,2022-02-23 03:02:29,533043,2.8369812965393066
4410,2022-02-23 03:02:10,533044,2.836369037628174
4411,2022-02-23 04:02:49,533044,2.795825958251953
4412,2022-02-23 05:02:02,533045,2.848513126373291
4413,2022-02-23 05:02:09,533045,2.8057174682617188
4414,2022-02-23 06:02:15,533045,2.889836072921753
4415,2022-02-23 06:02:22,533045,2.7772953510284424
4416,2022-02-23 07:02:39,533046,2.869697332382202
4417,2022-02-23 08:02:35,533046,2.847336530685425
4418,2022-02-23 09:02:12,533046,2.8039913177490234
4419,2022-02-23 09:02:32,533046,2.828033447265625
4420,2022-02-23 09:02:52,533046,2.793485403060913
4421,2022-02-23 10:02:04,533046,2.8538312911987305
4422,2022-02-24 04:02:15,533050,2.8507192134857178
4423,2022-02-24 04:02:30,533050,2.807574510574341
4424,2022-02-24 05:02:16,533050,2.821945905685425
4425,2022-02-24 05:02:40,533050,2.8400750160217285
4426,2022-02-24 05:02:55,533050,2.8220088481903076
4427,2022-02-24 06:02:04,533050,2.8352038860321045
4428,2022-02-24 06:02:20,533050,2.8405213356018066
4429,2022-02-24 06:02:57,533050,2.7825357913970947
4430,2022-02-24 07:02:06,533050,2.8339221477508545
4431,2022-02-24 09:02:14,533050,2.847078800201416
4432,2022-02-24 09:02:34,533050,2.8546855449676514
4433,2022-02-24 10:02:15,533050,2.872344732284546
4434,2022-02-24 12:02:55,533050,2.8325672149658203
4435,2022-02-24 01:02:22,533051,2.8590211868286133
4436,2022-02-24 01:02:25,533051,2.849766731262207
4437,2022-02-24 01:02:33,533051,2.8343682289123535
4438,2022-02-24 10:02:32,533051,2.8171632289886475
4439,2022-02-24 11:02:15,533051,2.831562042236328
4440,2022-02-24 11:02:28,533051,2.8164029121398926
4441,2022-02-24 11:02:32,533051,2.784679412841797
4442,2022-02-24 11:02:51,533051,2.866793632507324
4443,2022-02-24 12:02:01,533051,2.8651583194732666
4444,2022-02-24 12:02:27,533051,2.8307108879089355
4445,2022-02-24 12:02:34,533051,2.840400457382202
4446,2022-02-24 01:02:10,533053,2.817201614379883
4447,2022-02-24 01:02:40,533053,2.8526370525360107
4448,2022-02-24 01:02:50,533053,2.8600716590881348
4449,2022-02-24 02:02:12,533053,2.8329274654388428
4450,2022-02-24 02:02:50,533053,2.839388370513916
4451,2022-02-24 03:02:22,533053,2.8055989742279053
4452,2022-02-24 03:02:33,533053,2.9611103534698486
4453,2022-02-24 03:02:40,533053,2.795731544494629
4454,2022-02-24 01:02:35,533054,2.8387231826782227
4455,2022-02-24 02:02:55,533054,2.844980239868164
4456,2022-02-24 03:02:00,533054,2.834970474243164
4457,2022-02-24 03:02:39,533054,2.794884204864502
4458,2022-02-24 02:02:28,533055,2.8412530422210693
4459,2022-02-24 03:02:43,533055,2.8320963382720947
4460,2022-02-24 03:02:25,533056,2.8562746047973633
4461,2022-02-24 04:02:34,533056,2.8812551498413086
4462,2022-02-24 05:02:29,533059,2.8692173957824707
4463,2022-02-24 06:02:22,533059,2.887251615524292
4464,2022-02-24 07:02:12,533061,2.859788179397583
4465,2022-02-24 09:02:43,533061,2.837834119796753
4466,2022-02-24 08:02:16,533062,2.8321874141693115
4467,2022-02-24 08:02:37,533062,2.794767141342163
4468,2022-02-24 10:02:44,533062,2.9358553886413574
4469,2022-02-24 10:02:49,533062,2.8265867233276367
4470,2022-02-24 11:02:01,533062,2.8226914405822754
4471,2022-02-24 11:02:35,533062,2.8306612968444824
4472,2022-02-24 10:02:31,533063,2.8507227897644043
4473,2022-02-25 01:02:03,533063,2.8338124752044678
4474,2022-02-25 02:02:34,533063,2.9543492794036865
4475,2022-02-25 01:02:46,533064,2.8656768798828125
4476,2022-02-25 03:02:48,533064,2.87331223487854
4477,2022-02-25 04:02:07,533064,2.993940591812134
4478,2022-02-25 04:02:11,533064,2.875981569290161
4479,2022-02-25 05:02:29,533064,2.847395181655884
4480,2022-02-25 05:02:49,533065,2.837259292602539
4481,2022-02-25 06:02:06,533065,2.855407238006592
4482,2022-02-25 06:02:31,533065,2.8287432193756104
4483,2022-02-25 07:02:51,533065,2.8426053524017334
4484,2022-02-25 05:02:43,533066,2.835221767425537
4485,2022-02-25 07:02:29,533066,2.8260693550109863
4486,2022-02-25 08:02:00,533067,2.799828052520752
4487,2022-02-25 08:02:18,533067,2.848797082901001
4488,2022-02-25 08:02:52,533067,2.8371951580047607
4489,2022-02-25 09:02:55,533067,2.810826539993286
4490,2022-02-25 10:02:30,533067,2.8741283416748047
4491,2022-02-25 09:02:08,533068,2.8443024158477783
4492,2022-02-25 01:02:40,533070,2.8572981357574463
4493,2022-02-25 11:02:39,533070,2.8483715057373047
4494,2022-02-25 12:02:37,533071,2.8200414180755615
4495,2022-02-25 01:02:11,533072,2.8610451221466064
4496,2022-02-25 02:02:00,533072,2.8278214931488037
4497,2022-02-25 02:02:13,533072,2.867926597595215
4498,2022-02-25 02:02:51,533072,2.770339012145996
4499,2022-02-25 02:02:53,533072,2.807133197784424
4500,2022-02-25 03:02:47,533072,2.8259174823760986
4501,2022-02-25 03:02:47,533072,2.843829393386841
4502,2022-02-25 03:02:50,533072,2.8472392559051514
4503,2022-02-25 03:02:54,533072,2.866706132888794
4504,2022-02-25 04:02:26,533072,2.8962595462799072
4505,2022-02-25 04:02:44,533072,2.883864641189575
4506,2022-02-25 04:02:50,533072,2.8734424114227295
4507,2022-02-25 03:02:55,533073,2.8951549530029297
4508,2022-02-25 04:02:43,533073,2.8332526683807373
4509,2022-02-25 05:02:37,533075,2.883892774581909
4510,2022-02-25 06:02:09,533075,2.8822872638702393
4511,2022-02-25 06:02:49,533076,2.8417539596557617
4512,2022-02-25 08:02:40,533076,2.7990124225616455
4513,2022-02-25 08:02:58,533079,2.842817783355713
4514,2022-02-25 09:02:29,533080,2.8501980304718018
4515,2022-02-25 10:02:23,533080,2.8180649280548096
4516,2022-02-25 11:02:34,533080,2.8298604488372803
4517,2022-02-26 12:02:38,533080,2.8493731021881104
4518,2022-02-26 02:02:07,533081,2.8488523960113525
4519,2022-02-26 05:02:43,533081,2.8518118858337402
4520,2022-02-26 06:02:16,533082,2.8511486053466797
4521,2022-02-27 04:02:46,533083,2.8040778636932373
4522,2022-02-27 05:02:41,533083,2.8924975395202637
4523,2022-02-28 04:02:23,533084,2.792491912841797
4524,2022-02-28 05:02:18,533084,2.8805835247039795
4525,2022-02-28 06:02:25,533084,2.853316307067871
4526,2022-02-28 06:02:31,533084,2.9952404499053955
4527,2022-02-28 06:02:00,533087,2.8396389484405518
4528,2022-02-28 06:02:48,533087,2.9153175354003906
4529,2022-02-28 06:02:52,533087,2.848445177078247
4530,2022-02-28 07:02:34,533087,2.8323240280151367
4531,2022-02-28 11:02:57,533090,2.909912109375
4532,2022-02-28 02:02:25,533091,2.876957654953003
4533,2022-02-28 12:02:16,533091,2.8676483631134033
4534,2022-02-28 01:02:01,533092,2.8432931900024414
4535,2022-02-28 01:02:33,533092,2.84306263923645
4536,2022-02-28 02:02:09,533094,2.8716697692871094
4537,2022-02-28 02:02:47,533094,2.8273520469665527
4538,2022-02-28 04:02:08,533094,2.7910313606262207
4539,2022-02-28 04:02:10,533094,2.8521697521209717
4540,2022-02-28 04:02:59,533095,2.8433213233947754
4541,2022-02-28 05:02:19,533095,2.855410099029541
4542,2022-02-28 05:02:20,533095,2.839317560195923
4543,2022-02-28 05:02:44,533095,2.7859530448913574
4544,2022-02-28 06:02:01,533095,2.790778398513794
4545,2022-02-28 07:02:00,533095,2.8877038955688477
4546,2022-02-28 07:02:37,533095,2.857569456100464
4547,2022-02-28 07:02:39,533095,2.8808400630950928
4548,2022-02-28 08:02:17,533095,2.834238052368164
4549,2022-02-28 09:02:11,533095,2.8084774017333984
4550,2022-02-28 08:02:40,533096,2.8526933193206787
4551,2022-02-28 09:02:58,533096,2.844423294067383
4552,2022-02-28 11:02:00,533099,2.8699166774749756