index_1based,timestamp,sut_version,value
1,2021-09-01 01:09:08,515219,49.290284872055054
2,2021-09-01 01:09:39,515219,55.2241530418396
3,2021-09-01 02:09:53,515219,50.52253484725952
4,2021-09-01 12:09:01,515219,51.06261587142944
5,2021-09-01 12:09:10,515219,54.81993007659912
6,2021-09-01 12:09:20,515219,50.45720911026001
7,2021-09-01 03:09:14,515220,53.25332689285278
8,2021-09-01 04:09:11,515220,54.45845413208008
9,2021-09-01 06:09:29,515220,54.700501918792725
10,2021-09-01 08:09:00,515222,50.717052936553955
11,2021-09-01 02:09:45,515224,50.01373219490051
12,2021-09-01 03:09:05,515224,48.67425799369812
13,2021-09-01 10:09:37,515224,50.024348974227905
14,2021-09-01 10:09:45,515224,50.54034185409546
15,2021-09-01 11:09:15,515224,51.43091297149658
16,2021-09-01 11:09:20,515224,50.72982096672058
17,2021-09-01 11:09:39,515224,49.96855592727661
18,2021-09-01 12:09:16,515224,49.96660017967224
19,2021-09-01 12:09:16,515224,51.222378969192505
20,2021-09-01 12:09:17,515224,50.52433800697327
21,2021-09-01 12:09:44,515224,50.01991295814514
22,2021-09-01 12:09:46,515224,49.66191601753235
23,2021-09-01 01:09:24,515225,50.39857196807861
24,2021-09-01 01:09:55,515225,50.13149881362915
25,2021-09-01 01:09:58,515225,52.250149965286255
26,2021-09-01 03:09:31,515228,49.67885398864746
27,2021-09-01 04:09:02,515230,49.89450192451477
28,2021-09-01 09:09:22,515238,52.10629487037659
29,2021-09-01 11:09:02,515240,51.17887091636658
30,2021-09-02 05:09:20,515242,51.48935604095459
31,2021-09-02 05:09:31,515242,50.46093010902405
32,2021-09-02 05:09:36,515242,50.50427603721619
33,2021-09-02 08:09:38,515243,51.81782007217407
34,2021-09-02 09:09:07,515243,49.79878616333008
35,2021-09-02 09:09:18,515243,51.005707025527954
36,2021-09-02 09:09:57,515243,51.988128900527954
37,2021-09-02 11:09:02,515243,50.56101393699646
38,2021-09-02 11:09:38,515243,50.094269037246704
39,2021-09-02 01:09:15,515244,49.56985402107239
40,2021-09-02 11:09:59,515244,55.2028911113739
41,2021-09-02 12:09:00,515244,51.048656940460205
42,2021-09-02 12:09:01,515244,54.36038589477539
43,2021-09-02 12:09:32,515244,53.229243993759155
44,2021-09-02 12:09:33,515244,50.95407199859619
45,2021-09-02 12:09:47,515244,50.07412505149841
46,2021-09-02 02:09:52,515246,53.60606908798218
47,2021-09-02 03:09:28,515246,51.917513847351074
48,2021-09-02 02:09:03,515247,50.308603048324585
49,2021-09-02 03:09:48,515248,51.512072801589966
50,2021-09-02 04:09:38,515248,50.22109293937683
51,2021-09-02 05:09:58,515251,52.878746032714844
52,2021-09-02 06:09:42,515251,50.68807291984558
53,2021-09-02 06:09:23,515252,50.76312613487244
54,2021-09-02 07:09:55,515254,54.13421988487244
55,2021-09-02 08:09:44,515257,51.95563578605652
56,2021-09-03 12:09:28,515260,50.25588893890381
57,2021-09-03 12:09:37,515260,51.302411794662476
58,2021-09-03 12:09:45,515260,54.46997308731079
59,2021-09-03 05:09:12,515262,50.27706813812256
60,2021-09-03 07:09:38,515262,50.77900409698486
61,2021-09-03 09:09:02,515263,52.16224908828735
62,2021-09-03 09:09:13,515263,49.66181492805481
63,2021-09-03 09:09:20,515263,51.74350905418396
64,2021-09-03 09:09:28,515263,50.94726920127869
65,2021-09-03 09:09:06,515264,52.702012062072754
66,2021-09-03 12:09:38,515265,49.902010917663574
67,2021-09-03 01:09:47,515266,50.01228904724121
68,2021-09-03 12:09:28,515266,52.76090598106384
69,2021-09-03 03:09:06,515268,54.058040142059326
70,2021-09-03 03:09:40,515268,54.426957845687866
71,2021-09-03 04:09:43,515269,49.40939784049988
72,2021-09-03 05:09:13,515272,50.67931413650513
73,2021-09-03 10:09:57,515275,51.981034994125366
74,2021-09-03 11:09:46,515277,51.81305980682373
75,2021-09-04 01:09:06,515277,55.39315605163574
76,2021-09-04 01:09:16,515277,50.62140393257141
77,2021-09-04 01:09:42,515277,51.901772022247314
78,2021-09-04 02:09:17,515277,49.94351315498352
79,2021-09-04 12:09:12,515277,55.069210052490234
80,2021-09-04 12:09:28,515277,50.2507209777832
81,2021-09-04 02:09:23,515278,53.45386600494385
82,2021-09-04 05:09:01,515279,53.742679834365845
83,2021-09-04 06:09:40,515279,51.99284887313843
84,2021-09-04 10:09:53,515281,55.53819298744202
85,2021-09-04 11:09:33,515281,53.98719501495361
86,2021-09-05 04:09:12,515282,55.213343143463135
87,2021-09-05 05:09:42,515282,50.85964393615723
88,2021-09-05 07:09:04,515282,52.982656955718994
89,2021-09-06 05:09:52,515282,54.19324588775635
90,2021-09-06 08:09:16,515282,53.68529009819031
91,2021-09-06 08:09:22,515282,53.8031108379364
92,2021-09-06 08:09:48,515282,54.920320987701416
93,2021-09-06 09:09:24,515282,54.30937194824219
94,2021-09-06 10:09:05,515282,50.247308015823364
95,2021-09-06 10:09:08,515282,51.41203188896179
96,2021-09-06 10:09:30,515282,51.92539715766907
97,2021-09-06 11:09:23,515282,50.77024483680725
98,2021-09-06 11:09:36,515282,54.13136696815491
99,2021-09-06 11:09:49,515282,50.87176179885864
100,2021-09-06 12:09:42,515282,49.85225796699524
101,2021-09-06 12:09:45,515282,49.97604584693909
102,2021-09-06 12:09:59,515282,54.71192502975464
103,2021-09-06 12:09:46,515283,51.19599413871765
104,2021-09-06 01:09:11,515284,55.30515193939209
105,2021-09-06 02:09:45,515284,48.9133620262146
106,2021-09-06 01:09:42,515285,51.05208110809326
107,2021-09-06 02:09:14,515285,53.62398409843445
108,2021-09-06 03:09:28,515286,53.71074390411377
109,2021-09-06 03:09:35,515286,50.06840991973877
110,2021-09-06 03:09:51,515286,50.77914595603943
111,2021-09-06 06:09:43,515290,49.94390416145325
112,2021-09-06 06:09:43,515290,51.02741599082947
113,2021-09-06 06:09:55,515290,53.97537684440613
114,2021-09-06 07:09:46,515291,54.952641010284424
115,2021-09-06 08:09:54,515291,52.184853076934814
116,2021-09-06 08:09:25,515292,51.347805976867676
117,2021-09-06 08:09:24,515293,53.36728811264038
118,2021-09-06 09:09:38,515293,52.905076026916504
119,2021-09-06 09:09:01,515294,53.477473974227905
120,2021-09-06 09:09:14,515294,49.87185597419739
121,2021-09-06 09:09:21,515294,50.47127389907837
122,2021-09-06 10:09:37,515294,48.7910270690918
123,2021-09-06 10:09:40,515295,51.57051610946655
124,2021-09-06 11:09:55,515295,52.185872077941895
125,2021-09-07 01:09:32,515296,49.51502203941345
126,2021-09-07 12:09:09,515296,50.34315085411072
127,2021-09-07 02:09:43,515297,50.714030027389526
128,2021-09-07 03:09:22,515297,49.7995879650116
129,2021-09-07 04:09:47,515303,49.686667919158936
130,2021-09-07 05:09:33,515304,51.189120054244995
131,2021-09-07 06:09:36,515304,54.8288300037384
132,2021-09-07 08:09:00,515304,50.16675019264221
133,2021-09-07 08:09:02,515304,52.03943204879761
134,2021-09-07 10:09:19,515308,50.32658505439758
135,2021-09-07 10:09:27,515308,50.746866941452026
136,2021-09-07 01:09:04,515309,52.309818983078
137,2021-09-07 01:09:19,515309,52.111377000808716
138,2021-09-07 01:09:23,515309,52.86658978462219
139,2021-09-07 01:09:53,515309,53.41505193710327
140,2021-09-07 12:09:54,515309,54.66183805465698
141,2021-09-07 02:09:51,515310,55.00739812850952
142,2021-09-07 03:09:02,515310,50.50186586380005
143,2021-09-07 12:09:27,515310,51.16134595870972
144,2021-09-07 02:09:30,515311,54.384856939315796
145,2021-09-07 02:09:44,515311,50.25961089134216
146,2021-09-07 03:09:01,515311,50.24912905693054
147,2021-09-07 03:09:04,515311,50.568410873413086
148,2021-09-07 04:09:33,515313,54.06164216995239
149,2021-09-07 05:09:55,515313,55.449480056762695
150,2021-09-07 06:09:00,515313,54.46166014671326
151,2021-09-07 06:09:12,515313,51.88214707374573
152,2021-09-07 06:09:35,515313,50.51994490623474
153,2021-09-07 07:09:33,515313,53.65422296524048
154,2021-09-07 07:09:27,515314,55.09003710746765
155,2021-09-07 08:09:15,515314,51.292258977890015
156,2021-09-07 08:09:21,515314,54.02349305152893
157,2021-09-07 08:09:33,515314,52.93851017951965
158,2021-09-07 10:09:52,515314,51.55705499649048
159,2021-09-07 10:09:54,515314,51.41773200035095
160,2021-09-07 11:09:10,515317,55.02635192871094
161,2021-09-08 12:09:10,515317,50.024879932403564
162,2021-09-08 01:09:37,515318,51.36858892440796
163,2021-09-08 05:09:28,515318,52.13610792160034
164,2021-09-08 06:09:23,515318,52.534334897994995
165,2021-09-08 06:09:23,515318,53.28764295578003
166,2021-09-08 06:09:28,515318,55.44291806221008
167,2021-09-08 06:09:50,515318,53.927472829818726
168,2021-09-08 07:09:08,515318,49.2697970867157
169,2021-09-08 07:09:13,515318,51.37170696258545
170,2021-09-08 10:09:46,515318,52.24731206893921
171,2021-09-08 11:09:08,515318,53.877644062042236
172,2021-09-08 11:09:27,515318,53.216779947280884
173,2021-09-08 11:09:30,515318,50.04982304573059
174,2021-09-08 11:09:39,515318,50.144548177719116
175,2021-09-08 12:09:13,515318,51.742908000946045
176,2021-09-08 02:09:20,515320,53.51244306564331
177,2021-09-08 02:09:52,515320,50.063486099243164
178,2021-09-08 03:09:26,515320,53.69015097618103
179,2021-09-08 02:09:05,515321,49.4936101436615
180,2021-09-08 02:09:09,515321,51.15610098838806
181,2021-09-08 02:09:46,515321,51.12824082374573
182,2021-09-08 02:09:57,515321,50.14995098114014
183,2021-09-08 04:09:55,515321,54.21558713912964
184,2021-09-08 04:09:40,515323,50.76851296424866
185,2021-09-08 05:09:52,515323,50.658952951431274
186,2021-09-08 04:09:21,515324,50.01323199272156
187,2021-09-08 05:09:16,515324,51.58403992652893
188,2021-09-08 05:09:21,515324,50.87720084190369
189,2021-09-08 06:09:04,515325,50.152180910110474
190,2021-09-08 10:09:54,515325,54.71380305290222
191,2021-09-08 11:09:22,515325,49.95053005218506
192,2021-09-08 11:09:32,515325,54.22979688644409
193,2021-09-08 11:09:37,515326,50.20328402519226
194,2021-09-08 11:09:46,515326,51.159000873565674
195,2021-09-08 11:09:00,515327,50.601194858551025
196,2021-09-09 02:09:55,515334,50.15720200538635
197,2021-09-09 03:09:25,515335,49.80025005340576
198,2021-09-09 03:09:36,515336,49.76733994483948
199,2021-09-09 03:09:58,515336,50.10952615737915
200,2021-09-09 05:09:48,515337,50.33229207992554
201,2021-09-09 07:09:04,515337,49.19224500656128
202,2021-09-09 07:09:48,515338,50.162617921829224
203,2021-09-09 09:09:08,515341,52.57104015350342
204,2021-09-09 09:09:23,515341,50.68073391914368
205,2021-09-09 09:09:33,515341,50.86399698257446
206,2021-09-09 10:09:55,515341,50.19344186782837
207,2021-09-09 10:09:57,515341,49.63547205924988
208,2021-09-09 11:09:23,515341,49.97899413108826
209,2021-09-09 11:09:44,515341,50.99368405342102
210,2021-09-09 11:09:45,515341,50.196613073349
211,2021-09-09 11:09:55,515341,55.08682107925415
212,2021-09-09 12:09:42,515341,49.8989200592041
213,2021-09-09 12:09:52,515341,50.27573800086975
214,2021-09-09 01:09:04,515342,50.51745009422302
215,2021-09-09 03:09:52,515344,50.37215995788574
216,2021-09-09 04:09:04,515344,57.343085050582886
217,2021-09-09 04:09:13,515344,50.46122694015503
218,2021-09-09 05:09:22,515344,49.11392402648926
219,2021-09-09 05:09:52,515345,50.91749596595764
220,2021-09-09 07:09:04,515347,51.01429009437561
221,2021-09-09 08:09:36,515347,49.84914302825928
222,2021-09-09 09:09:46,515348,50.29055404663086
223,2021-09-09 10:09:25,515350,50.17674112319946
224,2021-09-09 11:09:19,515350,50.480342864990234
225,2021-09-09 11:09:17,515351,49.88343000411987
226,2021-09-09 11:09:25,515351,49.82881212234497
227,2021-09-09 11:09:58,515351,54.67877197265625
228,2021-09-10 12:09:44,515351,49.23468899726868
229,2021-09-10 12:09:14,515352,49.671005964279175
230,2021-09-10 12:09:42,515352,50.4407160282135
231,2021-09-10 12:09:59,515352,50.43755793571472
232,2021-09-10 02:09:16,515356,52.45396399497986
233,2021-09-10 03:09:20,515356,50.16541600227356
234,2021-09-10 03:09:47,515356,51.675244092941284
235,2021-09-10 04:09:41,515357,51.20663595199585
236,2021-09-10 05:09:41,515357,51.79738783836365
237,2021-09-10 05:09:44,515358,50.64449214935303
238,2021-09-10 06:09:21,515362,50.895066022872925
239,2021-09-10 06:09:19,515364,50.935548067092896
240,2021-09-10 07:09:18,515364,50.593820095062256
241,2021-09-10 01:09:01,515366,50.03471302986145
242,2021-09-10 01:09:18,515366,50.462820053100586
243,2021-09-10 01:09:26,515366,49.77833104133606
244,2021-09-10 01:09:37,515366,51.63980722427368
245,2021-09-10 01:09:53,515366,50.675337076187134
246,2021-09-10 02:09:20,515366,50.48365306854248
247,2021-09-10 02:09:45,515366,50.65094995498657
248,2021-09-10 02:09:47,515366,50.81960105895996
249,2021-09-10 07:09:52,515366,51.573755979537964
250,2021-09-10 08:09:17,515366,50.80681395530701
251,2021-09-10 10:09:07,515366,53.3858699798584
252,2021-09-10 10:09:37,515366,51.0125207901001
253,2021-09-10 02:09:13,515367,51.670543909072876
254,2021-09-10 02:09:42,515367,50.40704894065857
255,2021-09-10 02:09:57,515367,51.460309982299805
256,2021-09-10 04:09:08,515367,50.13186001777649
257,2021-09-10 03:09:40,515368,49.681049823760986
258,2021-09-10 04:09:52,515369,52.00687599182129
259,2021-09-10 05:09:05,515371,50.88473987579346
260,2021-09-10 05:09:51,515373,52.68910622596741
261,2021-09-13 04:09:45,515375,50.93234181404114
262,2021-09-10 09:09:45,515377,52.1879141330719
263,2021-09-10 11:09:46,515378,50.01818799972534
264,2021-09-10 11:09:13,515379,53.21195101737976
265,2021-09-11 12:09:45,515379,51.225929975509644
266,2021-09-11 01:09:00,515380,50.266947984695435
267,2021-09-11 01:09:28,515380,53.148996114730835
268,2021-09-11 02:09:14,515380,50.39845395088196
269,2021-09-11 02:09:41,515380,50.14811301231384
270,2021-09-11 12:09:21,515380,55.317294120788574
271,2021-09-11 01:09:12,515381,53.93923902511597
272,2021-09-11 01:09:24,515381,50.711652994155884
273,2021-09-11 02:09:58,515381,50.35014081001282
274,2021-09-13 04:09:22,515381,52.108453035354614
275,2021-09-13 05:09:08,515381,51.282607078552246
276,2021-09-13 06:09:47,515382,53.41672897338867
277,2021-09-11 02:09:05,515385,53.23130798339844
278,2021-09-11 06:09:11,515387,53.54074692726135
279,2021-09-11 06:09:47,515387,56.16462302207947
280,2021-09-11 12:09:49,515388,50.40864706039429
281,2021-09-11 08:09:45,515389,50.530998945236206
282,2021-09-12 05:09:48,515390,51.388317823410034
283,2021-09-12 03:09:55,515391,51.90541887283325
284,2021-09-13 04:09:40,515391,51.9318950176239
285,2021-09-13 05:09:50,515391,54.73594689369202
286,2021-09-13 05:09:55,515391,55.40029501914978
287,2021-09-13 06:09:42,515391,54.6002459526062
288,2021-09-13 06:09:50,515391,54.93815493583679
289,2021-09-13 06:09:55,515391,51.72382688522339
290,2021-09-13 06:09:55,515391,49.893141984939575
291,2021-09-13 07:09:13,515391,53.08152198791504
292,2021-09-13 07:09:40,515391,51.93851399421692
293,2021-09-13 07:09:57,515391,55.23093509674072
294,2021-09-13 08:09:26,515391,50.6868040561676
295,2021-09-13 01:09:36,515393,53.12231111526489
296,2021-09-13 10:09:47,515393,51.165822982788086
297,2021-09-13 11:09:32,515393,51.56581401824951
298,2021-09-13 11:09:49,515393,52.30633997917175
299,2021-09-13 01:09:42,515394,51.125422954559326
300,2021-09-13 11:09:18,515394,51.9921510219574
301,2021-09-13 11:09:43,515394,50.593920946121216
302,2021-09-14 12:09:05,515396,49.839479207992554
303,2021-09-14 12:09:48,515396,50.3499698638916
304,2021-09-14 01:09:48,515397,49.55702996253967
305,2021-09-14 07:09:00,515397,50.75111413002014
306,2021-09-14 09:09:02,515397,50.72110199928284
307,2021-09-14 09:09:13,515397,51.01182508468628
308,2021-09-13 02:09:33,515398,53.707213163375854
309,2021-09-14 07:09:31,515398,51.74429416656494
310,2021-09-14 09:09:23,515399,53.35622000694275
311,2021-09-14 11:09:50,515401,50.759135007858276
312,2021-09-14 02:09:30,515403,52.405210971832275
313,2021-09-14 05:09:56,515403,49.28297209739685
314,2021-09-14 08:09:05,515403,49.87079882621765
315,2021-09-14 08:09:18,515403,50.96490287780762
316,2021-09-14 08:09:54,515403,54.12076997756958
317,2021-09-14 09:09:51,515403,49.929677963256836
318,2021-09-14 11:09:17,515403,51.97212886810303
319,2021-09-14 11:09:55,515403,55.00180506706238
320,2021-09-14 12:09:47,515403,52.27104997634888
321,2021-09-14 05:09:42,515405,50.45829892158508
322,2021-09-14 05:09:42,515405,55.13894510269165
323,2021-09-14 06:09:03,515405,50.974982023239136
324,2021-09-14 06:09:22,515405,49.553791999816895
325,2021-09-14 07:09:23,515405,51.472126960754395
326,2021-09-14 07:09:45,515405,54.73722004890442
327,2021-09-14 08:09:40,515405,50.465282917022705
328,2021-09-14 08:09:51,515405,53.88190793991089
329,2021-09-14 09:09:19,515405,51.619873046875
330,2021-09-14 08:09:16,515406,51.888585805892944
331,2021-09-14 09:09:16,515406,53.776657819747925
332,2021-09-14 09:09:37,515406,52.693533182144165
333,2021-09-14 09:09:40,515406,53.03037095069885
334,2021-09-14 09:09:48,515406,50.959492921829224
335,2021-09-14 10:09:09,515406,52.37317895889282
336,2021-09-14 10:09:29,515406,55.32852387428284
337,2021-09-14 10:09:59,515406,52.44536900520325
338,2021-09-14 11:09:23,515406,50.021209955215454
339,2021-09-14 11:09:28,515406,51.66638994216919
340,2021-09-14 10:09:57,515407,54.96791100502014
341,2021-09-14 11:09:39,515407,51.93110799789429
342,2021-09-14 07:09:17,515409,49.94096398353577
343,2021-09-14 11:09:18,515410,49.88006401062012
344,2021-09-14 11:09:36,515410,54.01735997200012
345,2021-09-14 11:09:39,515410,50.52189898490906
346,2021-09-14 11:09:54,515410,52.853989124298096
347,2021-09-15 01:09:07,515410,52.95119500160217
348,2021-09-15 12:09:44,515410,54.67195677757263
349,2021-09-15 12:09:36,515412,50.166823863983154
350,2021-09-15 02:09:07,515415,52.13085889816284
351,2021-09-15 03:09:45,515415,50.62320899963379
352,2021-09-15 04:09:54,515415,48.91200590133667
353,2021-09-15 03:09:12,515416,53.58996891975403
354,2021-09-15 03:09:17,515416,50.13658905029297
355,2021-09-15 03:09:23,515416,50.10992193222046
356,2021-09-15 03:09:44,515416,49.75862908363342
357,2021-09-15 01:09:04,515418,50.61160588264465
358,2021-09-15 01:09:24,515418,53.09478712081909
359,2021-09-15 01:09:52,515418,51.54217004776001
360,2021-09-15 02:09:00,515418,51.124841928482056
361,2021-09-15 02:09:08,515418,50.54402780532837
362,2021-09-15 02:09:58,515418,49.93333911895752
363,2021-09-15 06:09:33,515418,48.71514892578125
364,2021-09-15 08:09:20,515418,49.84159207344055
365,2021-09-15 08:09:33,515418,49.52372717857361
366,2021-09-15 02:09:19,515420,54.90619111061096
367,2021-09-15 06:09:37,515420,53.950191020965576
368,2021-09-15 04:09:37,515422,54.71038603782654
369,2021-09-15 07:09:27,515423,50.31699085235596
370,2021-09-15 06:09:16,515424,51.56124019622803
371,2021-09-15 07:09:14,515428,51.02219104766846
372,2021-09-15 07:09:17,515428,50.9273898601532
373,2021-09-15 07:09:22,515428,50.3323540687561
374,2021-09-15 07:09:26,515428,52.88905906677246
375,2021-09-15 11:09:14,515428,52.082242012023926
376,2021-09-15 08:09:03,515429,50.15024781227112
377,2021-09-15 08:09:46,515429,49.86948108673096
378,2021-09-15 09:09:14,515429,54.079962968826294
379,2021-09-15 09:09:58,515429,50.5976459980011
380,2021-09-15 09:09:52,515430,54.835160970687866
381,2021-09-15 09:09:59,515430,50.26590585708618
382,2021-09-16 01:09:38,515430,50.32626008987427
383,2021-09-15 09:09:33,515431,50.194398164749146
384,2021-09-15 10:09:35,515432,53.683475971221924
385,2021-09-16 01:09:21,515432,52.27454400062561
386,2021-09-16 01:09:44,515434,49.4850070476532
387,2021-09-16 01:09:41,515435,53.87795305252075
388,2021-09-16 02:09:46,515435,51.791687965393066
389,2021-09-16 01:09:18,515436,50.95386791229248
390,2021-09-16 02:09:03,515436,54.901349782943726
391,2021-09-16 02:09:46,515436,51.559104919433594
392,2021-09-16 03:09:51,515436,50.50121593475342
393,2021-09-16 02:09:02,515438,51.52765703201294
394,2021-09-16 05:09:00,515442,51.58370399475098
395,2021-09-16 05:09:40,515442,49.90428614616394
396,2021-09-16 06:09:57,515442,50.310205936431885
397,2021-09-16 06:09:20,515444,55.92906403541565
398,2021-09-16 08:09:45,515444,50.00604319572449
399,2021-09-16 08:09:01,515446,50.54356002807617
400,2021-09-16 08:09:04,515446,50.159878969192505
401,2021-09-16 08:09:04,515446,51.37972092628479
402,2021-09-16 09:09:23,515446,52.22936701774597
403,2021-09-16 09:09:27,515446,51.94701790809631
404,2021-09-16 11:09:41,515446,49.26156210899353
405,2021-09-16 11:09:46,515446,51.159749031066895
406,2021-09-16 12:09:18,515446,54.30073308944702
407,2021-09-16 01:09:48,515449,55.111818075180054
408,2021-09-16 01:09:57,515449,52.84059000015259
409,2021-09-16 05:09:07,515449,50.83351707458496
410,2021-09-16 05:09:23,515449,54.22334003448486
411,2021-09-16 05:09:52,515449,51.842111110687256
412,2021-09-16 05:09:52,515449,50.952322006225586
413,2021-09-16 08:09:11,515449,49.6050341129303
414,2021-09-16 12:09:01,515449,50.38147783279419
415,2021-09-16 12:09:29,515449,50.46187686920166
416,2021-09-16 06:09:04,515451,51.03036308288574
417,2021-09-16 06:09:04,515451,51.56328201293945
418,2021-09-16 06:09:08,515451,54.77838897705078
419,2021-09-16 06:09:12,515451,49.958274126052856
420,2021-09-16 06:09:22,515451,50.08287501335144
421,2021-09-16 06:09:44,515451,50.98224997520447
422,2021-09-16 11:09:23,515451,50.962571144104004
423,2021-09-16 11:09:54,515451,53.037182092666626
424,2021-09-16 09:09:28,515452,51.33629083633423
425,2021-09-16 11:09:37,515452,51.5831458568573
426,2021-09-16 09:09:11,515453,50.55381512641907
427,2021-09-16 09:09:12,515453,52.08687901496887
428,2021-09-16 09:09:22,515454,51.206668853759766
429,2021-09-16 09:09:49,515455,49.886168003082275
430,2021-09-16 11:09:16,515456,49.90550684928894
431,2021-09-16 11:09:26,515457,50.18154215812683
432,2021-09-17 02:09:51,515457,53.846956968307495
433,2021-09-17 12:09:13,515458,51.109431982040405
434,2021-09-17 12:09:24,515459,51.25169801712036
435,2021-09-17 12:09:50,515460,50.49318790435791
436,2021-09-17 12:09:10,515461,51.0746431350708
437,2021-09-17 04:09:18,515467,51.512847900390625
438,2021-09-17 06:09:32,515467,51.81738495826721
439,2021-09-17 06:09:33,515467,49.5256290435791
440,2021-09-17 07:09:36,515469,50.09782099723816
441,2021-09-17 07:09:53,515469,50.52821207046509
442,2021-09-17 08:09:53,515469,51.21814203262329
443,2021-09-17 01:09:02,515470,52.072617053985596
444,2021-09-17 01:09:06,515470,50.699410915374756
445,2021-09-17 09:09:28,515470,50.42743802070618
446,2021-09-17 10:09:06,515470,50.3271210193634
447,2021-09-17 10:09:57,515470,50.31828808784485
448,2021-09-17 11:09:12,515470,49.92547297477722
449,2021-09-17 11:09:26,515470,51.009299993515015
450,2021-09-17 12:09:13,515470,49.3309109210968
451,2021-09-17 12:09:29,515470,51.61128878593445
452,2021-09-17 01:09:31,515471,53.093337059020996
453,2021-09-17 01:09:53,515472,49.81638312339783
454,2021-09-17 02:09:03,515472,52.02137517929077
455,2021-09-17 02:09:50,515472,50.58266997337341
456,2021-09-17 02:09:53,515472,54.272639989852905
457,2021-09-17 03:09:08,515472,50.04517483711243
458,2021-09-17 03:09:09,515472,55.50658202171326
459,2021-09-17 03:09:32,515472,50.74111890792847
460,2021-09-17 04:09:26,515472,54.49819993972778
461,2021-09-17 02:09:26,515473,50.22199583053589
462,2021-09-17 04:09:15,515474,50.07508087158203
463,2021-09-17 05:09:03,515475,50.17036294937134
464,2021-09-17 05:09:07,515475,53.062824010849
465,2021-09-17 05:09:11,515475,49.983832120895386
466,2021-09-17 05:09:53,515476,48.15940713882446
467,2021-09-17 05:09:30,515478,49.954843044281006
468,2021-09-17 06:09:04,515478,50.98789381980896
469,2021-09-17 08:09:12,515481,52.75750279426575
470,2021-09-17 09:09:52,515482,52.91692590713501
471,2021-09-18 02:09:06,515487,48.976579904556274
472,2021-09-18 12:09:06,515487,50.3133008480072
473,2021-09-18 12:09:46,515487,50.96798300743103
474,2021-09-18 01:09:21,515489,51.704430103302
475,2021-09-18 01:09:56,515489,50.52227997779846
476,2021-09-18 03:09:13,515489,52.05512881278992
477,2021-09-18 02:09:30,515491,50.71966290473938
478,2021-09-18 02:09:20,515492,51.954754114151
479,2021-09-18 06:09:49,515499,50.69311499595642
480,2021-09-18 07:09:42,515499,48.81271195411682
481,2021-09-18 08:09:43,515503,49.33528208732605
482,2021-09-18 12:09:38,515503,50.581198930740356
483,2021-09-19 01:09:30,515504,50.43618607521057
484,2021-09-19 01:09:47,515505,50.49656701087952
485,2021-09-19 08:09:17,515507,55.345134019851685
486,2021-09-19 09:09:33,515507,50.024664878845215
487,2021-09-20 01:09:19,515507,51.43257403373718
488,2021-09-20 06:09:01,515507,52.51043200492859
489,2021-09-20 08:09:43,515507,51.0823700428009
490,2021-09-20 10:09:31,515507,53.26515793800354
491,2021-09-20 11:09:32,515507,52.77402305603027
492,2021-09-20 12:09:14,515507,51.20909881591797
493,2021-09-20 12:09:18,515507,55.41823887825012
494,2021-09-20 12:09:24,515507,50.23218607902527
495,2021-09-20 01:09:56,515508,50.328309059143066
496,2021-09-20 01:09:09,515510,49.90641689300537
497,2021-09-20 02:09:12,515510,49.7996039390564
498,2021-09-20 03:09:04,515511,49.877257108688354
499,2021-09-20 03:09:17,515511,50.87106490135193
500,2021-09-20 03:09:45,515511,50.48604202270508
501,2021-09-20 03:09:57,515511,50.613791942596436
502,2021-09-20 06:09:10,515511,50.18923306465149
503,2021-09-20 07:09:25,515514,50.22686815261841
504,2021-09-20 07:09:53,515514,52.84531307220459
505,2021-09-20 08:09:02,515514,53.721186876297
506,2021-09-20 08:09:44,515514,49.92791199684143
507,2021-09-20 09:09:11,515514,50.276201009750366
508,2021-09-20 09:09:46,515515,54.547091007232666
509,2021-09-21 01:09:53,515515,54.160802125930786
510,2021-09-21 07:09:38,515519,51.847240924835205
511,2021-09-21 08:09:11,515519,51.299680948257446
512,2021-09-21 08:09:48,515519,52.056241035461426
513,2021-09-21 10:09:19,515519,50.32266712188721
514,2021-09-21 01:09:18,515520,50.49425196647644
515,2021-09-21 01:09:53,515520,52.644192934036255
516,2021-09-21 10:09:10,515520,49.961663007736206
517,2021-09-21 02:09:52,515522,50.27422499656677
518,2021-09-21 04:09:49,515523,50.300556898117065
519,2021-09-21 03:09:02,515524,49.838743925094604
520,2021-09-21 03:09:53,515524,49.71115207672119
521,2021-09-21 05:09:06,515524,50.53639483451843
522,2021-09-21 05:09:11,515525,53.99273896217346
523,2021-09-21 06:09:20,515526,50.55764102935791
524,2021-09-21 05:09:07,515527,52.57055306434631
525,2021-09-21 06:09:22,515528,54.450252056121826
526,2021-09-21 07:09:19,515529,50.581417083740234
527,2021-09-21 06:09:36,515530,51.621432065963745
528,2021-09-21 08:09:36,515530,51.33345913887024
529,2021-09-21 08:09:42,515530,52.365646839141846
530,2021-09-21 08:09:48,515530,52.82344388961792
531,2021-09-21 09:09:43,515530,50.44155693054199
532,2021-09-21 09:09:49,515530,49.06108379364014
533,2021-09-21 09:09:08,515531,50.66371011734009
534,2021-09-21 09:09:40,515532,51.118764877319336
535,2021-09-21 11:09:51,515536,52.93497705459595
536,2021-09-22 02:09:20,515538,51.35651111602783
537,2021-09-22 06:09:33,515538,50.323188066482544
538,2021-09-22 06:09:35,515538,53.99309587478638
539,2021-09-22 06:09:43,515538,52.94842791557312
540,2021-09-22 07:09:01,515538,49.91210317611694
541,2021-09-22 09:09:36,515539,51.984658002853394
542,2021-09-22 10:09:02,515539,55.133838176727295
543,2021-09-22 10:09:06,515539,53.84911322593689
544,2021-09-22 10:09:24,515539,54.61220383644104
545,2021-09-22 10:09:49,515539,48.941510915756226
546,2021-09-22 11:09:54,515539,54.5120210647583
547,2021-09-22 12:09:08,515540,50.907963037490845
548,2021-09-22 01:09:25,515541,50.97767090797424
549,2021-09-22 01:09:59,515541,50.22866606712341
550,2021-09-22 12:09:17,515541,52.177072048187256
551,2021-09-22 12:09:26,515541,55.54033613204956
552,2021-09-22 12:09:54,515541,52.106858015060425
553,2021-09-22 03:09:11,515543,50.427656173706055
554,2021-09-22 03:09:11,515543,54.994606018066406
555,2021-09-22 04:09:54,515543,49.88655114173889
556,2021-09-22 03:09:49,515544,49.730185985565186
557,2021-09-22 04:09:06,515545,49.26178598403931
558,2021-09-22 06:09:22,515546,51.483559131622314
559,2021-09-22 04:09:10,515547,49.58905100822449
560,2021-09-22 04:09:58,515547,49.82908606529236
561,2021-09-22 05:09:39,515547,51.560187101364136
562,2021-09-22 06:09:28,515549,50.46357488632202
563,2021-09-22 07:09:28,515549,49.45424699783325
564,2021-09-22 07:09:40,515551,53.764106035232544
565,2021-09-22 08:09:21,515551,50.83808088302612
566,2021-09-22 08:09:10,515553,52.891088008880615
567,2021-09-23 12:09:30,515559,53.785013914108276
568,2021-09-23 05:09:04,515562,50.735527992248535
569,2021-09-23 05:09:25,515562,51.530060052871704
570,2021-09-23 06:09:57,515562,51.04946208000183
571,2021-09-23 07:09:28,515562,50.300118923187256
572,2021-09-23 07:09:51,515562,52.55058979988098
573,2021-09-23 08:09:03,515562,50.5764319896698
574,2021-09-23 08:09:16,515562,55.458306074142456
575,2021-09-23 08:09:29,515562,51.52661895751953
576,2021-09-23 09:09:54,515562,50.09858798980713
577,2021-09-23 10:09:59,515562,49.77921009063721
578,2021-09-23 11:09:31,515563,50.60349488258362
579,2021-09-23 01:09:04,515564,53.53895807266235
580,2021-09-23 11:09:25,515564,49.91355299949646
581,2021-09-23 12:09:00,515564,56.42831587791443
582,2021-09-23 12:09:46,515564,51.12883281707764
583,2021-09-23 02:09:14,515565,50.50807785987854
584,2021-09-23 03:09:49,515565,55.31506705284119
585,2021-09-23 04:09:43,515565,53.42597198486328
586,2021-09-23 02:09:10,515566,50.94850707054138
587,2021-09-23 02:09:10,515566,51.00680708885193
588,2021-09-23 03:09:56,515567,51.54112005233765
589,2021-09-23 05:09:41,515569,52.177443981170654
590,2021-09-23 06:09:17,515570,50.34740710258484
591,2021-09-23 06:09:21,515570,50.41244888305664
592,2021-09-23 07:09:24,515570,52.1150860786438
593,2021-09-23 07:09:50,515570,49.74032187461853
594,2021-09-23 07:09:31,515571,50.8705940246582
595,2021-09-23 07:09:39,515571,50.40015697479248
596,2021-09-23 08:09:00,515571,51.24521493911743
597,2021-09-23 08:09:36,515571,51.751375913619995
598,2021-09-23 08:09:40,515573,50.5526921749115
599,2021-09-23 10:09:19,515575,52.064152002334595
600,2021-09-23 10:09:19,515575,55.104248046875
601,2021-09-23 11:09:34,515575,49.69930410385132
602,2021-09-23 11:09:47,515575,49.379929065704346
603,2021-09-23 11:09:49,515575,50.95102500915527
604,2021-09-23 11:09:45,515576,51.105509996414185
605,2021-09-24 01:09:05,515576,51.0821590423584
606,2021-09-24 12:09:08,515576,52.27588391304016
607,2021-09-24 12:09:44,515576,50.189021825790405
608,2021-09-24 12:09:44,515576,49.78930401802063
609,2021-09-24 01:09:09,515577,50.163846015930176
610,2021-09-24 02:09:36,515577,50.5225830078125
611,2021-09-24 02:09:43,515577,53.923287868499756
612,2021-09-24 04:09:59,515578,51.91105318069458
613,2021-09-24 05:09:55,515580,52.885191917419434
614,2021-09-24 07:09:27,515580,50.30812907218933
615,2021-09-24 07:09:24,515581,49.97567391395569
616,2021-09-24 07:09:54,515582,51.84995198249817
617,2021-09-24 08:09:23,515583,49.70392990112305
618,2021-09-24 08:09:27,515583,50.93808722496033
619,2021-09-24 09:09:17,515583,50.88265514373779
620,2021-09-24 01:09:03,515586,51.24175214767456
621,2021-09-24 01:09:12,515586,49.70383095741272
622,2021-09-24 01:09:40,515586,50.84088897705078
623,2021-09-24 01:09:54,515586,50.615094900131226
624,2021-09-24 12:09:00,515586,50.87626504898071
625,2021-09-24 12:09:06,515586,50.57815909385681
626,2021-09-24 01:09:57,515587,51.7486789226532
627,2021-09-24 02:09:41,515588,51.438859939575195
628,2021-09-24 03:09:26,515589,54.48316311836243
629,2021-09-24 03:09:59,515589,50.50833606719971
630,2021-09-24 04:09:11,515590,51.322399854660034
631,2021-09-24 04:09:40,515590,51.21443700790405
632,2021-09-24 04:09:45,515590,49.870731830596924
633,2021-09-24 05:09:14,515590,49.68705201148987
634,2021-09-24 05:09:16,515591,49.52119708061218
635,2021-09-24 06:09:26,515592,55.73725914955139
636,2021-09-24 07:09:22,515592,54.64961004257202
637,2021-09-24 07:09:58,515592,49.57118201255798
638,2021-09-24 08:09:58,515592,53.868247985839844
639,2021-09-24 08:09:01,515594,50.82727408409119
640,2021-09-24 08:09:59,515594,53.91637086868286
641,2021-09-24 08:09:09,515595,49.934746980667114
642,2021-09-24 08:09:14,515596,54.26352000236511
643,2021-09-24 09:09:49,515597,50.72614502906799
644,2021-09-24 10:09:46,515597,55.35333204269409
645,2021-09-24 11:09:40,515597,53.89889717102051
646,2021-09-25 01:09:52,515602,55.03688097000122
647,2021-09-25 02:09:17,515602,53.726933002471924
648,2021-09-25 12:09:01,515602,50.23063397407532
649,2021-09-25 12:09:38,515602,51.67251801490784
650,2021-09-25 01:09:12,515603,52.62458610534668
651,2021-09-25 01:09:32,515603,50.396382093429565
652,2021-09-25 01:09:56,515603,50.190430879592896
653,2021-09-25 02:09:10,515605,50.81609892845154
654,2021-09-25 03:09:01,515607,51.240500926971436
655,2021-09-25 03:09:03,515607,49.955962896347046
656,2021-09-25 03:09:27,515607,52.66734504699707
657,2021-09-25 03:09:38,515607,51.80536699295044
658,2021-09-25 04:09:17,515607,51.64924192428589
659,2021-09-25 04:09:50,515607,50.08137917518616
660,2021-09-25 04:09:57,515607,54.247137784957886
661,2021-09-25 06:09:18,515607,50.38109493255615
662,2021-09-25 09:09:35,515608,52.15288305282593
663,2021-09-25 01:09:15,515609,50.69732904434204
664,2021-09-25 01:09:47,515609,52.1939799785614
665,2021-09-25 04:09:03,515609,50.852312088012695
666,2021-09-25 12:09:32,515609,50.42282295227051
667,2021-09-25 05:09:08,515611,53.90863299369812
668,2021-09-25 06:09:30,515611,49.13446307182312
669,2021-09-25 07:09:15,515615,49.411438941955566
670,2021-09-25 08:09:53,515615,50.88111209869385
671,2021-09-26 04:09:55,515616,50.08495306968689
672,2021-09-26 05:09:48,515616,51.999281883239746
673,2021-09-26 01:09:05,515617,52.7092010974884
674,2021-09-26 02:09:21,515617,52.34171390533447
675,2021-09-26 04:09:33,515617,50.20026779174805
676,2021-09-26 04:09:49,515617,53.37589406967163
677,2021-09-26 06:09:10,515617,55.04887104034424
678,2021-09-26 06:09:16,515617,53.60531210899353
679,2021-09-26 06:09:40,515617,52.51961803436279
680,2021-09-26 07:09:29,515617,50.128068923950195
681,2021-09-26 07:09:44,515617,49.14508509635925
682,2021-09-26 12:09:13,515617,53.26619291305542
683,2021-09-26 11:09:17,515618,50.60358715057373
684,2021-09-27 04:09:15,515618,53.69035601615906
685,2021-09-27 04:09:29,515618,54.68277597427368
686,2021-09-27 04:09:43,515618,54.39120101928711
687,2021-09-27 05:09:12,515618,53.590534925460815
688,2021-09-27 05:09:41,515618,51.78466987609863
689,2021-09-27 06:09:31,515618,53.29658317565918
690,2021-09-27 06:09:35,515618,51.23606991767883
691,2021-09-27 06:09:45,515618,50.738675117492676
692,2021-09-27 06:09:48,515618,50.714160203933716
693,2021-09-27 07:09:16,515618,50.91761493682861
694,2021-09-27 08:09:31,515618,50.23706412315369
695,2021-09-27 09:09:07,515619,50.715116024017334
696,2021-09-27 10:09:57,515619,51.01328897476196
697,2021-09-27 11:09:21,515619,52.61646389961243
698,2021-09-27 11:09:22,515619,50.37892484664917
699,2021-09-27 12:09:05,515619,52.05167889595032
700,2021-09-27 01:09:20,515620,49.18723011016846
701,2021-09-27 01:09:31,515620,52.13176107406616
702,2021-09-27 02:09:24,515620,50.74370884895325
703,2021-09-27 12:09:24,515620,50.20478796958923
704,2021-09-27 12:09:44,515620,51.90512013435364
705,2021-09-27 12:09:54,515620,50.352582931518555
706,2021-09-27 03:09:13,515621,51.386072874069214
707,2021-09-27 03:09:26,515621,51.66421699523926
708,2021-09-27 04:09:06,515622,55.157668113708496
709,2021-09-27 04:09:37,515622,53.626786947250366
710,2021-09-27 04:09:39,515622,50.398995876312256
711,2021-09-27 05:09:08,515622,50.28605008125305
712,2021-09-27 05:09:47,515622,52.30351781845093
713,2021-09-27 04:09:12,515623,50.42658495903015
714,2021-09-27 05:09:33,515624,54.32648706436157
715,2021-09-27 05:09:28,515625,51.299493074417114
716,2021-09-27 06:09:01,515626,50.27416205406189
717,2021-09-27 07:09:16,515627,50.49708008766174
718,2021-09-27 08:09:31,515627,52.59091591835022
719,2021-09-27 08:09:32,515627,50.41977310180664
720,2021-09-27 09:09:49,515628,54.5094051361084
721,2021-09-27 10:09:55,515630,50.040815114974976
722,2021-09-27 11:09:36,515632,53.28157091140747
723,2021-09-28 01:09:17,515633,49.82865500450134
724,2021-09-28 01:09:24,515633,51.90484094619751
725,2021-09-28 12:09:12,515633,50.4945330619812
726,2021-09-28 12:09:25,515633,55.222038984298706
727,2021-09-28 01:09:30,515634,51.96515893936157
728,2021-09-28 02:09:34,515634,51.33703303337097
729,2021-09-28 02:09:47,515634,50.50488996505737
730,2021-09-28 03:09:40,515634,50.641597032547
731,2021-09-28 03:09:59,515634,52.46170997619629
732,2021-09-28 04:09:21,515634,53.19426202774048
733,2021-09-28 05:09:02,515634,52.09832000732422
734,2021-09-28 05:09:05,515634,48.4507851600647
735,2021-09-28 05:09:34,515634,59.55236101150513
736,2021-09-28 06:09:03,515634,52.58215689659119
737,2021-09-28 06:09:07,515634,50.70185613632202
738,2021-09-28 06:09:13,515634,50.131633043289185
739,2021-09-28 06:09:36,515634,57.63247799873352
740,2021-09-28 06:09:41,515634,53.583170890808105
741,2021-09-28 07:09:23,515634,50.62357306480408
742,2021-09-28 07:09:28,515634,54.113945960998535
743,2021-09-28 07:09:33,515634,51.2919819355011
744,2021-09-28 07:09:35,515634,53.02390003204346
745,2021-09-28 07:09:48,515634,50.74956297874451
746,2021-09-28 08:09:08,515634,49.94340395927429
747,2021-09-28 08:09:31,515634,50.4934241771698
748,2021-09-28 08:09:46,515634,52.79071307182312
749,2021-09-28 08:09:46,515634,49.10577702522278
750,2021-09-28 08:09:53,515634,50.45375609397888
751,2021-09-28 09:09:28,515635,50.18989706039429
752,2021-09-28 09:09:56,515635,52.36230802536011
753,2021-09-28 10:09:33,515635,53.30006384849548
754,2021-09-28 10:09:41,515635,52.91748094558716
755,2021-09-28 11:09:51,515635,51.144010066986084
756,2021-09-28 12:09:28,515636,50.292694091796875
757,2021-09-28 01:09:38,515637,50.619081020355225
758,2021-09-28 01:09:40,515637,50.70187020301819
759,2021-09-28 02:09:00,515637,50.05646085739136
760,2021-09-28 02:09:45,515638,50.25625681877136
761,2021-09-28 02:09:54,515639,50.889147996902466
762,2021-09-28 03:09:23,515639,50.231308937072754
763,2021-09-28 03:09:46,515639,50.596829891204834
764,2021-09-28 03:09:06,515640,52.46353793144226
765,2021-09-28 05:09:35,515641,55.53307104110718
766,2021-09-28 07:09:10,515641,49.24029302597046
767,2021-09-28 05:09:47,515642,51.329750061035156
768,2021-09-28 05:09:49,515642,50.98723101615906
769,2021-09-28 06:09:19,515643,54.313536167144775
770,2021-09-28 07:09:14,515643,49.88812613487244
771,2021-09-28 07:09:01,515644,49.97398900985718
772,2021-09-28 08:09:00,515645,54.18313503265381
773,2021-09-28 08:09:36,515645,50.82827806472778
774,2021-09-28 08:09:36,515645,51.909605979919434
775,2021-09-28 08:09:57,515645,50.49950313568115
776,2021-09-28 09:09:30,515645,49.98924207687378
777,2021-09-28 09:09:43,515646,50.34126305580139
778,2021-09-28 10:09:55,515646,51.95648503303528
779,2021-09-28 10:09:49,515647,52.95048213005066
780,2021-09-28 11:09:00,515648,51.46453094482422
781,2021-09-28 11:09:13,515650,50.22413086891174
782,2021-09-29 03:09:28,515657,54.47381806373596
783,2021-09-29 05:09:43,515661,48.60002112388611
784,2021-09-29 06:09:20,515662,50.88057589530945
785,2021-09-29 07:09:52,515662,50.50364089012146
786,2021-09-29 01:09:29,515666,53.4538791179657
787,2021-09-29 01:09:40,515666,54.56594491004944
788,2021-09-29 09:09:26,515666,53.66400218009949
789,2021-09-29 09:09:48,515666,54.35891890525818
790,2021-09-29 10:09:44,515666,52.60785913467407
791,2021-09-29 11:09:20,515666,53.84247589111328
792,2021-09-29 12:09:04,515666,53.18540596961975
793,2021-09-29 12:09:12,515666,58.6861732006073
794,2021-09-29 12:09:40,515666,52.21127986907959
795,2021-09-29 01:09:13,515667,53.49222707748413
796,2021-09-29 02:09:40,515667,54.14946389198303
797,2021-09-29 12:09:19,515667,54.34512996673584
798,2021-09-29 12:09:47,515667,55.629940032958984
799,2021-09-29 01:09:37,515668,53.92518091201782
800,2021-09-29 02:09:02,515668,57.35279989242554
801,2021-09-29 04:09:28,515668,57.3990421295166
802,2021-09-29 04:09:32,515668,52.46245503425598
803,2021-09-29 01:09:23,515669,53.89706587791443
804,2021-09-29 02:09:16,515669,57.41877794265747
805,2021-09-29 02:09:42,515669,54.74602198600769
806,2021-09-29 03:09:50,515669,54.14732098579407
807,2021-09-29 04:09:15,515669,52.609254121780396
808,2021-09-29 04:09:33,515669,53.525668144226074
809,2021-09-29 05:09:12,515669,52.43129301071167
810,2021-09-29 05:09:10,515672,55.05981087684631
811,2021-09-29 05:09:28,515672,56.93090891838074
812,2021-09-29 05:09:43,515672,54.274139165878296
813,2021-09-29 07:09:13,515672,53.114723920822144
814,2021-09-29 07:09:39,515672,52.26114106178284
815,2021-09-29 06:09:43,515673,53.89313793182373
816,2021-09-29 07:09:48,515673,55.546529054641724
817,2021-09-29 08:09:50,515673,52.892472982406616
818,2021-09-29 08:09:52,515673,53.21687984466553
819,2021-09-29 07:09:55,515674,53.868096113204956
820,2021-09-29 08:09:27,515675,54.19487905502319
821,2021-09-29 08:09:45,515675,53.92124605178833
822,2021-09-29 08:09:47,515675,54.88813400268555
823,2021-09-29 08:09:56,515675,54.00952506065369
824,2021-09-29 08:09:58,515675,54.376965045928955
825,2021-09-29 09:09:02,515675,54.34662413597107
826,2021-09-29 09:09:20,515675,53.14950394630432
827,2021-09-29 09:09:36,515675,53.68805503845215
828,2021-09-29 09:09:40,515675,53.13793992996216
829,2021-09-29 10:09:21,515676,55.333528995513916
830,2021-09-29 11:09:00,515676,54.72345805168152
831,2021-09-30 01:09:22,515679,56.854774951934814
832,2021-09-30 01:09:46,515679,53.73613381385803
833,2021-09-30 02:09:12,515679,53.10271716117859
834,2021-09-30 01:09:50,515680,53.34541702270508
835,2021-09-30 03:09:32,515682,52.91479182243347
836,2021-09-30 04:09:10,515684,53.642372846603394
837,2021-09-30 04:09:11,515685,54.473264932632446
838,2021-09-30 05:09:50,515685,54.72226095199585
839,2021-09-30 06:09:00,515687,54.908129930496216
840,2021-09-30 06:09:08,515687,53.88615703582764
841,2021-09-30 06:09:15,515687,52.6429979801178
842,2021-09-30 07:09:07,515687,53.763253927230835
843,2021-09-30 07:09:34,515687,52.21343398094177
844,2021-09-30 11:09:40,515693,58.6032280921936
845,2021-09-30 12:09:47,515693,52.60708808898926
846,2021-09-30 12:09:47,515693,52.465555906295776
847,2021-09-30 12:09:48,515693,56.761188983917236
848,2021-09-30 10:09:12,515694,59.085171937942505
849,2021-09-30 10:09:18,515694,53.74270701408386
850,2021-09-30 11:09:04,515694,54.80804705619812
851,2021-09-30 11:09:10,515694,52.90681219100952
852,2021-09-30 12:09:49,515694,52.6299409866333
853,2021-09-30 10:09:39,515695,53.61808896064758
854,2021-09-30 12:09:50,515696,54.33390402793884
855,2021-09-30 01:09:18,515697,54.535303831100464
856,2021-09-30 01:09:20,515697,53.75918197631836
857,2021-09-30 01:09:57,515697,53.12990403175354
858,2021-09-30 02:09:40,515697,54.41121482849121
859,2021-09-30 02:09:53,515697,54.05331087112427
860,2021-09-30 12:09:01,515697,56.86407995223999
861,2021-09-30 02:09:36,515698,55.252466917037964
862,2021-09-30 02:09:42,515698,58.3479540348053
863,2021-09-30 03:09:08,515698,57.567301988601685
864,2021-09-30 03:09:41,515698,53.47022795677185
865,2021-09-30 04:09:03,515698,52.82234597206116
866,2021-09-30 04:09:38,515698,52.384382009506226
867,2021-09-30 02:09:22,515699,53.689833879470825
868,2021-09-30 03:09:40,515699,54.155810832977295
869,2021-09-30 04:09:05,515700,54.287116050720215
870,2021-09-30 04:09:50,515701,54.828938007354736
871,2021-09-30 05:09:17,515701,54.05753803253174
872,2021-09-30 05:09:23,515701,53.73409914970398
873,2021-09-30 05:09:01,515702,54.01028895378113
874,2021-09-30 06:09:29,515704,53.99238896369934
875,2021-09-30 06:09:37,515704,55.43584704399109
876,2021-09-30 06:09:56,515704,58.23344802856445
877,2021-09-30 07:09:08,515704,52.58973217010498
878,2021-09-30 07:09:15,515704,52.63836693763733
879,2021-09-30 07:09:29,515704,56.312352895736694
880,2021-09-30 07:09:45,515704,54.67387890815735
881,2021-09-30 08:09:37,515704,52.23159217834473
882,2021-09-30 08:09:56,515704,52.782577991485596
883,2021-09-30 07:09:28,515705,58.91424512863159
884,2021-09-30 08:09:12,515705,52.45336389541626
885,2021-09-30 08:09:59,515705,53.85323715209961
886,2021-09-30 09:09:42,515707,56.52365207672119
887,2021-09-30 10:09:30,515707,51.966623067855835
888,2021-09-30 11:09:22,515710,54.094578981399536
889,2021-09-30 11:09:32,515710,57.71588182449341
890,2021-09-30 11:09:58,515710,54.84487295150757
891,2021-10-01 01:10:42,515710,53.04238295555115
892,2021-10-01 12:10:28,515710,52.28742504119873
893,2021-10-01 12:10:24,515711,54.52112603187561
894,2021-10-01 01:10:57,515713,52.75690197944641
895,2021-10-01 11:10:17,515713,54.38716912269592
896,2021-10-01 12:10:32,515713,53.204349994659424
897,2021-10-01 12:10:54,515713,55.12122178077698
898,2021-10-01 05:10:07,515717,55.0751519203186
899,2021-10-01 06:10:48,515717,52.84815788269043
900,2021-10-01 05:10:29,515718,59.09372115135193
901,2021-10-01 06:10:52,515718,54.0565459728241
902,2021-10-01 10:10:23,515728,53.77753686904907
903,2021-10-01 01:10:19,515730,58.17605400085449
904,2021-10-01 01:10:40,515730,57.98329782485962
905,2021-10-01 02:10:57,515730,53.198627948760986
906,2021-10-01 04:10:02,515730,53.869795083999634
907,2021-10-01 05:10:50,515730,59.35336780548096
908,2021-10-01 06:10:09,515730,52.768255949020386
909,2021-10-01 11:10:10,515730,53.63197708129883
910,2021-10-01 11:10:17,515730,53.776225090026855
911,2021-10-01 11:10:21,515730,59.70186495780945
912,2021-10-01 12:10:03,515730,57.01073503494263
913,2021-10-01 12:10:09,515730,55.1117730140686
914,2021-10-01 12:10:26,515730,54.45380115509033
915,2021-10-01 12:10:28,515730,54.10539412498474
916,2021-10-01 04:10:48,515731,54.27897095680237
917,2021-10-01 06:10:59,515732,54.3359580039978
918,2021-10-01 07:10:07,515732,53.37813091278076
919,2021-10-01 07:10:35,515733,54.49481987953186
920,2021-10-01 11:10:21,515735,55.235177993774414
921,2021-10-02 01:10:48,515735,59.90337014198303
922,2021-10-02 01:10:56,515735,59.417227029800415
923,2021-10-02 02:10:19,515735,52.82246494293213
924,2021-10-02 02:10:53,515735,57.962767124176025
925,2021-10-02 03:10:05,515735,57.884785890579224
926,2021-10-02 03:10:13,515735,58.3638129234314
927,2021-10-02 03:10:26,515735,58.80600595474243
928,2021-10-02 03:10:30,515735,57.91979694366455
929,2021-10-02 03:10:49,515735,59.680065870285034
930,2021-10-03 01:10:31,515735,58.05348587036133
931,2021-10-03 01:10:41,515735,58.64018201828003
932,2021-10-03 01:10:42,515735,58.10982012748718
933,2021-10-03 01:10:56,515735,58.27487587928772
934,2021-10-02 01:10:46,515736,57.982178926467896
935,2021-10-02 01:10:48,515736,59.00395607948303
936,2021-10-02 02:10:12,515736,59.87905502319336
937,2021-10-02 02:10:38,515736,58.271307945251465
938,2021-10-02 02:10:41,515736,58.377081871032715
939,2021-10-02 02:10:50,515736,58.68768286705017
940,2021-10-02 03:10:45,515736,59.54736590385437
941,2021-10-02 03:10:45,515736,54.00921010971069
942,2021-10-02 03:10:58,515736,58.84819316864014
943,2021-10-02 04:10:14,515736,57.89858293533325
944,2021-10-02 04:10:23,515736,58.33156609535217
945,2021-10-02 05:10:14,515736,58.4332709312439
946,2021-10-02 05:10:34,515736,58.40716505050659
947,2021-10-02 06:10:25,515736,58.49781680107117
948,2021-10-02 06:10:45,515736,57.584654092788696
949,2021-10-02 07:10:11,515736,59.311723947525024
950,2021-10-02 07:10:32,515736,59.48716616630554
951,2021-10-02 08:10:00,515736,58.038414001464844
952,2021-10-02 08:10:31,515736,59.9483699798584
953,2021-10-02 08:10:41,515736,58.44499707221985
954,2021-10-02 09:10:18,515736,57.978410959243774
955,2021-10-02 09:10:21,515736,57.979960918426514
956,2021-10-02 09:10:28,515736,58.144803047180176
957,2021-10-02 09:10:39,515736,59.97847104072571
958,2021-10-02 09:10:45,515736,58.19321012496948
959,2021-10-02 09:10:50,515736,59.40760111808777
960,2021-10-02 10:10:00,515736,59.205939054489136
961,2021-10-02 10:10:09,515736,57.356526136398315
962,2021-10-02 10:10:14,515736,58.67278599739075
963,2021-10-02 10:10:29,515736,58.67981791496277
964,2021-10-02 10:10:41,515736,57.792826890945435
965,2021-10-02 12:10:11,515736,59.62059497833252
966,2021-10-02 12:10:16,515736,59.604650020599365
967,2021-10-03 01:10:11,515736,57.99657106399536
968,2021-10-03 01:10:23,515736,58.340105056762695
969,2021-10-03 01:10:47,515736,57.8858699798584
970,2021-10-03 03:10:47,515736,57.76186203956604
971,2021-10-03 01:10:45,515737,58.01749801635742
972,2021-10-03 02:10:05,515737,57.97694683074951
973,2021-10-03 02:10:41,515737,57.99851703643799
974,2021-10-03 02:10:59,515737,59.313482999801636
975,2021-10-03 05:10:51,515737,57.957268953323364
976,2021-10-03 06:10:19,515737,59.540684938430786
977,2021-10-03 07:10:02,515737,58.32176995277405
978,2021-10-03 07:10:10,515737,58.52691602706909
979,2021-10-03 07:10:22,515737,58.4548921585083
980,2021-10-03 08:10:02,515737,58.03693604469299
981,2021-10-03 10:10:43,515737,58.548534870147705
982,2021-10-03 10:10:56,515737,58.14874792098999
983,2021-10-03 11:10:31,515737,58.75282907485962
984,2021-10-03 11:10:52,515737,59.2699658870697
985,2021-10-03 12:10:22,515737,60.15933918952942
986,2021-10-03 12:10:28,515737,59.59266209602356
987,2021-10-03 03:10:06,515738,59.66010808944702
988,2021-10-03 03:10:20,515738,59.18949794769287
989,2021-10-03 03:10:36,515738,59.49809908866882
990,2021-10-03 03:10:36,515738,59.286940813064575
991,2021-10-03 04:10:20,515738,60.02333903312683
992,2021-10-03 04:10:34,515738,59.59227800369263
993,2021-10-03 05:10:12,515738,57.95833396911621
994,2021-10-03 05:10:13,515738,58.2583270072937
995,2021-10-03 05:10:25,515738,57.64132618904114
996,2021-10-03 05:10:35,515738,59.008808851242065
997,2021-10-03 05:10:38,515738,59.75946807861328
998,2021-10-03 06:10:27,515738,57.88177299499512
999,2021-10-03 06:10:41,515738,60.08181715011597
1000,2021-10-03 07:10:29,515738,58.21382188796997
1001,2021-10-03 07:10:33,515738,58.47884798049927
1002,2021-10-03 07:10:53,515738,58.46079707145691
1003,2021-10-03 07:10:55,515738,58.33147120475769
1004,2021-10-03 08:10:12,515738,58.47123312950134
1005,2021-10-03 08:10:12,515738,58.04949903488159
1006,2021-10-03 08:10:38,515738,58.10910105705261
1007,2021-10-03 08:10:47,515738,58.387328147888184
1008,2021-10-03 08:10:48,515738,58.289259910583496
1009,2021-10-03 08:10:54,515738,58.383054971694946
1010,2021-10-03 08:10:54,515738,58.28998899459839
1011,2021-10-03 08:10:55,515738,58.13566017150879
1012,2021-10-03 08:10:55,515738,57.93653106689453
1013,2021-10-03 09:10:36,515738,58.325819969177246
1014,2021-10-03 09:10:55,515738,57.782879114151
1015,2021-10-03 03:10:04,515739,54.43196487426758
1016,2021-10-03 08:10:20,515739,58.38034009933472
1017,2021-10-03 08:10:34,515739,56.03378486633301
1018,2021-10-03 10:10:00,515739,53.82023882865906
1019,2021-10-03 11:10:43,515739,55.06499695777893
1020,2021-10-04 03:10:12,515739,57.62422800064087
1021,2021-10-04 03:10:48,515739,52.46544790267944
1022,2021-10-04 01:10:11,515741,57.9990930557251
1023,2021-10-04 01:10:27,515741,55.13482999801636
1024,2021-10-04 01:10:39,515741,59.238330125808716
1025,2021-10-04 01:10:58,515741,52.36983799934387
1026,2021-10-04 02:10:02,515741,55.09695887565613
1027,2021-10-04 02:10:13,515741,58.2604079246521
1028,2021-10-04 09:10:49,515741,58.30440592765808
1029,2021-10-04 10:10:22,515741,55.82446599006653
1030,2021-10-04 11:10:38,515741,57.362831830978394
1031,2021-10-04 12:10:08,515741,59.14274191856384
1032,2021-10-04 12:10:57,515741,52.382981061935425
1033,2021-10-04 03:10:35,515743,59.779300928115845
1034,2021-10-04 04:10:43,515745,58.113901138305664
1035,2021-10-04 05:10:48,515747,54.6936559677124
1036,2021-10-04 06:10:40,515747,54.376511096954346
1037,2021-10-04 06:10:42,515747,59.133514165878296
1038,2021-10-04 07:10:49,515747,53.615649938583374
1039,2021-10-04 07:10:53,515747,56.00697302818298
1040,2021-10-04 07:10:21,515748,53.99496793746948
1041,2021-10-04 08:10:19,515748,54.693073987960815
1042,2021-10-04 08:10:59,515748,54.414511919021606
1043,2021-10-04 09:10:22,515748,58.80114388465881
1044,2021-10-04 09:10:58,515748,57.31558918952942
1045,2021-10-04 10:10:04,515748,55.50158190727234
1046,2021-10-04 10:10:21,515748,59.747889041900635
1047,2021-10-04 10:10:24,515748,54.75971293449402
1048,2021-10-04 10:10:37,515748,56.65260982513428
1049,2021-10-04 10:10:50,515748,58.176559925079346
1050,2021-10-04 10:10:57,515748,53.87984085083008
1051,2021-10-05 12:10:47,515748,57.94948196411133
1052,2021-10-05 12:10:34,515749,59.68596005439758
1053,2021-10-05 12:10:56,515749,56.79222798347473
1054,2021-10-05 12:10:57,515749,55.44548416137695
1055,2021-10-05 01:10:49,515750,56.87202501296997
1056,2021-10-05 12:10:44,515750,53.92808198928833
1057,2021-10-05 05:10:58,515753,54.063530921936035
1058,2021-10-05 06:10:19,515753,55.21244502067566
1059,2021-10-05 08:10:37,515753,53.46462416648865
1060,2021-10-05 06:10:45,515754,53.762025117874146
1061,2021-10-05 07:10:21,515754,59.16456413269043
1062,2021-10-05 07:10:43,515754,55.74824595451355
1063,2021-10-05 07:10:59,515754,54.93117618560791
1064,2021-10-05 01:10:11,515757,58.22429895401001
1065,2021-10-05 01:10:25,515757,55.084407806396484
1066,2021-10-05 01:10:28,515757,53.99989199638367
1067,2021-10-05 02:10:01,515757,58.88781714439392
1068,2021-10-05 02:10:03,515757,53.165074825286865
1069,2021-10-05 08:10:22,515757,54.068761110305786
1070,2021-10-05 09:10:20,515757,53.87435984611511
1071,2021-10-05 09:10:45,515757,55.36329698562622
1072,2021-10-05 10:10:41,515757,55.19523596763611
1073,2021-10-05 11:10:34,515757,55.762078046798706
1074,2021-10-05 12:10:29,515757,53.29966688156128
1075,2021-10-05 12:10:38,515757,56.03082299232483
1076,2021-10-05 12:10:39,515757,58.74087905883789
1077,2021-10-05 02:10:09,515758,55.52193593978882
1078,2021-10-05 02:10:19,515758,57.02727699279785
1079,2021-10-05 03:10:53,515759,55.334105014801025
1080,2021-10-05 04:10:38,515760,53.46883702278137
1081,2021-10-05 06:10:38,515761,54.40764403343201
1082,2021-10-05 07:10:56,515764,58.252217054367065
1083,2021-10-05 10:10:26,515768,55.1384711265564
1084,2021-10-05 10:10:44,515768,57.40450406074524
1085,2021-10-05 11:10:04,515768,54.15364599227905
1086,2021-10-05 11:10:32,515769,53.962517976760864
1087,2021-10-06 12:10:56,515770,54.935112953186035
1088,2021-10-06 01:10:49,515772,55.19898509979248
1089,2021-10-06 01:10:10,515779,59.55645704269409
1090,2021-10-06 01:10:34,515779,56.96328401565552
1091,2021-10-06 01:10:57,515779,52.34936809539795
1092,2021-10-06 02:10:11,515779,55.29811501502991
1093,2021-10-06 02:10:27,515779,60.28546500205994
1094,2021-10-06 03:10:34,515779,53.504698038101196
1095,2021-10-06 05:10:07,515779,53.774739027023315
1096,2021-10-06 06:10:34,515779,59.611445903778076
1097,2021-10-06 06:10:39,515779,59.83618497848511
1098,2021-10-06 07:10:10,515779,54.66979789733887
1099,2021-10-06 07:10:18,515779,55.302765130996704
1100,2021-10-06 07:10:34,515779,59.25979399681091
1101,2021-10-06 07:10:48,515779,53.33618783950806
1102,2021-10-06 08:10:50,515779,53.02486491203308
1103,2021-10-06 08:10:53,515779,53.74459385871887
1104,2021-10-06 09:10:21,515779,54.21805715560913
1105,2021-10-06 10:10:59,515779,54.62500309944153
1106,2021-10-06 11:10:31,515779,54.26532006263733
1107,2021-10-06 11:10:55,515779,54.933743953704834
1108,2021-10-06 12:10:11,515779,57.81273794174194
1109,2021-10-06 12:10:55,515779,53.778948068618774
1110,2021-10-06 12:10:56,515779,57.61849617958069
1111,2021-10-06 02:10:45,515780,55.42567801475525
1112,2021-10-06 03:10:12,515780,55.03649091720581
1113,2021-10-06 03:10:18,515780,54.47154116630554
1114,2021-10-06 03:10:57,515780,53.87619113922119
1115,2021-10-06 03:10:57,515780,54.92622494697571
1116,2021-10-06 04:10:34,515780,53.53646779060364
1117,2021-10-06 04:10:46,515781,54.756093978881836
1118,2021-10-06 05:10:08,515781,53.56556797027588
1119,2021-10-06 05:10:17,515781,59.59840798377991
1120,2021-10-06 07:10:25,515781,55.48947310447693
1121,2021-10-06 06:10:43,515783,54.9511661529541
1122,2021-10-06 07:10:14,515783,53.77301096916199
1123,2021-10-06 09:10:41,515784,56.04214000701904
1124,2021-10-06 10:10:37,515784,53.14656209945679
1125,2021-10-07 04:10:14,515785,54.23619318008423
1126,2021-10-07 06:10:25,515785,57.80613684654236
1127,2021-10-07 06:10:40,515787,59.481505155563354
1128,2021-10-07 12:10:55,515791,54.697842836380005
1129,2021-10-07 12:10:57,515791,55.45367503166199
1130,2021-10-07 04:10:45,515797,55.09491300582886
1131,2021-10-07 05:10:19,515797,58.23886013031006
1132,2021-10-07 06:10:33,515797,57.74485802650452
1133,2021-10-07 06:10:52,515797,56.34399700164795
1134,2021-10-07 06:10:53,515797,58.30100893974304
1135,2021-10-07 06:10:59,515797,53.71363592147827
1136,2021-10-07 07:10:07,515797,54.67804503440857
1137,2021-10-07 07:10:49,515797,54.90364599227905
1138,2021-10-07 09:10:57,515797,53.643598794937134
1139,2021-10-07 09:10:23,515798,58.27128791809082
1140,2021-10-07 10:10:23,515798,54.17528200149536
1141,2021-10-07 10:10:58,515798,58.359596967697144
1142,2021-10-08 12:10:25,515798,56.05647110939026
1143,2021-10-07 11:10:16,515799,58.944931983947754
1144,2021-10-07 11:10:27,515799,60.33267903327942
1145,2021-10-07 11:10:58,515799,59.41637206077576
1146,2021-10-08 01:10:23,515799,58.48760104179382
1147,2021-10-08 01:10:01,515800,54.1217200756073
1148,2021-10-08 01:10:59,515800,55.2612841129303
1149,2021-10-08 02:10:29,515800,53.11912393569946
1150,2021-10-08 12:10:09,515800,54.62650203704834
1151,2021-10-08 04:10:06,515801,56.88977003097534
1152,2021-10-08 04:10:25,515801,55.00788998603821
1153,2021-10-08 04:10:34,515801,55.30548906326294
1154,2021-10-08 04:10:47,515801,58.1249840259552
1155,2021-10-08 04:10:49,515801,58.51486587524414
1156,2021-10-08 04:10:52,515801,54.164538860321045
1157,2021-10-08 06:10:21,515801,55.17740297317505
1158,2021-10-08 07:10:35,515802,57.38439893722534
1159,2021-10-08 08:10:03,515802,53.97830080986023
1160,2021-10-08 08:10:17,515802,58.35573196411133
1161,2021-10-08 08:10:30,515802,57.73649883270264
1162,2021-10-08 08:10:32,515802,59.73542594909668
1163,2021-10-08 09:10:10,515802,53.33642101287842
1164,2021-10-08 09:10:36,515802,56.537450075149536
1165,2021-10-08 09:10:47,515802,55.937824964523315
1166,2021-10-08 10:10:42,515802,54.37916922569275
1167,2021-10-08 01:10:36,515803,57.24266219139099
1168,2021-10-08 01:10:40,515803,54.52281904220581
1169,2021-10-08 01:10:59,515803,57.87889504432678
1170,2021-10-08 02:10:14,515803,54.199305057525635
1171,2021-10-08 02:10:22,515803,54.24932384490967
1172,2021-10-08 02:10:45,515803,58.334038972854614
1173,2021-10-08 07:10:41,515803,55.70608687400818
1174,2021-10-08 09:10:30,515803,55.022408962249756
1175,2021-10-08 10:10:21,515803,54.62599802017212
1176,2021-10-08 11:10:01,515803,54.3356659412384
1177,2021-10-08 12:10:18,515803,54.41290497779846
1178,2021-10-08 12:10:23,515803,58.19002318382263
1179,2021-10-08 12:10:44,515803,54.289286851882935
1180,2021-10-08 12:10:45,515803,54.56826090812683
1181,2021-10-08 02:10:45,515804,59.19947791099548
1182,2021-10-08 02:10:48,515804,54.74487495422363
1183,2021-10-08 01:10:48,515805,57.10001277923584
1184,2021-10-08 02:10:34,515805,57.454992055892944
1185,2021-10-08 04:10:14,515806,54.4984929561615
1186,2021-10-08 04:10:59,515806,56.14411187171936
1187,2021-10-08 07:10:50,515808,53.64287281036377
1188,2021-10-08 07:10:59,515808,58.71581292152405
1189,2021-10-08 09:10:10,515808,53.58658313751221
1190,2021-10-08 09:10:27,515808,54.051506996154785
1191,2021-10-09 03:10:53,515808,53.1075439453125
1192,2021-10-08 08:10:31,515809,54.33264994621277
1193,2021-10-09 04:10:30,515811,54.26198601722717
1194,2021-10-09 07:10:07,515811,55.03299689292908
1195,2021-10-09 08:10:38,515811,54.16690492630005
1196,2021-10-09 10:10:18,515811,57.92555093765259
1197,2021-10-09 10:10:38,515811,54.28464078903198
1198,2021-10-09 10:10:47,515811,54.32526612281799
1199,2021-10-09 11:10:42,515811,52.72755002975464
1200,2021-10-09 11:10:52,515813,54.66302800178528
1201,2021-10-09 12:10:15,515813,55.972429037094116
1202,2021-10-09 02:10:07,515814,54.5579719543457
1203,2021-10-09 02:10:50,515816,56.48313903808594
1204,2021-10-09 05:10:27,515816,58.36458683013916
1205,2021-10-09 07:10:17,515818,54.726686000823975
1206,2021-10-09 08:10:26,515818,55.22231197357178
1207,2021-10-09 09:10:26,515819,59.63480305671692
1208,2021-10-09 09:10:57,515819,54.592304944992065
1209,2021-10-09 10:10:15,515819,55.41173601150513
1210,2021-10-10 08:10:43,515819,56.560636043548584
1211,2021-10-09 10:10:25,515820,55.290757179260254
1212,2021-10-10 06:10:04,515820,57.371376037597656
1213,2021-10-09 10:10:21,515822,56.783069133758545
1214,2021-10-09 11:10:58,515822,57.280482053756714
1215,2021-10-10 01:10:05,515825,55.42859697341919
1216,2021-10-10 03:10:12,515825,52.740297079086304
1217,2021-10-10 01:10:02,515827,55.15242314338684
1218,2021-10-10 04:10:13,515827,59.0631639957428
1219,2021-10-10 11:10:36,515827,59.7753210067749
1220,2021-10-10 11:10:59,515827,58.616925954818726
1221,2021-10-10 01:10:00,515829,60.181057929992676
1222,2021-10-10 04:10:23,515829,57.11802911758423
1223,2021-10-10 05:10:23,515829,53.09332990646362
1224,2021-10-10 10:10:36,515829,55.019497871398926
1225,2021-10-10 06:10:05,515830,53.52629899978638
1226,2021-10-10 06:10:29,515830,53.769047021865845
1227,2021-10-10 09:10:02,515830,60.364376068115234
1228,2021-10-10 09:10:33,515830,54.05069017410278
1229,2021-10-10 10:10:05,515830,54.738195180892944
1230,2021-10-10 10:10:06,515830,53.57432413101196
1231,2021-10-10 09:10:20,515832,54.72911310195923
1232,2021-10-10 10:10:07,515832,59.586755990982056
1233,2021-10-11 12:10:55,515832,57.66260886192322
1234,2021-10-11 02:10:44,515835,54.26362919807434
1235,2021-10-11 04:10:36,515836,54.60991191864014
1236,2021-10-11 09:10:16,515837,55.33532094955444
1237,2021-10-11 09:10:52,515837,53.99969816207886
1238,2021-10-11 09:10:59,515837,55.40647292137146
1239,2021-10-11 11:10:03,515837,53.02061605453491
1240,2021-10-11 11:10:42,515837,53.74223017692566
1241,2021-10-11 01:10:08,515838,59.62295079231262
1242,2021-10-11 01:10:58,515838,54.43232989311218
1243,2021-10-11 02:10:31,515838,54.76375198364258
1244,2021-10-11 11:10:59,515838,57.18971490859985
1245,2021-10-13 12:10:44,515838,53.20364308357239
1246,2021-10-11 11:10:09,515839,59.37499690055847
1247,2021-10-13 12:10:42,515839,57.96298789978027
1248,2021-10-12 05:10:19,515840,57.16139006614685
1249,2021-10-12 07:10:09,515841,53.033087968826294
1250,2021-10-13 06:10:39,515841,53.049954891204834
1251,2021-10-12 05:10:33,515843,54.02978587150574
1252,2021-10-12 10:10:15,515843,56.45711898803711
1253,2021-10-12 11:10:12,515843,54.06299090385437
1254,2021-10-12 11:10:39,515843,53.97211194038391
1255,2021-10-12 12:10:47,515843,58.93235206604004
1256,2021-10-12 12:10:51,515843,53.984261989593506
1257,2021-10-13 02:10:26,515843,54.49875497817993
1258,2021-10-12 04:10:46,515846,54.28971791267395
1259,2021-10-13 02:10:08,515846,54.724445819854736
1260,2021-10-13 02:10:13,515846,53.5824339389801
1261,2021-10-13 02:10:13,515846,55.690078020095825
1262,2021-10-13 02:10:29,515846,53.99103403091431
1263,2021-10-13 02:10:38,515846,59.78425097465515
1264,2021-10-14 07:10:46,515846,56.02244591712952
1265,2021-10-13 05:10:05,515852,54.47479796409607
1266,2021-10-13 05:10:16,515852,54.682801961898804
1267,2021-10-13 05:10:25,515852,53.64400506019592
1268,2021-10-13 05:10:31,515852,59.35787105560303
1269,2021-10-13 05:10:43,515852,56.351568937301636
1270,2021-10-13 05:10:44,515852,54.27570700645447
1271,2021-10-13 05:10:54,515852,54.55160713195801
1272,2021-10-13 06:10:03,515852,54.20978093147278
1273,2021-10-14 06:10:09,515852,54.05645704269409
1274,2021-10-14 06:10:46,515852,58.32356905937195
1275,2021-10-14 09:10:27,515852,54.448575019836426
1276,2021-10-14 09:10:28,515852,53.783714056015015
1277,2021-10-14 09:10:31,515852,53.5723659992218
1278,2021-10-14 09:10:32,515852,54.3634238243103
1279,2021-10-14 09:10:33,515852,54.80496311187744
1280,2021-10-14 10:10:40,515852,56.61433291435242
1281,2021-10-14 10:10:42,515852,57.3067409992218
1282,2021-10-14 10:10:42,515852,58.28712701797485
1283,2021-10-14 10:10:53,515852,55.42473387718201
1284,2021-10-14 11:10:26,515852,59.61459398269653
1285,2021-10-14 11:10:40,515852,55.27351498603821
1286,2021-10-15 12:10:26,515852,58.23286318778992
1287,2021-10-14 11:10:37,515853,53.66757297515869
1288,2021-10-14 11:10:57,515853,58.73174500465393
1289,2021-10-14 11:10:59,515853,54.52654504776001
1290,2021-10-15 02:10:54,515853,53.15332913398743
1291,2021-10-15 12:10:25,515853,54.82003688812256
1292,2021-10-15 12:10:26,515853,55.048051834106445
1293,2021-10-15 12:10:58,515853,59.74220108985901
1294,2021-10-13 12:10:22,515854,56.385921001434326
1295,2021-10-14 04:10:20,515854,54.87921905517578
1296,2021-10-14 08:10:12,515854,60.02294301986694
1297,2021-10-15 01:10:29,515854,53.98350787162781
1298,2021-10-15 01:10:43,515854,56.112980127334595
1299,2021-10-15 01:10:54,515854,55.733848094940186
1300,2021-10-15 02:10:07,515854,55.29994201660156
1301,2021-10-15 02:10:31,515854,59.67029595375061
1302,2021-10-15 04:10:21,515854,54.700225830078125
1303,2021-10-15 05:10:13,515854,54.63963985443115
1304,2021-10-15 05:10:25,515854,54.0872700214386
1305,2021-10-15 05:10:49,515854,56.260740995407104
1306,2021-10-15 05:10:50,515854,56.18019914627075
1307,2021-10-15 05:10:54,515854,55.324641942977905
1308,2021-10-15 06:10:48,515854,57.65008997917175
1309,2021-10-14 04:10:48,515855,54.93805718421936
1310,2021-10-15 05:10:04,515855,56.21188187599182
1311,2021-10-15 05:10:26,515855,53.88450598716736
1312,2021-10-15 05:10:29,515855,56.529512882232666
1313,2021-10-15 06:10:28,515855,53.99933195114136
1314,2021-10-15 07:10:24,515855,54.57984685897827
1315,2021-10-15 07:10:26,515855,54.8776159286499
1316,2021-10-15 07:10:33,515855,54.05421686172485
1317,2021-10-15 07:10:37,515855,55.670892000198364
1318,2021-10-15 07:10:58,515855,54.95784020423889
1319,2021-10-15 08:10:03,515855,54.292809009552
1320,2021-10-15 08:10:03,515855,58.67632293701172
1321,2021-10-15 08:10:06,515855,54.95618295669556
1322,2021-10-15 08:10:08,515855,56.60979700088501
1323,2021-10-15 08:10:14,515855,56.3009238243103
1324,2021-10-15 08:10:36,515855,53.62202501296997
1325,2021-10-15 08:10:50,515855,52.64045000076294
1326,2021-10-15 08:10:56,515855,59.133780002593994
1327,2021-10-15 09:10:13,515855,56.04780316352844
1328,2021-10-15 09:10:36,515855,59.24766492843628
1329,2021-10-15 09:10:50,515855,56.04910588264465
1330,2021-10-15 09:10:51,515855,53.28360891342163
1331,2021-10-15 10:10:15,515855,54.52986288070679
1332,2021-10-15 10:10:47,515855,54.96432113647461
1333,2021-10-15 10:10:50,515855,54.80635905265808
1334,2021-10-15 01:10:18,515856,53.59150505065918
1335,2021-10-15 11:10:09,515856,54.33767580986023
1336,2021-10-15 11:10:13,515856,55.111242055892944
1337,2021-10-15 11:10:15,515856,54.60775899887085
1338,2021-10-15 11:10:32,515856,55.06809616088867
1339,2021-10-15 11:10:33,515856,54.83357882499695
1340,2021-10-15 11:10:33,515856,54.60139608383179
1341,2021-10-15 11:10:38,515856,53.77240610122681
1342,2021-10-15 11:10:42,515856,54.99497389793396
1343,2021-10-15 11:10:42,515856,59.802014112472534
1344,2021-10-15 11:10:56,515856,55.13901090621948
1345,2021-10-15 12:10:27,515856,56.0809760093689
1346,2021-10-15 12:10:43,515856,56.68115997314453
1347,2021-10-15 12:10:47,515856,57.91578698158264
1348,2021-10-15 12:10:52,515856,56.3538339138031
1349,2021-10-15 12:10:59,515856,53.62245416641235
1350,2021-10-15 12:10:59,515856,53.01009488105774
1351,2021-10-15 01:10:14,515857,57.93680286407471
1352,2021-10-15 01:10:18,515857,55.656036138534546
1353,2021-10-15 01:10:43,515857,55.30254507064819
1354,2021-10-15 01:10:54,515857,54.900768995285034
1355,2021-10-15 02:10:08,515857,53.49261999130249
1356,2021-10-15 02:10:16,515857,54.72984290122986
1357,2021-10-15 03:10:17,515857,56.55611491203308
1358,2021-10-15 03:10:48,515857,57.03581190109253
1359,2021-10-15 01:10:31,515874,53.64800310134888
1360,2021-10-15 01:10:54,515874,54.23481202125549
1361,2021-10-15 02:10:41,515874,53.84916877746582
1362,2021-10-15 02:10:42,515874,54.02839016914368
1363,2021-10-15 02:10:46,515874,57.38635611534119
1364,2021-10-15 03:10:15,515879,56.16063404083252
1365,2021-10-15 03:10:59,515880,58.060062885284424
1366,2021-10-15 03:10:07,515881,54.44886112213135
1367,2021-10-15 03:10:10,515882,53.7211639881134
1368,2021-10-15 03:10:20,515882,56.83970808982849
1369,2021-10-15 03:10:37,515882,54.43118906021118
1370,2021-10-15 04:10:27,515884,53.48227095603943
1371,2021-10-15 04:10:40,515884,53.87902116775513
1372,2021-10-15 04:10:15,515885,56.74812293052673
1373,2021-10-15 04:10:42,515885,54.348021030426025
1374,2021-10-15 04:10:43,515885,53.89938497543335
1375,2021-10-15 05:10:01,515885,54.3259379863739
1376,2021-10-15 05:10:54,515885,55.19295287132263
1377,2021-10-16 02:10:45,515885,53.45252585411072
1378,2021-10-15 05:10:22,515886,56.99998188018799
1379,2021-10-15 05:10:51,515886,54.48473501205444
1380,2021-10-15 05:10:49,515887,54.73947310447693
1381,2021-10-15 09:10:25,515887,54.46573805809021
1382,2021-10-16 02:10:41,515887,54.354838132858276
1383,2021-10-15 09:10:28,515888,53.46512293815613
1384,2021-10-15 09:10:41,515888,54.79751706123352
1385,2021-10-15 10:10:55,515889,53.83720803260803
1386,2021-10-16 02:10:12,515890,52.01971912384033
1387,2021-10-16 02:10:30,515890,54.09427309036255
1388,2021-10-15 10:10:09,515892,54.7510941028595
1389,2021-10-15 10:10:24,515892,54.93439602851868
1390,2021-10-15 10:10:39,515892,56.477925062179565
1391,2021-10-16 05:10:27,515892,54.05892610549927
1392,2021-10-16 08:10:55,515892,53.627119064331055
1393,2021-10-15 10:10:23,515893,54.548628091812134
1394,2021-10-16 03:10:22,515893,53.70452094078064
1395,2021-10-16 05:10:05,515893,54.77275586128235
1396,2021-10-16 05:10:29,515893,54.26929783821106
1397,2021-10-16 05:10:54,515893,53.9437530040741
1398,2021-10-16 09:10:00,515893,54.72034692764282
1399,2021-10-16 05:10:00,515894,59.877058029174805
1400,2021-10-16 01:10:36,515895,58.82628107070923
1401,2021-10-16 01:10:55,515895,56.56852388381958
1402,2021-10-16 01:10:56,515895,59.36487913131714
1403,2021-10-16 01:10:31,515896,57.43800497055054
1404,2021-10-16 06:10:03,515897,55.18517708778381
1405,2021-10-16 06:10:15,515897,54.47620677947998
1406,2021-10-16 09:10:22,515897,58.20562195777893
1407,2021-10-16 06:10:45,515898,56.2386269569397
1408,2021-10-16 10:10:20,515898,59.75864291191101
1409,2021-10-16 12:10:11,515898,56.44660496711731
1410,2021-10-16 06:10:36,515899,55.88552379608154
1411,2021-10-16 06:10:56,515899,59.47434401512146
1412,2021-10-16 10:10:43,515899,58.75273895263672
1413,2021-10-16 10:10:36,515905,52.643823862075806
1414,2021-10-16 01:10:50,515910,53.95834398269653
1415,2021-10-16 10:10:01,515910,54.057044982910156
1416,2021-10-17 12:10:39,515911,54.605756998062134
1417,2021-10-17 02:10:48,515912,57.29862713813782
1418,2021-10-17 02:10:54,515912,51.98552107810974
1419,2021-10-17 05:10:11,515918,54.25818109512329
1420,2021-10-17 06:10:10,515921,54.26372313499451
1421,2021-10-17 01:10:22,515925,55.314956188201904
1422,2021-10-17 01:10:14,515926,54.50716686248779
1423,2021-10-17 04:10:11,515930,57.02948212623596
1424,2021-10-17 07:10:11,515930,60.20639896392822
1425,2021-10-17 08:10:58,515930,55.24911594390869
1426,2021-10-18 12:10:04,515936,53.69415903091431
1427,2021-10-18 04:10:57,515938,57.12117290496826
1428,2021-10-18 05:10:17,515938,54.98263597488403
1429,2021-10-18 05:10:49,515938,55.40376400947571
1430,2021-10-18 06:10:01,515938,55.12304496765137
1431,2021-10-18 06:10:51,515938,59.08612608909607
1432,2021-10-18 07:10:27,515938,55.312068939208984
1433,2021-10-18 07:10:31,515938,53.98456597328186
1434,2021-10-18 07:10:39,515938,54.695943117141724
1435,2021-10-18 07:10:48,515938,54.8632230758667
1436,2021-10-18 01:10:43,515939,55.36433696746826
1437,2021-10-18 02:10:58,515939,54.195616006851196
1438,2021-10-18 03:10:15,515939,54.26977205276489
1439,2021-10-18 04:10:40,515939,55.18234395980835
1440,2021-10-18 08:10:52,515939,56.965957164764404
1441,2021-10-18 09:10:35,515939,54.4303719997406
1442,2021-10-18 10:10:54,515939,53.47597408294678
1443,2021-10-18 11:10:33,515939,53.4141161441803
1444,2021-10-18 12:10:16,515939,54.643474102020264
1445,2021-10-18 12:10:27,515939,54.942354917526245
1446,2021-10-18 02:10:18,515940,55.666908979415894
1447,2021-10-18 03:10:20,515940,56.5492639541626
1448,2021-10-18 04:10:32,515940,54.72934889793396
1449,2021-10-18 04:10:36,515940,53.20110106468201
1450,2021-10-18 04:10:47,515940,54.12469696998596
1451,2021-10-18 05:10:25,515940,56.472634077072144
1452,2021-10-18 05:10:39,515940,54.62481379508972
1453,2021-10-18 06:10:56,515942,52.88278603553772
1454,2021-10-18 08:10:20,515943,56.06226706504822
1455,2021-10-18 08:10:22,515944,54.0511429309845
1456,2021-10-18 09:10:15,515945,54.04610204696655
1457,2021-10-18 09:10:24,515945,55.73185086250305
1458,2021-10-18 09:10:33,515945,59.60457491874695
1459,2021-10-18 10:10:21,515945,54.22181582450867
1460,2021-10-18 10:10:21,515947,54.55075716972351
1461,2021-10-18 10:10:31,515947,58.22039604187012
1462,2021-10-18 10:10:44,515947,55.02318596839905
1463,2021-10-18 10:10:49,515947,59.54588198661804
1464,2021-10-18 11:10:24,515947,57.83254313468933
1465,2021-10-18 11:10:35,515948,53.55267882347107
1466,2021-10-18 11:10:39,515948,54.14865708351135
1467,2021-10-19 01:10:04,515949,54.37726306915283
1468,2021-10-19 01:10:19,515949,54.29572796821594
1469,2021-10-19 03:10:30,515949,56.075247049331665
1470,2021-10-19 01:10:22,515950,54.453567028045654
1471,2021-10-19 04:10:13,515953,55.14714002609253
1472,2021-10-19 04:10:16,515953,60.61112117767334
1473,2021-10-19 04:10:35,515953,56.64415407180786
1474,2021-10-19 04:10:52,515953,54.551888942718506
1475,2021-10-19 05:10:47,515953,58.27350187301636
1476,2021-10-19 06:10:08,515953,53.64243817329407
1477,2021-10-19 06:10:54,515953,55.914000034332275
1478,2021-10-19 04:10:17,515954,57.83979296684265
1479,2021-10-19 05:10:10,515954,54.433801889419556
1480,2021-10-19 06:10:02,515954,59.6462459564209
1481,2021-10-19 06:10:30,515954,55.85167407989502
1482,2021-10-19 07:10:05,515954,55.824646949768066
1483,2021-10-19 07:10:10,515956,53.49314999580383
1484,2021-10-19 09:10:34,515956,53.12743282318115
1485,2021-10-19 08:10:53,515958,55.195180892944336
1486,2021-10-19 09:10:36,515959,55.758484840393066
1487,2021-10-19 10:10:51,515959,52.48476195335388
1488,2021-10-19 11:10:00,515959,59.28517389297485
1489,2021-10-19 11:10:01,515959,54.20846104621887
1490,2021-10-19 11:10:56,515959,53.92759895324707
1491,2021-10-19 12:10:28,515959,58.52462410926819
1492,2021-10-19 01:10:01,515961,58.22259497642517
1493,2021-10-19 12:10:45,515961,56.025063037872314
1494,2021-10-19 01:10:12,515962,56.993567943573
1495,2021-10-19 01:10:36,515962,57.37134599685669
1496,2021-10-19 01:10:40,515962,54.922141790390015
1497,2021-10-19 01:10:55,515962,54.87054181098938
1498,2021-10-19 02:10:49,515962,58.35359287261963
1499,2021-10-19 04:10:05,515963,55.57234311103821
1500,2021-10-19 05:10:08,515963,54.23151183128357
1501,2021-10-19 03:10:32,515964,59.214061975479126
1502,2021-10-19 04:10:35,515964,53.72955298423767
1503,2021-10-19 03:10:27,515965,57.10727620124817
1504,2021-10-19 04:10:41,515965,54.0870521068573
1505,2021-10-19 04:10:59,515965,54.62837100028992
1506,2021-10-19 05:10:18,515967,55.36387896537781
1507,2021-10-19 07:10:36,515968,55.96758508682251
1508,2021-10-19 07:10:58,515969,59.7802848815918
1509,2021-10-19 10:10:34,515969,54.13424777984619
1510,2021-10-19 08:10:02,515970,55.16230297088623
1511,2021-10-19 08:10:33,515970,59.01429200172424
1512,2021-10-19 08:10:43,515970,56.545860052108765
1513,2021-10-19 08:10:38,515971,57.34689998626709
1514,2021-10-19 11:10:51,515971,54.54382109642029
1515,2021-10-20 01:10:59,515972,55.6171178817749
1516,2021-10-20 12:10:28,515972,55.10300302505493
1517,2021-10-20 12:10:36,515972,54.52277398109436
1518,2021-10-20 01:10:59,515973,52.8561110496521
1519,2021-10-20 12:10:40,515973,60.13021898269653
1520,2021-10-20 12:10:27,515977,55.0342230796814
1521,2021-10-20 01:10:26,515978,53.78666305541992
1522,2021-10-20 01:10:58,515978,55.86449909210205
1523,2021-10-20 02:10:52,515979,58.435145139694214
1524,2021-10-20 05:10:15,515982,54.695581912994385
1525,2021-10-20 05:10:05,515983,54.84345102310181
1526,2021-10-20 01:10:19,515984,53.88279700279236
1527,2021-10-20 06:10:54,515984,57.942909955978394
1528,2021-10-20 06:10:57,515984,55.82453203201294
1529,2021-10-20 08:10:14,515984,54.13850808143616
1530,2021-10-20 10:10:08,515984,56.000925064086914
1531,2021-10-20 11:10:12,515984,54.50151610374451
1532,2021-10-20 11:10:19,515984,57.03532886505127
1533,2021-10-20 11:10:38,515984,56.05010104179382
1534,2021-10-20 11:10:59,515984,58.34859013557434
1535,2021-10-20 12:10:28,515984,58.25780701637268
1536,2021-10-20 12:10:45,515984,52.454110860824585
1537,2021-10-20 12:10:46,515984,54.40645098686218
1538,2021-10-20 02:10:42,515985,54.32357692718506
1539,2021-10-20 03:10:24,515985,53.9457368850708
1540,2021-10-20 03:10:24,515986,55.03712296485901
1541,2021-10-20 03:10:34,515986,53.512332916259766
1542,2021-10-20 04:10:55,515987,55.99118995666504
1543,2021-10-20 05:10:28,515988,56.02973294258118
1544,2021-10-20 06:10:38,515989,57.268420934677124
1545,2021-10-20 05:10:46,515990,53.648072957992554
1546,2021-10-20 07:10:06,515990,54.844931840896606
1547,2021-10-20 08:10:18,515991,54.34889006614685
1548,2021-10-20 08:10:38,515992,54.65478992462158
1549,2021-10-20 08:10:10,515993,55.16452097892761
1550,2021-10-20 08:10:54,515993,54.130510091781616
1551,2021-10-20 09:10:48,515993,54.38420796394348
1552,2021-10-20 10:10:57,515993,51.739588022232056
1553,2021-10-20 11:10:36,515995,56.14747714996338
1554,2021-10-20 11:10:50,515995,56.91225600242615
1555,2021-10-21 01:10:22,515999,55.61555194854736
1556,2021-10-21 02:10:28,515999,56.864917039871216
1557,2021-10-21 02:10:57,515999,56.53146505355835
1558,2021-10-21 12:10:21,515999,53.464149951934814
1559,2021-10-21 12:10:32,515999,54.02180814743042
1560,2021-10-21 02:10:34,516001,59.80596089363098
1561,2021-10-21 03:10:04,516001,56.852407932281494
1562,2021-10-21 03:10:59,516002,54.50819802284241
1563,2021-10-21 05:10:25,516005,54.499125957489014
1564,2021-10-21 05:10:45,516005,54.36839485168457
1565,2021-10-21 05:10:46,516006,54.2736120223999
1566,2021-10-21 06:10:10,516007,55.174026012420654
1567,2021-10-21 06:10:22,516007,59.75258779525757
1568,2021-10-21 06:10:31,516007,54.65965986251831
1569,2021-10-21 08:10:26,516011,54.231245040893555
1570,2021-10-21 08:10:59,516011,54.98129081726074
1571,2021-10-21 09:10:31,516011,53.914125204086304
1572,2021-10-21 09:10:25,516012,54.476629972457886
1573,2021-10-21 10:10:52,516012,52.76409983634949
1574,2021-10-21 10:10:53,516012,54.867202043533325
1575,2021-10-21 02:10:38,516013,54.92380404472351
1576,2021-10-21 02:10:55,516013,56.99668502807617
1577,2021-10-21 03:10:45,516013,54.245847940444946
1578,2021-10-21 03:10:48,516013,54.66618800163269
1579,2021-10-21 04:10:09,516013,53.25084209442139
1580,2021-10-21 11:10:30,516013,53.91074585914612
1581,2021-10-21 04:10:55,516015,56.74440598487854
1582,2021-10-21 05:10:07,516015,55.12232208251953
1583,2021-10-21 03:10:22,516016,59.43393898010254
1584,2021-10-21 05:10:24,516016,56.47105002403259
1585,2021-10-21 05:10:25,516016,57.878318071365356
1586,2021-10-21 05:10:52,516016,54.726792097091675
1587,2021-10-21 05:10:53,516016,60.15904903411865
1588,2021-10-21 07:10:07,516016,55.22783303260803
1589,2021-10-21 09:10:26,516016,57.28483605384827
1590,2021-10-21 06:10:26,516017,58.13064193725586
1591,2021-10-21 07:10:18,516018,59.53618597984314
1592,2021-10-21 11:10:32,516018,53.56591081619263
1593,2021-10-21 07:10:05,516019,54.12539482116699
1594,2021-10-21 07:10:53,516019,54.124932050704956
1595,2021-10-21 09:10:58,516020,59.946802854537964
1596,2021-10-21 11:10:15,516020,60.1090190410614
1597,2021-10-21 09:10:14,516021,55.297142028808594
1598,2021-10-21 11:10:01,516021,58.393385887145996
1599,2021-10-21 11:10:21,516021,55.116641998291016
1600,2021-10-21 11:10:30,516021,58.29632019996643
1601,2021-10-21 11:10:42,516021,55.40995407104492
1602,2021-10-22 02:10:46,516021,53.959583044052124
1603,2021-10-22 12:10:04,516021,60.17889404296875
1604,2021-10-22 12:10:21,516021,56.52066206932068
1605,2021-10-22 01:10:21,516022,55.63002800941467
1606,2021-10-22 01:10:21,516022,55.20165801048279
1607,2021-10-22 01:10:37,516022,55.54765605926514
1608,2021-10-22 02:10:19,516022,56.34597420692444
1609,2021-10-22 02:10:20,516022,55.285207986831665
1610,2021-10-22 02:10:24,516022,57.91726207733154
1611,2021-10-22 02:10:02,516023,58.50771999359131
1612,2021-10-22 02:10:27,516023,57.08755898475647
1613,2021-10-22 06:10:12,516023,59.771223068237305
1614,2021-10-22 07:10:33,516023,55.44477200508118
1615,2021-10-22 06:10:57,516027,54.93740510940552
1616,2021-10-22 07:10:21,516027,56.115679025650024
1617,2021-10-22 07:10:40,516027,53.62334203720093
1618,2021-10-22 06:10:19,516029,55.33293700218201
1619,2021-10-22 07:10:05,516030,56.55024695396423
1620,2021-10-22 08:10:35,516030,58.3827018737793
1621,2021-10-22 07:10:04,516031,55.08993601799011
1622,2021-10-22 07:10:48,516031,55.03413987159729
1623,2021-10-22 07:10:51,516031,54.76289701461792
1624,2021-10-22 08:10:10,516031,55.232728004455566
1625,2021-10-22 08:10:22,516031,59.62495684623718
1626,2021-10-22 08:10:19,516032,54.530231952667236
1627,2021-10-22 09:10:54,516032,59.28551411628723
1628,2021-10-22 10:10:49,516036,54.01353716850281
1629,2021-10-22 11:10:59,516037,54.98643493652344
1630,2021-10-22 11:10:04,516038,53.76338982582092
1631,2021-10-22 12:10:40,516038,55.02384305000305
1632,2021-10-22 01:10:09,516039,54.80865216255188
1633,2021-10-22 01:10:34,516039,54.92483186721802
1634,2021-10-22 02:10:32,516039,54.351815938949585
1635,2021-10-22 01:10:13,516040,54.134990215301514
1636,2021-10-22 01:10:24,516040,54.861271142959595
1637,2021-10-22 01:10:26,516040,55.12869906425476
1638,2021-10-22 02:10:29,516040,59.99615788459778
1639,2021-10-22 03:10:05,516040,53.77975106239319
1640,2021-10-22 02:10:17,516041,58.71020197868347
1641,2021-10-22 02:10:41,516041,60.37344217300415
1642,2021-10-22 03:10:34,516041,55.99151682853699
1643,2021-10-22 03:10:32,516042,54.7044141292572
1644,2021-10-22 03:10:35,516042,54.31530976295471
1645,2021-10-22 03:10:46,516042,58.51248788833618
1646,2021-10-22 04:10:23,516042,53.982269048690796
1647,2021-10-22 04:10:28,516044,54.48794078826904
1648,2021-10-22 04:10:36,516044,54.962671995162964
1649,2021-10-22 05:10:50,516044,60.18934893608093
1650,2021-10-22 06:10:08,516044,53.795429944992065
1651,2021-10-22 05:10:07,516045,59.265844106674194
1652,2021-10-22 05:10:09,516045,57.599518060684204
1653,2021-10-22 06:10:22,516045,56.00094413757324
1654,2021-10-22 05:10:19,516046,56.31044602394104
1655,2021-10-22 06:10:00,516046,54.891014099121094
1656,2021-10-22 06:10:17,516046,54.88127684593201
1657,2021-10-22 06:10:52,516046,58.35443592071533
1658,2021-10-22 06:10:54,516046,55.180973052978516
1659,2021-10-22 07:10:24,516047,54.559484004974365
1660,2021-10-22 07:10:31,516048,54.41724395751953
1661,2021-10-22 09:10:31,516048,53.955772161483765
1662,2021-10-22 08:10:30,516049,56.44723987579346
1663,2021-10-22 09:10:20,516050,60.33842611312866
1664,2021-10-22 10:10:03,516050,53.4700129032135
1665,2021-10-22 11:10:39,516051,54.78940987586975
1666,2021-10-22 11:10:09,516053,58.9315299987793
1667,2021-10-23 12:10:31,516053,54.09998607635498
1668,2021-10-23 12:10:32,516054,57.10281801223755
1669,2021-10-23 12:10:46,516054,55.48065495491028
1670,2021-10-23 01:10:14,516055,60.66948413848877
1671,2021-10-23 03:10:02,516055,53.677412033081055
1672,2021-10-23 01:10:02,516056,54.083364963531494
1673,2021-10-23 01:10:17,516056,56.028340101242065
1674,2021-10-23 01:10:32,516056,58.4349639415741
1675,2021-10-23 02:10:25,516056,54.75666403770447
1676,2021-10-23 02:10:41,516056,53.405482053756714
1677,2021-10-23 02:10:49,516058,54.625972032547
1678,2021-10-23 02:10:27,516066,57.307790994644165
1679,2021-10-23 03:10:04,516066,54.597540855407715
1680,2021-10-23 05:10:42,516066,55.38969802856445
1681,2021-10-23 05:10:48,516066,60.71565103530884
1682,2021-10-23 06:10:04,516066,53.836402893066406
1683,2021-10-23 06:10:09,516066,54.26602816581726
1684,2021-10-23 06:10:12,516066,54.46361303329468
1685,2021-10-23 07:10:03,516066,59.24891185760498
1686,2021-10-23 08:10:46,516066,54.50279402732849
1687,2021-10-23 09:10:09,516066,54.210633993148804
1688,2021-10-23 11:10:57,516066,55.48410987854004
1689,2021-10-24 05:10:02,516066,59.82709503173828
1690,2021-10-24 06:10:58,516066,58.33244705200195
1691,2021-10-24 07:10:20,516066,58.605220079422
1692,2021-10-24 07:10:40,516066,55.18920588493347
1693,2021-10-24 10:10:05,516066,54.38160419464111
1694,2021-10-24 10:10:26,516066,55.51660394668579
1695,2021-10-24 11:10:04,516066,54.94015383720398
1696,2021-10-24 12:10:01,516066,54.97009515762329
1697,2021-10-24 12:10:16,516066,55.4715940952301
1698,2021-10-24 01:10:45,516067,55.096232175827026
1699,2021-10-25 10:10:17,516076,55.64448094367981
1700,2021-10-25 10:10:47,516076,59.79780197143555
1701,2021-10-25 11:10:10,516076,56.388242959976196
1702,2021-10-25 01:10:09,516079,55.347403049468994
1703,2021-10-25 01:10:36,516079,54.63191294670105
1704,2021-10-25 01:10:42,516079,55.43056011199951
1705,2021-10-25 01:10:47,516079,55.64055395126343
1706,2021-10-25 01:10:50,516079,54.59267807006836
1707,2021-10-25 02:10:14,516079,54.46451187133789
1708,2021-10-25 02:10:31,516079,55.6639449596405
1709,2021-10-25 03:10:09,516079,59.041626930236816
1710,2021-10-25 03:10:19,516079,57.319212913513184
1711,2021-10-25 04:10:10,516079,54.2078161239624
1712,2021-10-25 02:10:31,516080,54.23567581176758
1713,2021-10-25 02:10:50,516080,55.85225796699524
1714,2021-10-25 02:10:58,516080,55.199411153793335
1715,2021-10-25 02:10:51,516081,55.05386519432068
1716,2021-10-25 03:10:09,516081,55.750503063201904
1717,2021-10-25 03:10:37,516081,54.949655055999756
1718,2021-10-25 04:10:09,516081,54.9307701587677
1719,2021-10-25 04:10:26,516081,54.81867504119873
1720,2021-10-25 06:10:15,516081,55.40122580528259
1721,2021-10-25 06:10:55,516081,54.58735799789429
1722,2021-10-25 06:10:43,516082,55.15893316268921
1723,2021-10-25 07:10:56,516082,54.286779165267944
1724,2021-10-25 08:10:38,516082,55.9903359413147
1725,2021-10-25 07:10:12,516083,54.69764280319214
1726,2021-10-25 07:10:36,516083,54.07852602005005
1727,2021-10-25 07:10:56,516083,56.881373167037964
1728,2021-10-25 09:10:10,516083,54.490816831588745
1729,2021-10-25 09:10:39,516083,54.97497200965881
1730,2021-10-25 07:10:26,516084,54.822211027145386
1731,2021-10-25 11:10:15,516084,54.67614793777466
1732,2021-10-25 11:10:53,516085,59.96756100654602
1733,2021-10-26 02:10:11,516085,55.07163596153259
1734,2021-10-26 12:10:07,516085,53.5156888961792
1735,2021-10-26 12:10:26,516085,54.87385892868042
1736,2021-10-26 12:10:25,516086,54.41443705558777
1737,2021-10-26 01:10:43,516087,54.08033299446106
1738,2021-10-26 02:10:15,516087,53.74966096878052
1739,2021-10-26 12:10:04,516087,54.507200956344604
1740,2021-10-26 01:10:45,516090,54.37161087989807
1741,2021-10-26 01:10:48,516091,54.73834800720215
1742,2021-10-26 02:10:46,516092,54.92587399482727
1743,2021-10-26 02:10:35,516093,55.090492963790894
1744,2021-10-26 03:10:11,516093,54.24380898475647
1745,2021-10-26 02:10:32,516094,56.36981511116028
1746,2021-10-26 04:10:03,516096,53.76124286651611
1747,2021-10-26 04:10:35,516096,59.850231885910034
1748,2021-10-26 05:10:02,516096,54.75542998313904
1749,2021-10-26 04:10:13,516097,56.248939990997314
1750,2021-10-26 05:10:04,516097,58.74283814430237
1751,2021-10-26 07:10:06,516098,54.815170764923096
1752,2021-10-26 07:10:18,516098,54.64198088645935
1753,2021-10-26 07:10:20,516098,59.28211283683777
1754,2021-10-26 07:10:21,516098,55.00267004966736
1755,2021-10-26 07:10:57,516098,54.38639807701111
1756,2021-10-26 08:10:02,516098,54.16553497314453
1757,2021-10-26 08:10:07,516098,53.258548974990845
1758,2021-10-26 08:10:11,516098,59.85425400733948
1759,2021-10-26 01:10:02,516099,54.715986013412476
1760,2021-10-26 01:10:26,516099,55.762706995010376
1761,2021-10-26 01:10:50,516099,53.70662498474121
1762,2021-10-26 11:10:52,516099,58.55823802947998
1763,2021-10-26 12:10:04,516099,55.24574398994446
1764,2021-10-26 12:10:49,516099,55.745556116104126
1765,2021-10-26 02:10:02,516100,54.79192304611206
1766,2021-10-26 02:10:55,516100,58.540932178497314
1767,2021-10-26 03:10:50,516100,55.97503995895386
1768,2021-10-26 03:10:09,516101,57.920156955718994
1769,2021-10-26 03:10:31,516102,54.856334924697876
1770,2021-10-26 03:10:08,516103,55.759785890579224
1771,2021-10-26 03:10:58,516103,55.530961990356445
1772,2021-10-26 04:10:08,516103,54.365331172943115
1773,2021-10-26 04:10:23,516103,54.6482949256897
1774,2021-10-26 04:10:39,516103,53.56196403503418
1775,2021-10-26 06:10:06,516103,53.844667196273804
1776,2021-10-26 04:10:22,516104,54.18252897262573
1777,2021-10-26 05:10:05,516104,55.35655403137207
1778,2021-10-26 06:10:31,516104,53.92577385902405
1779,2021-10-26 07:10:35,516104,53.33237910270691
1780,2021-10-26 06:10:24,516107,54.655410051345825
1781,2021-10-26 07:10:38,516108,55.569839000701904
1782,2021-10-26 09:10:49,516108,54.93716812133789
1783,2021-10-26 09:10:26,516109,54.342507123947144
1784,2021-10-26 09:10:32,516109,54.422914028167725
1785,2021-10-26 09:10:36,516109,54.66798496246338
1786,2021-10-26 10:10:04,516112,54.89155602455139
1787,2021-10-26 10:10:12,516112,60.0113570690155
1788,2021-10-26 11:10:53,516112,59.254488945007324
1789,2021-10-26 09:10:23,516114,54.67493510246277
1790,2021-10-26 11:10:15,516116,58.353638887405396
1791,2021-10-26 11:10:20,516116,55.58102321624756
1792,2021-10-26 11:10:19,516117,56.6218318939209
1793,2021-10-26 11:10:51,516117,59.64090704917908
1794,2021-10-27 12:10:04,516117,54.17859697341919
1795,2021-10-27 12:10:57,516117,58.62213492393494
1796,2021-10-27 01:10:06,516119,54.52414512634277
1797,2021-10-27 01:10:52,516119,55.998541831970215
1798,2021-10-27 03:10:32,516122,57.15612506866455
1799,2021-10-27 05:10:15,516122,54.507137060165405
1800,2021-10-27 04:10:56,516124,54.7282600402832
1801,2021-10-27 05:10:57,516126,55.20974111557007
1802,2021-10-27 05:10:30,516127,53.991276025772095
1803,2021-10-27 06:10:23,516128,54.60250210762024
1804,2021-10-27 06:10:52,516128,54.74868202209473
1805,2021-10-27 07:10:03,516128,54.634312868118286
1806,2021-10-27 07:10:33,516129,54.07287287712097
1807,2021-10-27 09:10:29,516130,57.11331295967102
1808,2021-10-27 01:10:08,516133,55.01789116859436
1809,2021-10-27 01:10:21,516133,60.288426876068115
1810,2021-10-27 01:10:29,516133,55.3017258644104
1811,2021-10-27 02:10:50,516133,54.29399919509888
1812,2021-10-27 03:10:08,516133,54.34598398208618
1813,2021-10-27 03:10:17,516133,53.972525119781494
1814,2021-10-27 03:10:54,516133,58.81128406524658
1815,2021-10-27 11:10:44,516133,55.17073702812195
1816,2021-10-27 12:10:52,516133,55.133673906326294
1817,2021-10-27 03:10:53,516134,54.89351797103882
1818,2021-10-27 04:10:25,516134,54.60374617576599
1819,2021-10-27 04:10:44,516134,54.79042315483093
1820,2021-10-27 05:10:20,516134,53.54851007461548
1821,2021-10-27 10:10:05,516134,54.81454110145569
1822,2021-10-27 05:10:46,516136,56.80011200904846
1823,2021-10-27 06:10:37,516138,55.83662295341492
1824,2021-10-27 06:10:55,516139,54.91361594200134
1825,2021-10-27 07:10:50,516139,57.272603034973145
1826,2021-10-27 09:10:27,516139,59.36802577972412
1827,2021-10-27 11:10:39,516139,55.118825912475586
1828,2021-10-28 01:10:45,516140,54.416056871414185
1829,2021-10-28 12:10:10,516140,54.965250968933105
1830,2021-10-28 02:10:22,516144,54.57776594161987
1831,2021-10-28 03:10:56,516146,54.58660006523132
1832,2021-10-28 04:10:17,516146,53.294589042663574
1833,2021-10-28 03:10:41,516149,50.96322703361511
1834,2021-10-28 05:10:08,516149,49.871203899383545
1835,2021-10-28 04:10:58,516150,55.35950803756714
1836,2021-10-28 04:10:59,516151,55.36313819885254
1837,2021-10-28 05:10:16,516152,55.33661484718323
1838,2021-10-28 06:10:53,516152,53.528032064437866
1839,2021-10-28 05:10:15,516153,58.77830100059509
1840,2021-10-28 05:10:28,516159,54.407968044281006
1841,2021-10-28 07:10:49,516163,55.43373513221741
1842,2021-10-28 08:10:10,516163,55.13534903526306
1843,2021-10-28 08:10:30,516163,56.06330919265747
1844,2021-10-28 09:10:46,516163,55.2587468624115
1845,2021-10-28 11:10:27,516163,56.3038170337677
1846,2021-10-28 03:10:43,516164,60.616835832595825
1847,2021-10-28 03:10:47,516164,55.64291214942932
1848,2021-10-28 05:10:01,516164,54.21991682052612
1849,2021-10-28 11:10:08,516164,54.9977548122406
1850,2021-10-28 04:10:33,516165,55.94909977912903
1851,2021-10-28 05:10:43,516165,57.17935800552368
1852,2021-10-28 05:10:01,516166,52.23655104637146
1853,2021-10-28 05:10:05,516168,51.673373222351074
1854,2021-10-28 06:10:54,516168,51.6812059879303
1855,2021-10-28 06:10:21,516169,52.17145895957947
1856,2021-10-28 06:10:03,516170,51.61325192451477
1857,2021-10-28 10:10:07,516170,52.46810507774353
1858,2021-10-29 01:10:14,516171,54.571922063827515
1859,2021-10-29 01:10:48,516171,54.63488411903381
1860,2021-10-29 01:10:52,516171,51.59324097633362
1861,2021-10-29 02:10:43,516171,51.9422709941864
1862,2021-10-29 02:10:02,516172,51.31176400184631
1863,2021-10-29 02:10:47,516174,51.28014802932739
1864,2021-10-29 06:10:01,516174,50.962345123291016
1865,2021-10-29 07:10:39,516174,51.69143319129944
1866,2021-10-29 08:10:24,516175,53.24041509628296
1867,2021-10-29 08:10:23,516176,54.89937496185303
1868,2021-10-29 08:10:39,516176,56.02064514160156
1869,2021-10-29 08:10:54,516176,51.029711961746216
1870,2021-10-29 08:10:59,516176,51.94137692451477
1871,2021-10-29 09:10:26,516176,52.094165086746216
1872,2021-10-29 09:10:28,516176,50.941155195236206
1873,2021-10-29 10:10:12,516176,49.62852096557617
1874,2021-10-29 10:10:12,516176,51.36712098121643
1875,2021-10-29 11:10:50,516176,54.0415780544281
1876,2021-10-29 01:10:59,516177,51.19030499458313
1877,2021-10-29 02:10:45,516177,51.067481994628906
1878,2021-10-29 04:10:00,516177,50.30836582183838
1879,2021-10-29 07:10:13,516177,51.90250110626221
1880,2021-10-29 08:10:06,516177,51.279951095581055
1881,2021-10-29 08:10:24,516177,51.11415886878967
1882,2021-10-29 02:10:20,516178,50.66290998458862
1883,2021-10-29 02:10:54,516178,53.06684613227844
1884,2021-10-29 04:10:10,516178,51.51711702346802
1885,2021-10-29 06:10:48,516178,51.25957798957825
1886,2021-10-29 05:10:47,516179,50.696954011917114
1887,2021-10-29 10:10:03,516179,51.12445688247681
1888,2021-10-29 10:10:08,516179,50.915992975234985
1889,2021-10-29 11:10:46,516180,51.86381793022156
1890,2021-10-29 11:10:53,516180,51.505587100982666
1891,2021-10-29 09:10:03,516181,53.848798990249634
1892,2021-10-29 10:10:37,516181,53.21272802352905
1893,2021-10-30 02:10:25,516181,50.06365895271301
1894,2021-10-30 03:10:27,516181,50.92097282409668
1895,2021-10-30 04:10:15,516181,51.50849914550781
1896,2021-10-30 05:10:32,516181,51.49508595466614
1897,2021-10-30 06:10:29,516181,51.09491515159607
1898,2021-10-30 07:10:13,516181,50.260453939437866
1899,2021-10-30 07:10:53,516181,51.02013111114502
1900,2021-10-30 12:10:27,516181,52.112895011901855
1901,2021-10-30 07:10:09,516182,52.820728063583374
1902,2021-10-30 07:10:38,516182,52.348259925842285
1903,2021-10-30 07:10:46,516182,51.28011989593506
1904,2021-10-30 08:10:41,516182,49.623136043548584
1905,2021-10-30 07:10:47,516184,53.68775796890259
1906,2021-10-30 08:10:22,516184,56.31179714202881
1907,2021-10-30 09:10:17,516184,51.25594210624695
1908,2021-10-30 09:10:32,516187,52.72426199913025
1909,2021-10-30 09:10:17,516189,54.27457785606384
1910,2021-10-30 11:10:11,516189,51.663004875183105
1911,2021-10-30 02:10:27,516190,53.669569969177246
1912,2021-10-30 03:10:02,516193,51.72518801689148
1913,2021-10-30 03:10:08,516193,50.85794806480408
1914,2021-10-30 05:10:07,516193,53.79064202308655
1915,2021-10-30 07:10:38,516194,53.64535689353943
1916,2021-10-31 04:10:39,516194,51.226179122924805
1917,2021-10-31 11:10:01,516195,51.713093996047974
1918,2021-10-31 12:10:15,516195,53.38891100883484
1919,2021-10-31 04:10:50,516199,51.31194186210632
1920,2021-10-31 06:10:04,516199,55.28783202171326
1921,2021-10-31 07:10:37,516199,51.18505883216858
1922,2021-10-31 09:10:01,516199,54.32892394065857
1923,2021-10-31 09:10:07,516199,53.20594096183777
1924,2021-10-31 09:10:08,516199,51.37850308418274
1925,2021-10-31 09:10:12,516199,51.092103004455566
1926,2021-10-31 09:10:16,516199,50.90751504898071
1927,2021-10-31 09:10:22,516199,53.47429394721985
1928,2021-10-31 09:10:27,516199,51.102203130722046
1929,2021-10-31 10:10:46,516199,50.852110862731934
1930,2021-10-31 11:10:06,516199,52.070727825164795
1931,2021-11-01 05:11:44,516207,51.8838791847229
1932,2021-11-01 01:11:30,516217,56.22028088569641
1933,2021-11-01 03:11:13,516217,51.370901107788086
1934,2021-11-01 04:11:30,516217,50.99533295631409
1935,2021-11-01 04:11:37,516217,50.13695406913757
1936,2021-11-01 10:11:03,516217,52.21285581588745
1937,2021-11-01 11:11:23,516217,51.47998309135437
1938,2021-11-01 11:11:32,516217,52.73489308357239
1939,2021-11-01 11:11:33,516217,55.24912691116333
1940,2021-11-01 11:11:55,516217,51.923145055770874
1941,2021-11-01 11:11:58,516217,51.39863085746765
1942,2021-11-01 12:11:15,516217,53.709831953048706
1943,2021-11-01 12:11:57,516217,50.08739113807678
1944,2021-11-01 03:11:15,516219,52.822006940841675
1945,2021-11-01 04:11:57,516219,54.273797035217285
1946,2021-11-01 05:11:06,516221,51.43492102622986
1947,2021-11-01 06:11:17,516222,51.9092071056366
1948,2021-11-01 09:11:02,516223,51.014734983444214
1949,2021-11-02 12:11:47,516223,55.34575414657593
1950,2021-11-02 03:11:24,516224,49.8877489566803
1951,2021-11-02 05:11:46,516225,51.62562799453735
1952,2021-11-02 06:11:12,516226,52.77774715423584
1953,2021-11-02 09:11:20,516227,54.0822811126709
1954,2021-11-02 10:11:37,516227,51.71912097930908
1955,2021-11-02 11:11:37,516227,49.880045890808105
1956,2021-11-02 11:11:58,516227,51.98106503486633
1957,2021-11-02 04:11:06,516228,50.052430868148804
1958,2021-11-02 12:11:12,516228,54.26934099197388
1959,2021-11-02 12:11:32,516228,51.785187005996704
1960,2021-11-02 12:11:41,516228,51.3125741481781
1961,2021-11-02 12:11:48,516228,50.740926027297974
1962,2021-11-02 12:11:57,516228,50.50206398963928
1963,2021-11-02 01:11:31,516229,53.32872200012207
1964,2021-11-02 02:11:24,516229,51.49041295051575
1965,2021-11-02 02:11:49,516229,51.82356786727905
1966,2021-11-02 03:11:18,516229,51.88839793205261
1967,2021-11-02 04:11:16,516229,51.07914400100708
1968,2021-11-02 05:11:05,516229,55.574657917022705
1969,2021-11-02 12:11:47,516229,55.26859998703003
1970,2021-11-02 05:11:55,516231,53.64609885215759
1971,2021-11-02 06:11:09,516231,53.01395797729492
1972,2021-11-02 05:11:49,516232,50.957366943359375
1973,2021-11-02 06:11:02,516232,51.32695984840393
1974,2021-11-02 06:11:40,516232,50.697659969329834
1975,2021-11-02 07:11:07,516232,51.15236711502075
1976,2021-11-02 07:11:19,516232,51.48491406440735
1977,2021-11-02 07:11:24,516232,51.09214806556702
1978,2021-11-02 07:11:57,516232,50.552425146102905
1979,2021-11-02 08:11:21,516232,52.363539934158325
1980,2021-11-02 08:11:47,516232,50.8840868473053
1981,2021-11-02 10:11:12,516233,51.0911021232605
1982,2021-11-03 12:11:10,516236,52.16116189956665
1983,2021-11-03 12:11:02,516237,52.365193128585815
1984,2021-11-03 12:11:08,516239,51.53408098220825
1985,2021-11-03 12:11:26,516239,51.33722996711731
1986,2021-11-03 05:11:14,516243,51.11650204658508
1987,2021-11-03 05:11:52,516243,51.72622895240784
1988,2021-11-03 05:11:57,516243,51.57767295837402
1989,2021-11-03 06:11:31,516244,53.75040102005005
1990,2021-11-03 06:11:57,516244,55.013790130615234
1991,2021-11-03 07:11:05,516244,50.40586185455322
1992,2021-11-03 07:11:53,516244,51.12675094604492
1993,2021-11-03 08:11:42,516244,51.82253694534302
1994,2021-11-03 09:11:47,516244,52.23594403266907
1995,2021-11-03 10:11:14,516245,53.5681848526001
1996,2021-11-03 11:11:36,516245,52.414833068847656
1997,2021-11-03 11:11:36,516245,50.677085876464844
1998,2021-11-03 01:11:03,516246,52.13705587387085
1999,2021-11-03 02:11:59,516246,50.45516490936279
2000,2021-11-03 02:11:41,516247,55.3884379863739
2001,2021-11-03 02:11:42,516247,50.434417963027954
2002,2021-11-03 03:11:18,516247,49.585670948028564
2003,2021-11-03 02:11:23,516248,53.909549951553345
2004,2021-11-03 02:11:58,516248,51.2258460521698
2005,2021-11-03 03:11:05,516248,49.956326961517334
2006,2021-11-03 03:11:33,516248,51.6030158996582
2007,2021-11-03 04:11:58,516248,50.41692304611206
2008,2021-11-03 03:11:02,516249,51.3047239780426
2009,2021-11-03 03:11:17,516249,55.16434192657471
2010,2021-11-03 04:11:15,516249,54.44312500953674
2011,2021-11-03 05:11:52,516249,54.746817111968994
2012,2021-11-03 06:11:02,516249,50.13654589653015
2013,2021-11-03 06:11:14,516249,49.103538036346436
2014,2021-11-03 06:11:33,516249,55.86052489280701
2015,2021-11-03 04:11:18,516250,51.58846187591553
2016,2021-11-03 05:11:19,516251,52.3514358997345
2017,2021-11-03 05:11:43,516251,55.75514817237854
2018,2021-11-03 06:11:35,516251,50.60737204551697
2019,2021-11-03 05:11:12,516252,54.0643892288208
2020,2021-11-03 05:11:54,516252,52.50330996513367
2021,2021-11-03 06:11:31,516252,50.42094588279724
2022,2021-11-03 06:11:13,516253,51.0838189125061
2023,2021-11-03 06:11:29,516253,50.72346591949463
2024,2021-11-03 06:11:43,516253,51.21543002128601
2025,2021-11-03 08:11:12,516254,55.26986789703369
2026,2021-11-03 09:11:27,516254,50.718727827072144
2027,2021-11-03 09:11:36,516254,49.979634046554565
2028,2021-11-03 09:11:43,516254,54.55725407600403
2029,2021-11-03 09:11:44,516254,51.36371994018555
2030,2021-11-03 10:11:41,516254,51.23389792442322
2031,2021-11-03 10:11:12,516256,55.779441118240356
2032,2021-11-03 10:11:31,516256,52.61326313018799
2033,2021-11-03 11:11:23,516256,49.8790237903595
2034,2021-11-03 11:11:47,516258,51.71916317939758
2035,2021-11-04 03:11:50,516258,49.9714879989624
2036,2021-11-04 12:11:40,516258,52.79988098144531
2037,2021-11-04 12:11:50,516258,51.23266005516052
2038,2021-11-04 04:11:09,516262,51.24839997291565
2039,2021-11-04 04:11:50,516262,50.81639504432678
2040,2021-11-04 05:11:16,516262,50.317736864089966
2041,2021-11-04 05:11:55,516262,54.270745038986206
2042,2021-11-04 05:11:45,516263,53.52979397773743
2043,2021-11-04 06:11:51,516263,51.69422793388367
2044,2021-11-04 05:11:13,516264,54.35594606399536
2045,2021-11-04 05:11:21,516264,53.12251305580139
2046,2021-11-04 06:11:13,516264,51.329005002975464
2047,2021-11-04 06:11:32,516265,52.54783892631531
2048,2021-11-04 07:11:55,516267,51.41946601867676
2049,2021-11-04 08:11:48,516267,52.153887033462524
2050,2021-11-04 08:11:55,516267,51.55080580711365
2051,2021-11-04 09:11:55,516268,51.08631896972656
2052,2021-11-04 10:11:05,516270,51.316648960113525
2053,2021-11-04 10:11:23,516270,50.68125319480896
2054,2021-11-04 11:11:22,516270,49.952786922454834
2055,2021-11-04 12:11:24,516271,53.390488147735596
2056,2021-11-04 01:11:31,516272,51.662156105041504
2057,2021-11-04 03:11:24,516272,51.14035701751709
2058,2021-11-04 12:11:34,516272,51.563164949417114
2059,2021-11-04 03:11:39,516274,56.01536202430725
2060,2021-11-04 06:11:02,516274,54.690001010894775
2061,2021-11-04 06:11:08,516274,51.79762387275696
2062,2021-11-04 07:11:12,516274,53.92742395401001
2063,2021-11-04 07:11:23,516274,50.113778829574585
2064,2021-11-04 09:11:36,516274,51.44709777832031
2065,2021-11-04 11:11:11,516274,50.83206105232239
2066,2021-11-04 11:11:52,516274,50.10734701156616
2067,2021-11-05 01:11:50,516274,49.812917947769165
2068,2021-11-04 06:11:48,516275,52.32629585266113
2069,2021-11-04 07:11:11,516275,55.47380208969116
2070,2021-11-04 07:11:26,516275,53.90431308746338
2071,2021-11-04 07:11:56,516275,51.29131817817688
2072,2021-11-05 01:11:52,516275,52.24197816848755
2073,2021-11-05 04:11:18,516275,51.472570180892944
2074,2021-11-05 04:11:45,516276,54.165611028671265
2075,2021-11-05 05:11:49,516276,51.32470107078552
2076,2021-11-05 05:11:00,516278,51.314624071121216
2077,2021-11-05 05:11:01,516278,54.843971967697144
2078,2021-11-05 05:11:08,516278,53.04960799217224
2079,2021-11-05 06:11:48,516278,53.48647618293762
2080,2021-11-05 07:11:15,516278,51.146384954452515
2081,2021-11-05 07:11:57,516278,49.278177976608276
2082,2021-11-05 06:11:54,516279,56.24193096160889
2083,2021-11-05 02:11:48,516281,50.38086223602295
2084,2021-11-05 10:11:19,516281,51.46329307556152
2085,2021-11-05 12:11:11,516281,55.44142508506775
2086,2021-11-05 12:11:13,516281,50.49360418319702
2087,2021-11-05 01:11:56,516282,53.365078926086426
2088,2021-11-05 03:11:04,516282,52.73786401748657
2089,2021-11-05 12:11:06,516284,53.14016103744507
2090,2021-11-05 01:11:43,516285,52.35345697402954
2091,2021-11-05 01:11:48,516285,51.508244037628174
2092,2021-11-05 01:11:21,516286,50.87740206718445
2093,2021-11-05 01:11:43,516286,50.743152141571045
2094,2021-11-05 03:11:08,516286,51.097455978393555
2095,2021-11-05 02:11:36,516290,54.99923896789551
2096,2021-11-05 02:11:43,516290,49.23287916183472
2097,2021-11-05 05:11:24,516290,49.8622829914093
2098,2021-11-05 02:11:08,516292,53.82103991508484
2099,2021-11-05 03:11:09,516292,54.738282918930054
2100,2021-11-05 03:11:11,516292,55.95745897293091
2101,2021-11-05 03:11:25,516292,50.26165699958801
2102,2021-11-05 03:11:52,516292,50.526618003845215
2103,2021-11-05 05:11:38,516292,51.63137984275818
2104,2021-11-05 06:11:09,516292,54.83269906044006
2105,2021-11-05 06:11:42,516292,51.53116297721863
2106,2021-11-05 07:11:17,516292,55.532291889190674
2107,2021-11-05 07:11:20,516292,50.05984711647034
2108,2021-11-05 07:11:33,516292,52.93866014480591
2109,2021-11-05 07:11:35,516292,51.245649099349976
2110,2021-11-05 07:11:58,516292,55.76181411743164
2111,2021-11-05 09:11:06,516292,55.08550000190735
2112,2021-11-05 09:11:43,516292,54.93900990486145
2113,2021-11-05 09:11:44,516292,53.06157302856445
2114,2021-11-05 09:11:50,516292,55.68532395362854
2115,2021-11-05 10:11:08,516292,53.25118803977966
2116,2021-11-05 10:11:13,516292,49.94922089576721
2117,2021-11-05 11:11:14,516292,50.933279037475586
2118,2021-11-05 07:11:27,516293,52.416996002197266
2119,2021-11-05 08:11:24,516293,50.27571511268616
2120,2021-11-05 09:11:01,516293,51.169543981552124
2121,2021-11-05 09:11:38,516293,55.10533308982849
2122,2021-11-05 11:11:26,516293,53.6641411781311
2123,2021-11-05 02:11:57,516294,51.067732095718384
2124,2021-11-05 10:11:52,516294,50.63503813743591
2125,2021-11-05 11:11:05,516294,51.2196888923645
2126,2021-11-05 11:11:05,516294,51.46950697898865
2127,2021-11-05 11:11:11,516294,55.227181911468506
2128,2021-11-06 01:11:22,516294,48.83802890777588
2129,2021-11-06 01:11:33,516294,54.357754945755005
2130,2021-11-06 01:11:42,516294,50.424375772476196
2131,2021-11-06 02:11:08,516294,53.26322078704834
2132,2021-11-06 02:11:50,516294,50.85267090797424
2133,2021-11-06 12:11:18,516294,52.79335904121399
2134,2021-11-06 12:11:27,516294,55.11682486534119
2135,2021-11-06 12:11:28,516294,55.215197801589966
2136,2021-11-06 01:11:25,516295,52.11018705368042
2137,2021-11-06 02:11:45,516295,51.10840702056885
2138,2021-11-06 02:11:59,516296,53.64797401428223
2139,2021-11-06 03:11:33,516296,55.47354507446289
2140,2021-11-06 03:11:36,516296,56.5658700466156
2141,2021-11-06 04:11:49,516296,49.81892204284668
2142,2021-11-06 03:11:02,516298,55.65949320793152
2143,2021-11-06 04:11:37,516298,50.58141899108887
2144,2021-11-06 03:11:34,516299,55.83474898338318
2145,2021-11-06 04:11:48,516300,55.86785101890564
2146,2021-11-06 05:11:20,516300,49.37217593193054
2147,2021-11-06 05:11:28,516300,51.60964584350586
2148,2021-11-06 05:11:11,516301,51.837860107421875
2149,2021-11-06 06:11:41,516301,50.69945502281189
2150,2021-11-06 08:11:37,516301,53.88871717453003
2151,2021-11-06 09:11:07,516301,50.38986301422119
2152,2021-11-06 09:11:53,516301,50.73420715332031
2153,2021-11-06 07:11:36,516302,50.71688508987427
2154,2021-11-06 08:11:10,516302,50.96694493293762
2155,2021-11-06 07:11:50,516304,52.378774881362915
2156,2021-11-06 08:11:23,516304,55.83471989631653
2157,2021-11-06 09:11:48,516304,56.106122970581055
2158,2021-11-06 10:11:18,516304,48.60623097419739
2159,2021-11-06 10:11:40,516304,53.2490119934082
2160,2021-11-06 08:11:43,516308,50.60822796821594
2161,2021-11-06 08:11:21,516313,56.60431098937988
2162,2021-11-06 09:11:53,516313,50.42931604385376
2163,2021-11-06 09:11:48,516316,51.55965209007263
2164,2021-11-06 10:11:22,516318,51.29616117477417
2165,2021-11-06 12:11:42,516318,49.657894134521484
2166,2021-11-07 04:11:36,516322,52.924822092056274
2167,2021-11-07 10:11:06,516322,51.64752984046936
2168,2021-11-07 11:11:12,516322,51.44046497344971
2169,2021-11-07 02:11:53,516323,55.06175994873047
2170,2021-11-07 06:11:50,516326,52.508979082107544
2171,2021-11-07 08:11:25,516326,50.55314612388611
2172,2021-11-08 02:11:25,516326,51.03196883201599
2173,2021-11-08 04:11:01,516326,52.36465406417847
2174,2021-11-08 05:11:18,516326,51.12331199645996
2175,2021-11-08 05:11:33,516326,54.916565895080566
2176,2021-11-08 05:11:37,516326,51.25197696685791
2177,2021-11-08 06:11:26,516326,52.912075996398926
2178,2021-11-08 06:11:58,516326,54.23727202415466
2179,2021-11-08 07:11:17,516326,52.81095099449158
2180,2021-11-08 07:11:26,516326,53.00672698020935
2181,2021-11-08 07:11:46,516326,51.09724307060242
2182,2021-11-08 08:11:10,516326,51.64252281188965
2183,2021-11-08 08:11:33,516326,51.009467124938965
2184,2021-11-08 08:11:33,516326,51.57805299758911
2185,2021-11-08 08:11:36,516326,50.206494092941284
2186,2021-11-08 09:11:13,516326,54.993940114974976
2187,2021-11-08 10:11:36,516326,52.903496980667114
2188,2021-11-08 10:11:47,516326,52.52230787277222
2189,2021-11-08 11:11:32,516326,54.27674412727356
2190,2021-11-08 11:11:44,516326,54.88091993331909
2191,2021-11-08 12:11:44,516326,54.530179023742676
2192,2021-11-08 10:11:53,516327,51.03905510902405
2193,2021-11-08 02:11:23,516328,52.76575493812561
2194,2021-11-08 11:11:57,516328,54.827722787857056
2195,2021-11-08 12:11:26,516328,49.60528516769409
2196,2021-11-08 12:11:38,516328,53.691739082336426
2197,2021-11-08 12:11:49,516329,51.41958999633789
2198,2021-11-08 01:11:42,516330,52.839542865753174
2199,2021-11-08 02:11:21,516330,51.249085903167725
2200,2021-11-08 03:11:06,516330,49.83222699165344
2201,2021-11-08 04:11:02,516330,48.13210701942444
2202,2021-11-08 04:11:58,516330,51.09820103645325
2203,2021-11-08 05:11:26,516330,49.74296998977661
2204,2021-11-08 05:11:29,516330,51.40362596511841
2205,2021-11-08 05:11:36,516330,51.22233486175537
2206,2021-11-08 05:11:55,516330,51.059532165527344
2207,2021-11-08 12:11:48,516330,50.89717698097229
2208,2021-11-08 03:11:28,516332,50.19173312187195
2209,2021-11-08 03:11:31,516332,50.550820112228394
2210,2021-11-08 03:11:48,516332,50.31162905693054
2211,2021-11-08 03:11:40,516333,51.28914499282837
2212,2021-11-08 03:11:54,516334,53.52669310569763
2213,2021-11-08 06:11:24,516335,48.82674193382263
2214,2021-11-08 06:11:11,516336,49.327494859695435
2215,2021-11-08 06:11:18,516336,54.36460089683533
2216,2021-11-08 06:11:54,516336,49.86367702484131
2217,2021-11-08 06:11:57,516336,48.864169120788574
2218,2021-11-08 07:11:22,516338,48.0319299697876
2219,2021-11-08 07:11:31,516338,54.06437706947327
2220,2021-11-08 07:11:31,516338,53.92095613479614
2221,2021-11-08 07:11:38,516338,52.44461011886597
2222,2021-11-08 07:11:44,516338,53.743860960006714
2223,2021-11-08 07:11:48,516338,53.037776947021484
2224,2021-11-08 08:11:49,516338,52.22254300117493
2225,2021-11-08 08:11:14,516340,53.55264496803284
2226,2021-11-08 09:11:20,516340,48.996959924697876
2227,2021-11-08 09:11:28,516340,48.539665937423706
2228,2021-11-08 10:11:34,516343,53.844507932662964
2229,2021-11-08 10:11:43,516343,52.779056787490845
2230,2021-11-09 12:11:48,516343,54.319579124450684
2231,2021-11-08 10:11:37,516345,53.1848030090332
2232,2021-11-09 02:11:35,516349,53.728363037109375
2233,2021-11-09 02:11:47,516349,53.144819021224976
2234,2021-11-09 03:11:45,516349,48.78196382522583
2235,2021-11-09 04:11:31,516349,49.00799798965454
2236,2021-11-09 06:11:20,516349,53.83446502685547
2237,2021-11-09 06:11:31,516349,54.53909087181091
2238,2021-11-09 07:11:41,516349,53.4167320728302
2239,2021-11-09 08:11:41,516349,53.06531810760498
2240,2021-11-09 08:11:12,516350,53.932552099227905
2241,2021-11-09 08:11:43,516350,48.55816102027893
2242,2021-11-09 09:11:13,516350,52.831485986709595
2243,2021-11-09 09:11:51,516350,51.374581813812256
2244,2021-11-09 10:11:50,516350,49.94300818443298
2245,2021-11-09 01:11:32,516351,52.300090074539185
2246,2021-11-09 01:11:35,516351,53.98884201049805
2247,2021-11-09 02:11:03,516351,52.3397581577301
2248,2021-11-09 02:11:10,516351,48.528053998947144
2249,2021-11-09 02:11:18,516351,49.178163051605225
2250,2021-11-09 02:11:31,516351,54.02231502532959
2251,2021-11-09 02:11:40,516351,52.95150899887085
2252,2021-11-09 02:11:43,516351,51.062422037124634
2253,2021-11-09 12:11:08,516351,51.98030710220337
2254,2021-11-09 12:11:34,516351,53.86924505233765
2255,2021-11-09 02:11:06,516352,53.97124099731445
2256,2021-11-09 04:11:17,516352,50.86514496803284
2257,2021-11-09 03:11:21,516353,51.419021129608154
2258,2021-11-09 03:11:42,516353,51.276586055755615
2259,2021-11-09 04:11:35,516353,49.737545013427734
2260,2021-11-09 04:11:46,516353,54.00002884864807
2261,2021-11-09 06:11:16,516353,52.523261070251465
2262,2021-11-09 05:11:29,516356,49.31781888008118
2263,2021-11-09 07:11:50,516358,50.019362926483154
2264,2021-11-09 06:11:17,516359,53.87229609489441
2265,2021-11-09 07:11:54,516359,52.24318790435791
2266,2021-11-09 08:11:47,516359,48.58293914794922
2267,2021-11-09 09:11:19,516359,53.11139392852783
2268,2021-11-09 11:11:14,516361,50.453912019729614
2269,2021-11-10 12:11:06,516362,52.45834803581238
2270,2021-11-09 11:11:22,516363,53.635846853256226
2271,2021-11-10 01:11:40,516363,53.80754208564758
2272,2021-11-10 03:11:47,516365,53.84364604949951
2273,2021-11-10 04:11:56,516365,53.1955189704895
2274,2021-11-10 05:11:15,516368,49.80712890625
2275,2021-11-10 06:11:10,516368,52.68225598335266
2276,2021-11-10 08:11:06,516371,53.695533990859985
2277,2021-11-10 09:11:10,516371,51.126157999038696
2278,2021-11-10 09:11:05,516372,49.37521696090698
2279,2021-11-10 09:11:34,516372,49.350919008255005
2280,2021-11-10 09:11:08,516374,50.71876001358032
2281,2021-11-10 11:11:25,516374,49.696298122406006
2282,2021-11-10 11:11:27,516374,53.67663908004761
2283,2021-11-10 11:11:45,516375,51.13424897193909
2284,2021-11-10 12:11:39,516375,54.33348894119263
2285,2021-11-10 01:11:54,516376,52.295687198638916
2286,2021-11-10 12:11:24,516376,49.681679010391235
2287,2021-11-10 01:11:45,516377,54.07442593574524
2288,2021-11-10 01:11:48,516377,53.1605110168457
2289,2021-11-10 02:11:00,516377,54.450945138931274
2290,2021-11-10 02:11:52,516377,49.02932119369507
2291,2021-11-10 03:11:19,516377,53.909743785858154
2292,2021-11-10 02:11:12,516378,51.30221199989319
2293,2021-11-10 03:11:24,516378,48.551922082901
2294,2021-11-10 04:11:18,516379,49.618722915649414
2295,2021-11-10 04:11:09,516380,54.26295208930969
2296,2021-11-10 04:11:37,516380,51.76701903343201
2297,2021-11-10 04:11:28,516381,53.78273105621338
2298,2021-11-10 05:11:17,516381,52.2850980758667
2299,2021-11-10 06:11:35,516381,51.08808088302612
2300,2021-11-10 06:11:43,516381,53.13461112976074
2301,2021-11-10 06:11:40,516382,49.91800594329834
2302,2021-11-10 08:11:51,516382,51.50864100456238
2303,2021-11-10 07:11:22,516383,49.93554997444153
2304,2021-11-10 08:11:17,516383,54.30018711090088
2305,2021-11-10 08:11:31,516385,53.53372597694397
2306,2021-11-10 09:11:04,516385,53.60228204727173
2307,2021-11-10 09:11:44,516385,53.61192011833191
2308,2021-11-10 10:11:19,516385,49.124244928359985
2309,2021-11-10 09:11:32,516386,50.64962911605835
2310,2021-11-10 09:11:45,516386,53.70908188819885
2311,2021-11-10 11:11:07,516386,50.772298097610474
2312,2021-11-10 11:11:58,516386,52.523946046829224
2313,2021-11-10 11:11:09,516387,49.720531940460205
2314,2021-11-10 11:11:39,516387,53.368525981903076
2315,2021-11-10 11:11:40,516390,52.87404680252075
2316,2021-11-11 02:11:13,516390,49.364299058914185
2317,2021-11-11 01:11:48,516391,54.073325872421265
2318,2021-11-11 02:11:19,516391,48.85539197921753
2319,2021-11-11 01:11:09,516392,49.289369106292725
2320,2021-11-11 02:11:43,516392,49.057798862457275
2321,2021-11-11 05:11:04,516397,49.430317878723145
2322,2021-11-11 06:11:29,516398,50.5915150642395
2323,2021-11-11 06:11:55,516398,52.97164607048035
2324,2021-11-11 07:11:13,516399,51.877317905426025
2325,2021-11-11 09:11:04,516400,48.905240058898926
2326,2021-11-11 10:11:04,516401,50.030048847198486
2327,2021-11-11 10:11:29,516401,52.40421795845032
2328,2021-11-11 10:11:51,516402,50.554561138153076
2329,2021-11-11 01:11:01,516403,52.154582023620605
2330,2021-11-11 11:11:26,516403,53.55797004699707
2331,2021-11-11 12:11:11,516403,50.648362159729004
2332,2021-11-11 12:11:32,516404,50.88200616836548
2333,2021-11-11 12:11:35,516404,51.06984901428223
2334,2021-11-11 12:11:41,516404,54.39895701408386
2335,2021-11-11 12:11:52,516404,51.5058319568634
2336,2021-11-11 01:11:29,516405,50.82909297943115
2337,2021-11-11 12:11:10,516405,49.890618085861206
2338,2021-11-11 02:11:29,516406,50.811184883117676
2339,2021-11-11 02:11:52,516406,50.06701612472534
2340,2021-11-11 03:11:46,516408,53.189351081848145
2341,2021-11-11 03:11:46,516408,49.37158799171448
2342,2021-11-11 03:11:59,516408,50.18011784553528
2343,2021-11-11 04:11:34,516409,53.94764685630798
2344,2021-11-11 04:11:05,516411,52.611454010009766
2345,2021-11-11 04:11:12,516411,54.31079697608948
2346,2021-11-11 06:11:00,516411,51.11830687522888
2347,2021-11-11 05:11:26,516412,53.70014214515686
2348,2021-11-11 05:11:49,516412,53.59427785873413
2349,2021-11-11 06:11:55,516412,49.949671030044556
2350,2021-11-11 07:11:07,516412,50.06709909439087
2351,2021-11-11 06:11:04,516413,50.37511897087097
2352,2021-11-11 06:11:21,516413,50.205854177474976
2353,2021-11-11 07:11:01,516414,50.02667307853699
2354,2021-11-11 09:11:15,516414,50.412508964538574
2355,2021-11-11 10:11:12,516414,54.13618993759155
2356,2021-11-11 08:11:26,516415,49.600985050201416
2357,2021-11-11 10:11:18,516415,50.9027624130249
2358,2021-11-11 10:11:23,516415,54.180087089538574
2359,2021-11-11 10:11:58,516415,51.758626222610474
2360,2021-11-11 11:11:07,516415,49.38083100318909
2361,2021-11-11 11:11:29,516416,50.318559885025024
2362,2021-11-12 01:11:19,516419,50.595407009124756
2363,2021-11-12 01:11:39,516420,50.690114974975586
2364,2021-11-12 01:11:14,516421,50.997584104537964
2365,2021-11-12 02:11:04,516421,50.495145082473755
2366,2021-11-12 05:11:45,516424,52.341492891311646
2367,2021-11-12 06:11:37,516424,50.271080017089844
2368,2021-11-12 08:11:16,516424,49.651591300964355
2369,2021-11-12 07:11:15,516425,49.910526514053345
2370,2021-11-12 09:11:06,516426,51.5269775390625
2371,2021-11-12 09:11:11,516426,52.06160593032837
2372,2021-11-12 09:11:25,516426,52.26224374771118
2373,2021-11-12 10:11:51,516426,49.30540919303894
2374,2021-11-12 01:11:28,516427,50.103694677352905
2375,2021-11-12 09:11:52,516427,51.19382357597351
2376,2021-11-12 11:11:09,516427,53.227471590042114
2377,2021-11-12 11:11:20,516427,49.94269609451294
2378,2021-11-12 11:11:38,516427,49.87774586677551
2379,2021-11-12 12:11:28,516427,50.59516668319702
2380,2021-11-12 12:11:38,516427,50.29039669036865
2381,2021-11-12 12:11:42,516427,50.851444244384766
2382,2021-11-12 12:11:57,516427,49.80323886871338
2383,2021-11-12 01:11:02,516428,54.349687814712524
2384,2021-11-12 01:11:31,516428,53.758551836013794
2385,2021-11-12 01:11:39,516428,53.89570498466492
2386,2021-11-12 02:11:08,516428,52.3050332069397
2387,2021-11-12 02:11:09,516428,50.67600131034851
2388,2021-11-12 03:11:43,516428,52.87190651893616
2389,2021-11-12 12:11:01,516428,54.623557329177856
2390,2021-11-12 02:11:24,516429,51.58264780044556
2391,2021-11-12 03:11:06,516429,49.99656271934509
2392,2021-11-12 03:11:15,516429,49.05480360984802
2393,2021-11-12 03:11:02,516430,50.30318522453308
2394,2021-11-12 03:11:25,516430,50.40534067153931
2395,2021-11-12 03:11:48,516431,51.22413158416748
2396,2021-11-12 05:11:42,516431,52.91602373123169
2397,2021-11-12 05:11:29,516433,51.0054235458374
2398,2021-11-12 06:11:29,516433,49.18419647216797
2399,2021-11-12 06:11:58,516434,50.39877915382385
2400,2021-11-12 06:11:02,516436,52.90851402282715
2401,2021-11-12 07:11:40,516436,49.639567136764526
2402,2021-11-12 07:11:18,516437,51.028504371643066
2403,2021-11-12 08:11:49,516437,52.01349353790283
2404,2021-11-12 08:11:58,516437,51.0503625869751
2405,2021-11-12 10:11:29,516437,53.83098554611206
2406,2021-11-12 10:11:54,516437,51.32876396179199
2407,2021-11-12 11:11:10,516437,48.63377332687378
2408,2021-11-12 11:11:49,516437,48.849199295043945
2409,2021-11-12 10:11:31,516440,51.15032982826233
2410,2021-11-12 11:11:47,516440,49.5861873626709
2411,2021-11-13 12:11:27,516440,49.17349600791931
2412,2021-11-13 01:11:49,516447,50.59025716781616
2413,2021-11-13 01:11:24,516448,50.30520057678223
2414,2021-11-13 02:11:34,516453,54.598299741744995
2415,2021-11-13 05:11:29,516453,52.18917655944824
2416,2021-11-13 07:11:17,516453,51.116830587387085
2417,2021-11-13 09:11:45,516453,50.49244523048401
2418,2021-11-14 04:11:09,516453,49.85214114189148
2419,2021-11-14 03:11:13,516456,50.23349571228027
2420,2021-11-14 07:11:48,516456,54.85337543487549
2421,2021-11-14 08:11:55,516456,49.37368059158325
2422,2021-11-15 03:11:46,516456,52.5058274269104
2423,2021-11-15 04:11:15,516456,50.992936849594116
2424,2021-11-15 05:11:09,516456,53.97825860977173
2425,2021-11-15 05:11:15,516456,50.97449088096619
2426,2021-11-15 06:11:33,516456,54.712385177612305
2427,2021-11-15 06:11:36,516456,54.854620933532715
2428,2021-11-15 06:11:45,516456,51.74128699302673
2429,2021-11-15 06:11:54,516456,51.7973906993866
2430,2021-11-15 07:11:25,516456,51.61370897293091
2431,2021-11-15 07:11:47,516456,54.11675047874451
2432,2021-11-15 07:11:47,516456,51.803136587142944
2433,2021-11-15 07:11:55,516456,51.83574867248535
2434,2021-11-15 08:11:19,516458,52.00989866256714
2435,2021-11-15 08:11:36,516458,50.12565779685974
2436,2021-11-15 09:11:18,516458,50.038219690322876
2437,2021-11-15 09:11:35,516458,50.6529004573822
2438,2021-11-15 10:11:04,516458,48.93239974975586
2439,2021-11-15 11:11:18,516459,51.36151313781738
2440,2021-11-15 11:11:45,516459,50.2296302318573
2441,2021-11-15 11:11:48,516459,49.908313274383545
2442,2021-11-15 12:11:18,516459,48.7502498626709
2443,2021-11-15 01:11:38,516460,50.67963147163391
2444,2021-11-15 12:11:03,516460,49.92233872413635
2445,2021-11-15 12:11:23,516460,49.81004786491394
2446,2021-11-15 01:11:12,516461,50.48287081718445
2447,2021-11-15 12:11:16,516461,50.2411572933197
2448,2021-11-15 12:11:43,516461,54.71817398071289
2449,2021-11-15 02:11:03,516462,49.40603852272034
2450,2021-11-15 02:11:18,516462,49.89851450920105
2451,2021-11-15 02:11:29,516462,51.83192682266235
2452,2021-11-15 02:11:36,516462,50.13972091674805
2453,2021-11-15 02:11:56,516462,50.65638065338135
2454,2021-11-15 03:11:46,516463,50.08525204658508
2455,2021-11-15 04:11:41,516464,51.617674827575684
2456,2021-11-15 04:11:49,516466,50.13083505630493
2457,2021-11-15 07:11:14,516467,50.04513216018677
2458,2021-11-15 07:11:31,516467,51.79135060310364
2459,2021-11-15 07:11:58,516468,49.77982449531555
2460,2021-11-15 07:11:43,516469,54.24195384979248
2461,2021-11-15 08:11:13,516469,50.98512363433838
2462,2021-11-15 09:11:25,516472,50.49631643295288
2463,2021-11-16 04:11:59,516480,51.40769815444946
2464,2021-11-16 06:11:17,516480,54.85649037361145
2465,2021-11-16 06:11:39,516480,53.07396173477173
2466,2021-11-16 06:11:46,516480,50.36556315422058
2467,2021-11-16 07:11:38,516480,52.039825201034546
2468,2021-11-16 08:11:01,516481,53.91160035133362
2469,2021-11-16 08:11:06,516481,50.53940391540527
2470,2021-11-16 08:11:25,516481,49.51437854766846
2471,2021-11-16 09:11:58,516481,48.96060919761658
2472,2021-11-16 10:11:48,516481,51.96541476249695
2473,2021-11-16 01:11:05,516485,50.323588609695435
2474,2021-11-16 01:11:25,516485,50.07890510559082
2475,2021-11-16 01:11:28,516485,51.55661869049072
2476,2021-11-16 01:11:35,516485,52.80198621749878
2477,2021-11-16 02:11:01,516485,51.85079097747803
2478,2021-11-16 02:11:08,516485,50.26277184486389
2479,2021-11-16 02:11:36,516485,49.56392765045166
2480,2021-11-16 03:11:16,516485,50.171870470047
2481,2021-11-16 03:11:35,516485,50.03360557556152
2482,2021-11-16 03:11:43,516485,49.7017867565155
2483,2021-11-16 10:11:58,516485,50.881531953811646
2484,2021-11-16 11:11:54,516485,50.9587242603302
2485,2021-11-16 12:11:06,516485,50.543296337127686
2486,2021-11-16 12:11:07,516485,49.51895618438721
2487,2021-11-16 12:11:23,516485,53.96809959411621
2488,2021-11-16 05:11:35,516487,49.43421697616577
2489,2021-11-16 05:11:47,516487,50.60166954994202
2490,2021-11-16 07:11:15,516488,49.74471688270569
2491,2021-11-16 08:11:15,516489,50.44749879837036
2492,2021-11-16 10:11:22,516489,50.03664565086365
2493,2021-11-16 10:11:27,516490,50.66379499435425
2494,2021-11-16 11:11:38,516490,48.65895080566406
2495,2021-11-16 11:11:53,516490,49.92528820037842
2496,2021-11-16 11:11:56,516490,53.5212676525116
2497,2021-11-17 12:11:54,516493,53.02035880088806
2498,2021-11-17 01:11:59,516494,49.02630281448364
2499,2021-11-17 02:11:40,516495,50.24650955200195
2500,2021-11-17 04:11:27,516497,51.85113263130188
2501,2021-11-17 04:11:47,516498,50.12593698501587
2502,2021-11-17 05:11:28,516498,49.73563504219055
2503,2021-11-17 05:11:16,516499,50.682238817214966
2504,2021-11-17 05:11:30,516499,53.75167942047119
2505,2021-11-17 05:11:33,516499,49.413368940353394
2506,2021-11-17 06:11:59,516499,48.66566443443298
2507,2021-11-17 06:11:13,516500,50.339484453201294
2508,2021-11-17 06:11:28,516500,49.381882190704346
2509,2021-11-17 07:11:04,516500,49.97187662124634
2510,2021-11-17 07:11:08,516500,50.018972396850586
2511,2021-11-17 07:11:35,516500,54.19035458564758
2512,2021-11-17 08:11:04,516500,48.227267026901245
2513,2021-11-17 01:11:37,516503,50.25004768371582
2514,2021-11-17 01:11:50,516503,50.37101721763611
2515,2021-11-17 02:11:47,516503,54.62601709365845
2516,2021-11-17 03:11:07,516503,49.82247543334961
2517,2021-11-17 03:11:14,516503,50.04464268684387
2518,2021-11-17 03:11:37,516503,49.73652505874634
2519,2021-11-17 03:11:58,516503,49.843223571777344
2520,2021-11-17 05:11:38,516503,51.619821548461914
2521,2021-11-17 06:11:58,516503,50.031310081481934
2522,2021-11-17 08:11:24,516503,49.96662521362305
2523,2021-11-17 08:11:29,516503,52.38786029815674
2524,2021-11-17 09:11:30,516503,50.448758125305176
2525,2021-11-17 09:11:48,516503,49.98930382728577
2526,2021-11-17 10:11:50,516503,49.580979347229004
2527,2021-11-17 11:11:25,516503,51.93015503883362
2528,2021-11-17 11:11:43,516503,48.630067110061646
2529,2021-11-17 12:11:08,516503,53.773558616638184
2530,2021-11-18 03:11:38,516503,49.18467330932617
2531,2021-11-20 12:11:40,516503,50.3149197101593
2532,2021-11-18 06:11:19,516507,50.286160945892334
2533,2021-11-18 04:11:15,516509,49.770684003829956
2534,2021-11-19 08:11:53,516510,50.53005409240723
2535,2021-11-18 03:11:25,516511,50.53302049636841
2536,2021-11-18 03:11:54,516511,50.48901081085205
2537,2021-11-18 05:11:46,516511,53.31867527961731
2538,2021-11-18 11:11:31,516511,50.9732506275177
2539,2021-11-18 04:11:28,516512,51.706600189208984
2540,2021-11-19 09:11:35,516512,53.32582974433899
2541,2021-11-18 06:11:31,516518,52.31388020515442
2542,2021-11-19 01:11:31,516518,50.4922399520874
2543,2021-11-19 04:11:40,516518,50.93284249305725
2544,2021-11-19 04:11:51,516518,54.94356083869934
2545,2021-11-19 05:11:11,516518,50.005443811416626
2546,2021-11-19 05:11:18,516518,51.137192487716675
2547,2021-11-19 05:11:34,516518,50.093721866607666
2548,2021-11-19 07:11:29,516518,51.862574338912964
2549,2021-11-19 09:11:23,516518,50.48802947998047
2550,2021-11-19 09:11:41,516518,50.88013768196106
2551,2021-11-19 10:11:08,516518,54.3248975276947
2552,2021-11-19 10:11:42,516518,54.0654501914978
2553,2021-11-19 10:11:51,516518,50.520572900772095
2554,2021-11-19 11:11:26,516518,54.52472519874573
2555,2021-11-19 11:11:53,516518,50.54034161567688
2556,2021-11-19 02:11:06,516520,54.612364768981934
2557,2021-11-19 02:11:33,516520,54.32621383666992
2558,2021-11-19 03:11:42,516520,49.216655254364014
2559,2021-11-19 04:11:02,516520,52.12245726585388
2560,2021-11-19 05:11:14,516520,54.542988777160645
2561,2021-11-19 05:11:27,516520,52.58334040641785
2562,2021-11-19 05:11:54,516520,49.32577300071716
2563,2021-11-19 06:11:00,516520,50.86349534988403
2564,2021-11-19 06:11:46,516520,50.858460664749146
2565,2021-11-19 07:11:58,516520,51.657647132873535
2566,2021-11-19 08:11:26,516520,50.27798104286194
2567,2021-11-19 09:11:20,516520,52.24695587158203
2568,2021-11-19 11:11:01,516520,53.98795986175537
2569,2021-11-19 11:11:03,516520,53.75682854652405
2570,2021-11-19 11:11:04,516520,50.07585644721985
2571,2021-11-19 11:11:22,516520,50.614065408706665
2572,2021-11-19 11:11:23,516520,50.09886837005615
2573,2021-11-19 11:11:45,516520,53.042224645614624
2574,2021-11-19 12:11:05,516520,49.58182168006897
2575,2021-11-19 12:11:48,516520,54.36925768852234
2576,2021-11-19 06:11:33,516521,51.18855571746826
2577,2021-11-19 06:11:58,516521,49.98087954521179
2578,2021-11-19 08:11:11,516521,53.94667196273804
2579,2021-11-19 08:11:27,516521,52.391777753829956
2580,2021-11-19 08:11:30,516521,50.14466142654419
2581,2021-11-19 10:11:37,516521,50.03208374977112
2582,2021-11-19 11:11:28,516521,51.49405336380005
2583,2021-11-19 11:11:43,516521,52.03886818885803
2584,2021-11-19 12:11:56,516521,51.62156295776367
2585,2021-11-20 02:11:11,516521,55.130175828933716
2586,2021-11-20 02:11:22,516521,54.019222021102905
2587,2021-11-20 03:11:23,516521,49.239375829696655
2588,2021-11-20 03:11:37,516521,50.997557163238525
2589,2021-11-20 04:11:31,516521,52.83317685127258
2590,2021-11-20 05:11:05,516521,51.41778516769409
2591,2021-11-20 05:11:15,516521,54.98032736778259
2592,2021-11-20 06:11:04,516521,50.71643090248108
2593,2021-11-20 12:11:01,516521,49.32115292549133
2594,2021-11-20 05:11:32,516523,50.461655616760254
2595,2021-11-20 05:11:34,516525,49.92263960838318
2596,2021-11-20 05:11:35,516525,51.67691731452942
2597,2021-11-20 06:11:23,516525,51.22876048088074
2598,2021-11-19 09:11:28,516527,50.5316903591156
2599,2021-11-20 05:11:04,516527,50.61471366882324
2600,2021-11-20 06:11:52,516528,53.261130571365356
2601,2021-11-20 07:11:55,516529,51.957693338394165
2602,2021-11-20 08:11:28,516529,55.47000789642334
2603,2021-11-20 08:11:59,516529,50.06023097038269
2604,2021-11-20 09:11:14,516529,50.30830216407776
2605,2021-11-20 10:11:11,516529,49.419949531555176
2606,2021-11-20 10:11:40,516529,52.07862591743469
2607,2021-11-20 07:11:45,516530,52.64125347137451
2608,2021-11-20 01:11:32,516532,54.04159712791443
2609,2021-11-20 08:11:30,516533,50.260796785354614
2610,2021-11-20 08:11:42,516533,51.04097771644592
2611,2021-11-20 10:11:11,516533,49.226659059524536
2612,2021-11-20 08:11:46,516534,50.01534295082092
2613,2021-11-20 08:11:46,516538,50.4820237159729
2614,2021-11-20 01:11:19,516541,49.59670329093933
2615,2021-11-20 12:11:01,516541,49.725555658340454
2616,2021-11-20 11:11:57,516547,51.7022488117218
2617,2021-11-21 02:11:10,516550,51.71117091178894
2618,2021-11-21 04:11:23,516550,51.321664333343506
2619,2021-11-21 01:11:51,516551,50.46401906013489
2620,2021-11-21 02:11:39,516551,53.50724983215332
2621,2021-11-21 02:11:45,516551,50.207716941833496
2622,2021-11-21 09:11:01,516556,53.18387746810913
2623,2021-11-22 01:11:17,516556,53.84447002410889
2624,2021-11-22 01:11:49,516556,54.19411301612854
2625,2021-11-22 01:11:51,516556,53.537567377090454
2626,2021-11-22 02:11:43,516556,48.29440641403198
2627,2021-11-22 06:11:31,516556,54.975809812545776
2628,2021-11-22 06:11:42,516556,50.40379452705383
2629,2021-11-22 07:11:16,516556,52.10841965675354
2630,2021-11-22 08:11:40,516556,49.41786789894104
2631,2021-11-22 08:11:58,516556,53.99467921257019
2632,2021-11-22 07:11:28,516557,51.111945390701294
2633,2021-11-22 07:11:54,516557,54.98068356513977
2634,2021-11-22 08:11:22,516558,49.60327625274658
2635,2021-11-22 08:11:32,516558,51.96839904785156
2636,2021-11-22 09:11:39,516558,51.49868631362915
2637,2021-11-22 11:11:59,516558,54.01055431365967
2638,2021-11-22 03:11:15,516559,49.33041596412659
2639,2021-11-22 12:11:55,516559,50.002650022506714
2640,2021-11-22 05:11:12,516561,49.866556882858276
2641,2021-11-22 05:11:44,516562,51.70026397705078
2642,2021-11-22 05:11:51,516562,48.87666344642639
2643,2021-11-22 05:11:52,516562,49.581504821777344
2644,2021-11-22 08:11:36,516562,48.04276156425476
2645,2021-11-22 07:11:27,516564,50.731730699539185
2646,2021-11-22 07:11:58,516564,51.54269313812256
2647,2021-11-22 07:11:33,516565,50.09051275253296
2648,2021-11-22 07:11:38,516565,50.214396476745605
2649,2021-11-22 08:11:55,516567,51.452370405197144
2650,2021-11-22 08:11:59,516567,49.899728775024414
2651,2021-11-22 07:11:54,516569,50.21741461753845
2652,2021-11-22 10:11:01,516569,50.03692984580994
2653,2021-11-22 10:11:24,516569,50.22651290893555
2654,2021-11-22 10:11:54,516570,54.26384472846985
2655,2021-11-22 11:11:32,516571,50.577500104904175
2656,2021-11-22 11:11:36,516571,50.119893074035645
2657,2021-11-22 11:11:51,516571,50.409578800201416
2658,2021-11-22 09:11:26,516572,49.9102668762207
2659,2021-11-23 01:11:17,516573,49.66355037689209
2660,2021-11-23 12:11:23,516573,54.60862946510315
2661,2021-11-23 01:11:04,516574,50.86672067642212
2662,2021-11-23 01:11:26,516575,49.69875478744507
2663,2021-11-23 01:11:10,516576,49.91949200630188
2664,2021-11-23 03:11:35,516578,54.69264459609985
2665,2021-11-23 05:11:04,516578,50.81477117538452
2666,2021-11-23 06:11:14,516578,50.70258045196533
2667,2021-11-23 05:11:01,516579,50.01128578186035
2668,2021-11-23 05:11:21,516579,54.50337600708008
2669,2021-11-23 05:11:40,516579,50.54412388801575
2670,2021-11-23 06:11:12,516579,50.12886714935303
2671,2021-11-23 06:11:25,516579,49.90054225921631
2672,2021-11-23 07:11:52,516579,49.30614638328552
2673,2021-11-23 09:11:47,516582,50.1956901550293
2674,2021-11-23 01:11:16,516583,55.06255388259888
2675,2021-11-23 02:11:51,516583,53.62359261512756
2676,2021-11-23 09:11:39,516583,53.378737926483154
2677,2021-11-23 10:11:05,516583,54.99670648574829
2678,2021-11-23 10:11:06,516583,54.38646936416626
2679,2021-11-23 10:11:50,516583,49.98140597343445
2680,2021-11-23 10:11:54,516583,50.2077054977417
2681,2021-11-23 11:11:30,516583,50.167847633361816
2682,2021-11-23 12:11:55,516583,48.75312113761902
2683,2021-11-23 01:11:00,516585,54.97499704360962
2684,2021-11-23 01:11:29,516585,55.15156364440918
2685,2021-11-23 02:11:13,516585,50.76282858848572
2686,2021-11-23 02:11:37,516585,48.80112051963806
2687,2021-11-23 01:11:22,516586,51.6494414806366
2688,2021-11-23 02:11:13,516586,50.0493848323822
2689,2021-11-23 04:11:50,516588,50.47723126411438
2690,2021-11-23 04:11:04,516589,51.06012988090515
2691,2021-11-23 05:11:47,516590,50.4722900390625
2692,2021-11-23 06:11:37,516592,50.759066581726074
2693,2021-11-23 07:11:16,516593,50.715999603271484
2694,2021-11-23 08:11:34,516593,49.78730082511902
2695,2021-11-23 10:11:44,516593,50.104625940322876
2696,2021-11-23 08:11:53,516594,51.24511671066284
2697,2021-11-23 10:11:14,516594,53.0383186340332
2698,2021-11-23 11:11:35,516596,49.79176998138428
2699,2021-11-23 10:11:36,516598,51.28862929344177
2700,2021-11-24 02:11:36,516604,50.50887870788574
2701,2021-11-24 05:11:11,516605,51.736722230911255
2702,2021-11-24 05:11:18,516605,50.15317106246948
2703,2021-11-24 05:11:50,516605,50.2413866519928
2704,2021-11-24 06:11:00,516606,54.78807711601257
2705,2021-11-24 06:11:00,516606,51.55889654159546
2706,2021-11-24 06:11:30,516606,50.51889753341675
2707,2021-11-24 07:11:17,516606,48.97278833389282
2708,2021-11-24 08:11:47,516608,50.30152344703674
2709,2021-11-24 01:11:10,516609,50.293338775634766
2710,2021-11-24 02:11:06,516609,50.98810911178589
2711,2021-11-24 02:11:33,516609,51.140705823898315
2712,2021-11-24 02:11:37,516609,54.03887057304382
2713,2021-11-24 02:11:56,516609,51.29877948760986
2714,2021-11-24 09:11:08,516609,50.62822198867798
2715,2021-11-24 10:11:01,516609,51.36039876937866
2716,2021-11-24 10:11:15,516609,50.10693979263306
2717,2021-11-24 10:11:28,516609,52.221452474594116
2718,2021-11-24 11:11:34,516609,52.47193908691406
2719,2021-11-24 11:11:38,516609,53.17445969581604
2720,2021-11-24 12:11:10,516609,54.01676106452942
2721,2021-11-24 12:11:40,516609,50.80260372161865
2722,2021-11-24 02:11:52,516610,50.322957038879395
2723,2021-11-24 02:11:54,516610,51.87379765510559
2724,2021-11-24 03:11:08,516611,50.28127908706665
2725,2021-11-24 03:11:53,516611,51.988577365875244
2726,2021-11-24 05:11:22,516611,50.33586096763611
2727,2021-11-24 06:11:16,516612,50.921852111816406
2728,2021-11-24 04:11:34,516613,50.748592376708984
2729,2021-11-24 06:11:50,516613,51.410762548446655
2730,2021-11-24 06:11:54,516613,54.73531174659729
2731,2021-11-24 08:11:11,516613,49.575090408325195
2732,2021-11-24 06:11:09,516615,54.80554127693176
2733,2021-11-24 09:11:04,516615,54.345274448394775
2734,2021-11-24 08:11:34,516616,53.927523612976074
2735,2021-11-24 09:11:25,516617,55.28923583030701
2736,2021-11-24 09:11:07,516618,55.559203147888184
2737,2021-11-24 10:11:59,516618,53.6460645198822
2738,2021-11-24 11:11:05,516618,51.20131492614746
2739,2021-11-24 10:11:29,516619,50.53839659690857
2740,2021-11-24 11:11:19,516619,54.46218514442444
2741,2021-11-25 12:11:39,516619,49.341596603393555
2742,2021-11-24 11:11:28,516620,54.619966983795166
2743,2021-11-24 11:11:43,516620,53.33389329910278
2744,2021-11-25 02:11:33,516624,51.32081055641174
2745,2021-11-25 05:11:04,516628,49.827030420303345
2746,2021-11-25 06:11:31,516628,50.66061305999756
2747,2021-11-25 02:11:46,516630,50.19811201095581
2748,2021-11-25 07:11:13,516630,51.92995643615723
2749,2021-11-25 10:11:43,516630,51.14977216720581
2750,2021-11-25 12:11:02,516630,52.453810930252075
2751,2021-11-25 12:11:24,516630,50.09410095214844
2752,2021-11-25 12:11:44,516630,53.64163517951965
2753,2021-11-25 01:11:12,516632,51.434067726135254
2754,2021-11-25 01:11:16,516632,50.75347566604614
2755,2021-11-25 01:11:21,516632,49.53708362579346
2756,2021-11-25 01:11:30,516632,51.582257986068726
2757,2021-11-25 01:11:45,516632,51.43549180030823
2758,2021-11-25 02:11:17,516632,54.91891121864319
2759,2021-11-25 02:11:29,516632,50.12875175476074
2760,2021-11-25 03:11:52,516632,49.175254344940186
2761,2021-11-25 12:11:29,516632,50.522799253463745
2762,2021-11-25 12:11:48,516632,50.97556710243225
2763,2021-11-25 03:11:35,516633,54.468106746673584
2764,2021-11-25 04:11:06,516633,52.8363573551178
2765,2021-11-25 03:11:18,516634,54.38929080963135
2766,2021-11-25 05:11:05,516634,50.26197338104248
2767,2021-11-25 04:11:08,516635,51.22962665557861
2768,2021-11-25 05:11:16,516635,51.82056260108948
2769,2021-11-25 06:11:29,516638,51.71252202987671
2770,2021-11-25 06:11:46,516638,51.25127959251404
2771,2021-11-25 07:11:30,516638,50.70142126083374
2772,2021-11-25 08:11:16,516640,50.39794397354126
2773,2021-11-25 08:11:42,516641,50.59601330757141
2774,2021-11-25 10:11:21,516641,49.99119710922241
2775,2021-11-25 11:11:29,516641,50.88863396644592
2776,2021-11-28 06:11:58,516641,49.548792123794556
2777,2021-11-26 02:11:53,516642,51.31294631958008
2778,2021-11-26 12:11:40,516642,51.9890820980072
2779,2021-11-26 05:11:40,516645,50.06002712249756
2780,2021-11-26 05:11:50,516645,50.12592124938965
2781,2021-11-26 06:11:56,516645,53.91319966316223
2782,2021-11-26 07:11:26,516648,51.669902086257935
2783,2021-11-26 07:11:50,516648,50.42538499832153
2784,2021-11-26 07:11:20,516649,49.71834635734558
2785,2021-11-26 09:11:34,516651,50.12210750579834
2786,2021-11-26 10:11:42,516651,50.02738857269287
2787,2021-11-26 10:11:42,516652,49.64351153373718
2788,2021-11-26 11:11:33,516652,49.34376120567322
2789,2021-11-26 11:11:42,516652,51.382944107055664
2790,2021-11-26 12:11:11,516652,52.37832736968994
2791,2021-11-26 12:11:18,516652,50.64550161361694
2792,2021-11-26 12:11:22,516652,49.707205057144165
2793,2021-11-26 12:11:27,516652,50.3866081237793
2794,2021-11-26 12:11:58,516652,50.61641049385071
2795,2021-11-26 01:11:24,516653,53.51294136047363
2796,2021-11-26 01:11:42,516653,53.076226234436035
2797,2021-11-26 01:11:44,516653,49.28265571594238
2798,2021-11-26 02:11:17,516653,49.91639685630798
2799,2021-11-26 02:11:37,516653,49.69283103942871
2800,2021-11-26 03:11:11,516653,50.584529638290405
2801,2021-11-26 03:11:23,516653,55.18917751312256
2802,2021-11-26 04:11:06,516653,49.539496421813965
2803,2021-11-26 03:11:04,516654,50.869086265563965
2804,2021-11-26 03:11:30,516654,49.053725719451904
2805,2021-11-26 05:11:50,516654,51.149112701416016
2806,2021-11-26 04:11:05,516655,50.02738046646118
2807,2021-11-26 04:11:47,516658,50.44765901565552
2808,2021-11-26 05:11:27,516658,49.7873113155365
2809,2021-11-26 05:11:30,516658,50.28752374649048
2810,2021-11-26 06:11:38,516658,51.18399524688721
2811,2021-11-26 08:11:02,516663,51.39569401741028
2812,2021-11-26 09:11:28,516664,50.67160773277283
2813,2021-11-26 11:11:58,516664,51.17127752304077
2814,2021-11-26 11:11:38,516666,55.76223707199097
2815,2021-11-27 02:11:36,516666,54.91028952598572
2816,2021-11-27 03:11:32,516666,51.073707580566406
2817,2021-11-27 03:11:56,516666,52.49398922920227
2818,2021-11-27 01:11:21,516669,49.44617748260498
2819,2021-11-27 02:11:03,516670,49.82821989059448
2820,2021-11-27 03:11:35,516671,51.34458661079407
2821,2021-11-27 04:11:20,516671,51.263694524765015
2822,2021-11-27 04:11:43,516671,49.4637188911438
2823,2021-11-27 05:11:52,516671,50.204930543899536
2824,2021-11-28 01:11:00,516676,55.06806969642639
2825,2021-11-28 01:11:49,516676,54.772809982299805
2826,2021-11-28 03:11:42,516676,53.69664788246155
2827,2021-11-29 08:11:55,516682,50.85995149612427
2828,2021-11-29 12:11:29,516682,50.458059787750244
2829,2021-11-30 04:11:55,516682,49.83324193954468
2830,2021-11-29 01:11:23,516683,54.45137548446655
2831,2021-11-29 01:11:54,516684,50.99679517745972
2832,2021-11-29 03:11:21,516684,49.07305693626404
2833,2021-11-29 01:11:43,516685,50.37988591194153
2834,2021-11-29 03:11:28,516685,52.38690137863159
2835,2021-11-29 03:11:41,516685,50.123048543930054
2836,2021-11-29 04:11:01,516685,49.885937213897705
2837,2021-11-29 04:11:15,516685,49.9230010509491
2838,2021-11-29 04:11:34,516685,49.99375534057617
2839,2021-11-29 04:11:47,516685,51.063594341278076
2840,2021-11-29 05:11:35,516685,52.18938064575195
2841,2021-11-29 05:11:38,516685,49.72745490074158
2842,2021-11-29 06:11:39,516685,54.310117959976196
2843,2021-11-29 07:11:24,516685,50.96903967857361
2844,2021-11-29 07:11:26,516685,53.50200963020325
2845,2021-11-29 09:11:55,516685,50.36787986755371
2846,2021-11-29 10:11:25,516687,54.09720802307129
2847,2021-11-29 10:11:33,516687,49.85378170013428
2848,2021-11-30 12:11:50,516688,51.887784481048584
2849,2021-11-30 12:11:56,516688,51.11720848083496
2850,2021-11-30 01:11:12,516689,51.5896954536438
2851,2021-11-30 05:11:01,516690,55.03667950630188
2852,2021-11-30 05:11:37,516690,50.180076360702515
2853,2021-11-30 05:11:40,516690,50.497703552246094
2854,2021-11-30 06:11:58,516690,53.32163667678833
2855,2021-11-30 06:11:22,516691,49.678234577178955
2856,2021-11-30 08:11:26,516692,49.83179783821106
2857,2021-11-30 10:11:03,516692,50.48768472671509
2858,2021-11-30 11:11:04,516693,55.83533310890198
2859,2021-11-30 12:11:30,516693,53.524038314819336
2860,2021-11-30 01:11:06,516697,53.41956377029419
2861,2021-11-30 01:11:12,516697,54.563230752944946
2862,2021-11-30 01:11:15,516697,50.23546361923218
2863,2021-11-30 01:11:58,516697,52.85124444961548
2864,2021-11-30 02:11:44,516697,50.16113638877869
2865,2021-11-30 12:11:09,516697,50.31500244140625
2866,2021-11-30 04:11:40,516700,50.084165811538696
2867,2021-11-30 09:11:29,516701,50.64982581138611
2868,2021-12-01 05:12:09,516701,50.62182140350342
2869,2021-11-30 11:11:53,516706,51.33472180366516
2870,2021-12-01 02:12:29,516710,53.72819137573242
2871,2021-12-01 02:12:56,516710,51.963815212249756
2872,2021-12-01 06:12:40,516710,49.338720083236694
2873,2021-12-01 01:12:29,516713,53.396703481674194
2874,2021-12-01 01:12:41,516713,54.98523235321045
2875,2021-12-01 02:12:42,516713,52.39535355567932
2876,2021-12-01 03:12:41,516713,51.56109309196472
2877,2021-12-01 06:12:48,516713,50.98904204368591
2878,2021-12-01 07:12:10,516713,51.48355031013489
2879,2021-12-01 07:12:44,516713,50.65844702720642
2880,2021-12-01 07:12:56,516713,54.57765746116638
2881,2021-12-01 08:12:34,516713,50.42911505699158
2882,2021-12-01 10:12:09,516713,52.364458084106445
2883,2021-12-01 11:12:51,516713,51.98338723182678
2884,2021-12-01 12:12:22,516713,54.713181495666504
2885,2021-12-02 04:12:32,516713,50.00873637199402
2886,2021-12-01 03:12:46,516714,55.24661922454834
2887,2021-12-01 09:12:52,516714,50.42557072639465
2888,2021-12-01 10:12:10,516714,54.2054717540741
2889,2021-12-01 10:12:34,516714,54.92640948295593
2890,2021-12-01 11:12:06,516714,50.090723752975464
2891,2021-12-01 11:12:06,516714,50.84951114654541
2892,2021-12-02 12:12:41,516714,51.79290795326233
2893,2021-12-01 11:12:24,516715,52.1895694732666
2894,2021-12-01 11:12:37,516715,49.85028600692749
2895,2021-12-02 01:12:12,516716,51.06453466415405
2896,2021-12-02 12:12:05,516716,54.00608015060425
2897,2021-12-02 12:12:19,516716,53.236379623413086
2898,2021-12-02 01:12:02,516719,51.70685648918152
2899,2021-12-02 01:12:56,516719,51.85685420036316
2900,2021-12-02 02:12:42,516719,54.0637149810791
2901,2021-12-02 03:12:20,516719,49.23885893821716
2902,2021-12-02 04:12:32,516719,50.71197700500488
2903,2021-12-02 05:12:35,516723,51.257590770721436
2904,2021-12-02 07:12:10,516725,55.531065702438354
2905,2021-12-02 07:12:33,516725,53.13910126686096
2906,2021-12-02 09:12:05,516725,50.38540697097778
2907,2021-12-02 08:12:19,516727,52.97901153564453
2908,2021-12-02 08:12:38,516727,51.106812953948975
2909,2021-12-02 10:12:03,516727,51.12482810020447
2910,2021-12-02 10:12:06,516727,51.673869132995605
2911,2021-12-02 11:12:42,516727,50.96735334396362
2912,2021-12-02 11:12:48,516727,50.06835579872131
2913,2021-12-02 11:12:49,516727,51.345598220825195
2914,2021-12-02 01:12:33,516728,54.69013786315918
2915,2021-12-02 02:12:28,516728,54.82959294319153
2916,2021-12-02 11:12:16,516728,50.322052240371704
2917,2021-12-02 11:12:48,516728,50.93198347091675
2918,2021-12-02 12:12:02,516728,50.426031827926636
2919,2021-12-02 12:12:06,516728,54.95227360725403
2920,2021-12-02 12:12:33,516728,51.07743787765503
2921,2021-12-02 12:12:35,516728,53.448426723480225
2922,2021-12-02 03:12:43,516729,50.372464179992676
2923,2021-12-02 03:12:37,516731,51.348395109176636
2924,2021-12-02 03:12:43,516732,52.68225121498108
2925,2021-12-02 05:12:08,516734,50.024696350097656
2926,2021-12-02 05:12:15,516735,51.66069316864014
2927,2021-12-02 07:12:17,516736,50.836883544921875
2928,2021-12-02 07:12:18,516737,50.570271253585815
2929,2021-12-02 07:12:38,516737,51.74167490005493
2930,2021-12-02 10:12:29,516737,54.47469186782837
2931,2021-12-02 07:12:52,516739,54.47282385826111
2932,2021-12-02 08:12:42,516739,54.764527320861816
2933,2021-12-02 08:12:52,516739,52.02632164955139
2934,2021-12-02 11:12:03,516739,52.29045391082764
2935,2021-12-02 11:12:11,516739,51.142436265945435
2936,2021-12-02 11:12:28,516740,51.110814332962036
2937,2021-12-03 12:12:10,516742,54.13660740852356
2938,2021-12-03 12:12:30,516742,50.27581071853638
2939,2021-12-03 01:12:18,516743,50.492756843566895
2940,2021-12-03 02:12:18,516749,55.13321566581726
2941,2021-12-03 05:12:05,516754,51.439887046813965
2942,2021-12-03 05:12:08,516754,51.87189793586731
2943,2021-12-03 06:12:14,516755,51.61983251571655
2944,2021-12-03 06:12:58,516755,49.79959058761597
2945,2021-12-03 06:12:11,516756,54.10385203361511
2946,2021-12-03 07:12:02,516756,50.74500322341919
2947,2021-12-03 07:12:21,516756,51.125091314315796
2948,2021-12-03 09:12:12,516760,51.607701539993286
2949,2021-12-03 01:12:07,516761,55.45081067085266
2950,2021-12-03 03:12:26,516761,50.34918427467346
2951,2021-12-03 10:12:07,516761,50.125022411346436
2952,2021-12-03 11:12:11,516761,53.05245852470398
2953,2021-12-03 11:12:26,516761,50.48872113227844
2954,2021-12-03 11:12:42,516761,52.881473779678345
2955,2021-12-03 12:12:19,516761,51.288612365722656
2956,2021-12-03 12:12:26,516761,55.03851795196533
2957,2021-12-03 12:12:28,516761,50.38241791725159
2958,2021-12-03 04:12:34,516763,55.20265746116638
2959,2021-12-03 04:12:57,516763,54.20601797103882
2960,2021-12-03 05:12:01,516763,49.716408014297485
2961,2021-12-03 06:12:41,516763,49.49483871459961
2962,2021-12-03 05:12:18,516765,50.57289505004883
2963,2021-12-03 05:12:53,516765,50.0399751663208
2964,2021-12-03 07:12:42,516769,51.19408965110779
2965,2021-12-03 08:12:09,516769,51.09623980522156
2966,2021-12-03 11:12:15,516770,54.41197395324707
2967,2021-12-03 11:12:34,516770,52.77558636665344
2968,2021-12-03 11:12:02,516771,53.9716157913208
2969,2021-12-04 01:12:44,516771,50.54290413856506
2970,2021-12-04 12:12:22,516771,52.53234910964966
2971,2021-12-04 01:12:02,516772,55.41550087928772
2972,2021-12-04 02:12:42,516772,50.11630129814148
2973,2021-12-04 02:12:45,516772,54.849838733673096
2974,2021-12-04 12:12:41,516772,55.08609580993652
2975,2021-12-04 12:12:07,516775,50.762428283691406
2976,2021-12-04 01:12:47,516778,55.25246238708496
2977,2021-12-04 01:12:53,516778,50.41840648651123
2978,2021-12-04 01:12:48,516779,50.533376932144165
2979,2021-12-04 02:12:17,516780,54.93092060089111
2980,2021-12-04 02:12:36,516780,51.013341188430786
2981,2021-12-04 03:12:16,516780,54.183801889419556
2982,2021-12-04 04:12:00,516781,51.66405177116394
2983,2021-12-04 06:12:26,516781,54.142189502716064
2984,2021-12-04 06:12:45,516781,50.528539180755615
2985,2021-12-04 08:12:18,516781,51.10754656791687
2986,2021-12-05 03:12:53,516791,50.96914553642273
2987,2021-12-05 04:12:09,516791,52.47784924507141
2988,2021-12-05 06:12:05,516791,50.46002507209778
2989,2021-12-06 03:12:01,516794,54.6923508644104
2990,2021-12-06 04:12:09,516795,51.286113023757935
2991,2021-12-06 05:12:08,516796,50.151551961898804
2992,2021-12-06 09:12:00,516796,51.958460330963135
2993,2021-12-06 11:12:46,516796,54.945192098617554
2994,2021-12-06 03:12:14,516797,53.62141036987305
2995,2021-12-06 03:12:18,516797,50.238969564437866
2996,2021-12-06 03:12:24,516797,49.59712767601013
2997,2021-12-06 03:12:47,516797,50.38788104057312
2998,2021-12-06 05:12:32,516797,50.474061489105225
2999,2021-12-06 04:12:17,516798,53.27586579322815
3000,2021-12-06 04:12:29,516798,54.481173276901245
3001,2021-12-06 04:12:40,516798,54.53139591217041
3002,2021-12-06 04:12:45,516798,53.90731859207153
3003,2021-12-06 05:12:02,516798,50.35968852043152
3004,2021-12-06 05:12:33,516798,49.881967306137085
3005,2021-12-06 05:12:38,516798,50.74766397476196
3006,2021-12-06 05:12:49,516798,50.79153871536255
3007,2021-12-06 06:12:02,516798,52.52869176864624
3008,2021-12-06 06:12:43,516798,50.967275857925415
3009,2021-12-06 06:12:51,516798,52.4263961315155
3010,2021-12-06 07:12:53,516798,49.23402810096741
3011,2021-12-06 08:12:08,516800,54.421021699905396
3012,2021-12-06 08:12:36,516800,51.13047909736633
3013,2021-12-06 10:12:14,516800,51.63038158416748
3014,2021-12-06 10:12:38,516800,50.589110136032104
3015,2021-12-06 10:12:39,516800,51.40934777259827
3016,2021-12-06 10:12:47,516800,51.505210638046265
3017,2021-12-06 10:12:56,516800,52.31119465827942
3018,2021-12-06 11:12:51,516800,52.31273174285889
3019,2021-12-07 12:12:18,516800,49.54211163520813
3020,2021-12-07 01:12:12,516804,49.08983302116394
3021,2021-12-07 12:12:52,516804,50.28185701370239
3022,2021-12-07 12:12:11,516805,50.55624341964722
3023,2021-12-07 12:12:33,516805,54.46351337432861
3024,2021-12-07 02:12:41,516806,51.008464336395264
3025,2021-12-07 05:12:38,516810,54.664528369903564
3026,2021-12-07 06:12:40,516811,54.419325828552246
3027,2021-12-07 07:12:51,516811,55.49728536605835
3028,2021-12-07 08:12:12,516811,53.56714129447937
3029,2021-12-07 09:12:46,516811,50.870317459106445
3030,2021-12-07 09:12:59,516815,51.29021906852722
3031,2021-12-07 10:12:03,516818,50.4154999256134
3032,2021-12-07 10:12:22,516818,50.94553565979004
3033,2021-12-07 12:12:46,516821,50.353965759277344
3034,2021-12-07 02:12:38,516823,51.48770523071289
3035,2021-12-07 03:12:05,516825,51.23867321014404
3036,2021-12-07 04:12:19,516825,50.49784755706787
3037,2021-12-07 05:12:13,516825,51.48234009742737
3038,2021-12-07 05:12:52,516825,53.55938410758972
3039,2021-12-07 06:12:58,516825,51.209595680236816
3040,2021-12-07 08:12:13,516825,51.37418723106384
3041,2021-12-07 08:12:22,516825,50.33256483078003
3042,2021-12-07 09:12:33,516825,50.62458539009094
3043,2021-12-07 09:12:52,516825,50.09769821166992
3044,2021-12-07 09:12:57,516825,51.32973289489746
3045,2021-12-07 10:12:32,516825,50.662928342819214
3046,2021-12-07 10:12:41,516825,53.8429274559021
3047,2021-12-07 10:12:47,516825,53.97312331199646
3048,2021-12-07 10:12:54,516825,51.93393635749817
3049,2021-12-07 11:12:05,516825,52.559861183166504
3050,2021-12-07 11:12:09,516825,51.42262601852417
3051,2021-12-07 11:12:22,516825,49.166982889175415
3052,2021-12-07 11:12:00,516826,50.20193576812744
3053,2021-12-07 11:12:07,516826,50.27031588554382
3054,2021-12-08 01:12:47,516828,54.47231101989746
3055,2021-12-08 03:12:27,516828,49.887683391571045
3056,2021-12-08 04:12:04,516829,51.353901624679565
3057,2021-12-08 06:12:00,516829,51.72562503814697
3058,2021-12-08 07:12:38,516829,50.29241895675659
3059,2021-12-08 06:12:32,516830,50.312604665756226
3060,2021-12-08 06:12:32,516830,50.98221731185913
3061,2021-12-08 07:12:00,516830,50.23222064971924
3062,2021-12-08 07:12:24,516830,53.119903564453125
3063,2021-12-08 07:12:49,516830,55.06547474861145
3064,2021-12-08 08:12:45,516830,49.00811266899109
3065,2021-12-08 09:12:05,516830,52.68013048171997
3066,2021-12-08 09:12:07,516830,53.29937124252319
3067,2021-12-08 09:12:11,516832,54.91935205459595
3068,2021-12-08 10:12:18,516832,52.734920024871826
3069,2021-12-08 01:12:09,516833,55.28095030784607
3070,2021-12-08 02:12:36,516833,51.13164401054382
3071,2021-12-08 11:12:49,516833,53.224411487579346
3072,2021-12-08 12:12:19,516833,52.29159498214722
3073,2021-12-08 12:12:43,516833,53.243016481399536
3074,2021-12-08 12:12:52,516833,50.660534381866455
3075,2021-12-08 01:12:14,516834,52.466811418533325
3076,2021-12-08 01:12:44,516834,50.7109911441803
3077,2021-12-08 01:12:53,516834,53.35668444633484
3078,2021-12-08 03:12:17,516834,50.897141218185425
3079,2021-12-08 02:12:30,516835,50.401023626327515
3080,2021-12-08 04:12:17,516838,50.57366585731506
3081,2021-12-08 04:12:29,516838,49.967312812805176
3082,2021-12-08 05:12:51,516838,50.440457582473755
3083,2021-12-08 04:12:28,516839,50.38655638694763
3084,2021-12-08 05:12:57,516840,50.251824140548706
3085,2021-12-08 06:12:02,516841,53.26471281051636
3086,2021-12-08 06:12:44,516841,50.52548861503601
3087,2021-12-08 08:12:26,516841,51.03806829452515
3088,2021-12-08 08:12:28,516843,49.894599199295044
3089,2021-12-08 08:12:53,516844,49.646422386169434
3090,2021-12-08 09:12:35,516846,55.33882021903992
3091,2021-12-08 11:12:55,516846,53.39820098876953
3092,2021-12-09 12:12:06,516846,50.90865969657898
3093,2021-12-09 12:12:48,516846,49.975565671920776
3094,2021-12-08 10:12:46,516849,55.81834626197815
3095,2021-12-08 11:12:03,516849,50.53919553756714
3096,2021-12-09 01:12:16,516849,52.51681184768677
3097,2021-12-09 01:12:45,516849,49.51695394515991
3098,2021-12-09 01:12:56,516849,49.623838901519775
3099,2021-12-09 12:12:46,516851,51.74349355697632
3100,2021-12-09 01:12:08,516854,51.716007709503174
3101,2021-12-09 03:12:26,516856,52.146625995635986
3102,2021-12-09 06:12:26,516859,51.0223331451416
3103,2021-12-09 05:12:16,516860,50.79996109008789
3104,2021-12-09 05:12:24,516860,52.04783868789673
3105,2021-12-09 06:12:01,516861,50.40279293060303
3106,2021-12-09 06:12:07,516861,51.78490090370178
3107,2021-12-09 06:12:32,516861,51.26451301574707
3108,2021-12-09 01:12:24,516864,51.1889066696167
3109,2021-12-09 01:12:33,516864,50.19384026527405
3110,2021-12-09 01:12:48,516864,53.47287702560425
3111,2021-12-09 01:12:58,516864,55.60481119155884
3112,2021-12-09 02:12:38,516864,50.256001472473145
3113,2021-12-09 03:12:07,516864,55.30047631263733
3114,2021-12-09 03:12:22,516864,54.27091693878174
3115,2021-12-09 03:12:41,516864,49.03504967689514
3116,2021-12-09 08:12:46,516864,51.12951397895813
3117,2021-12-09 08:12:48,516864,51.21446371078491
3118,2021-12-09 09:12:46,516864,51.489354372024536
3119,2021-12-09 09:12:55,516864,52.14724349975586
3120,2021-12-09 10:12:52,516864,53.855034828186035
3121,2021-12-09 11:12:12,516864,55.41509771347046
3122,2021-12-09 11:12:57,516864,50.63345813751221
3123,2021-12-09 12:12:16,516864,52.82537794113159
3124,2021-12-09 12:12:47,516864,50.77074861526489
3125,2021-12-09 02:12:09,516865,50.67502403259277
3126,2021-12-09 02:12:14,516865,50.80050539970398
3127,2021-12-09 02:12:45,516865,50.774712562561035
3128,2021-12-09 02:12:56,516866,50.81477165222168
3129,2021-12-09 03:12:19,516867,50.29135704040527
3130,2021-12-09 03:12:51,516867,50.0931351184845
3131,2021-12-09 04:12:14,516869,51.33317232131958
3132,2021-12-09 04:12:39,516869,53.77997541427612
3133,2021-12-09 04:12:56,516869,54.448368310928345
3134,2021-12-09 05:12:12,516869,48.91235136985779
3135,2021-12-09 05:12:14,516871,50.01868295669556
3136,2021-12-09 06:12:30,516871,52.61054086685181
3137,2021-12-09 06:12:53,516871,51.42067360877991
3138,2021-12-09 06:12:43,516872,50.32406735420227
3139,2021-12-09 10:12:00,516877,50.395816802978516
3140,2021-12-09 10:12:48,516878,54.52081823348999
3141,2021-12-10 01:12:58,516880,49.875832319259644
3142,2021-12-10 04:12:41,516883,51.04752254486084
3143,2021-12-10 05:12:01,516883,50.298086166381836
3144,2021-12-10 05:12:54,516883,49.70342254638672
3145,2021-12-10 08:12:08,516883,51.13634395599365
3146,2021-12-10 10:12:40,516883,51.201225996017456
3147,2021-12-10 10:12:53,516883,49.87164807319641
3148,2021-12-10 10:12:56,516883,50.48159646987915
3149,2021-12-10 10:12:56,516883,50.188547134399414
3150,2021-12-10 11:12:11,516883,50.89259719848633
3151,2021-12-10 11:12:35,516884,50.777321100234985
3152,2021-12-10 12:12:06,516884,49.245627880096436
3153,2021-12-10 12:12:53,516884,50.34409141540527
3154,2021-12-10 01:12:52,516885,50.411699295043945
3155,2021-12-10 01:12:56,516885,50.63489842414856
3156,2021-12-10 02:12:03,516885,48.934585094451904
3157,2021-12-10 01:12:05,516886,50.200175762176514
3158,2021-12-10 02:12:18,516887,51.270206689834595
3159,2021-12-10 03:12:40,516887,50.59296941757202
3160,2021-12-10 03:12:02,516888,51.23259377479553
3161,2021-12-10 03:12:43,516888,50.028831005096436
3162,2021-12-10 04:12:56,516888,49.345234870910645
3163,2021-12-10 06:12:18,516892,50.81720042228699
3164,2021-12-10 06:12:45,516892,50.29730486869812
3165,2021-12-10 06:12:47,516892,51.32069206237793
3166,2021-12-10 07:12:25,516893,54.65317726135254
3167,2021-12-10 08:12:32,516893,54.078134536743164
3168,2021-12-10 08:12:14,516894,48.66594433784485
3169,2021-12-10 08:12:08,516895,50.15788960456848
3170,2021-12-10 08:12:20,516895,49.91493105888367
3171,2021-12-10 08:12:47,516895,52.04283881187439
3172,2021-12-10 09:12:40,516895,50.365007638931274
3173,2021-12-10 09:12:26,516896,50.05443334579468
3174,2021-12-10 09:12:29,516896,54.03201746940613
3175,2021-12-10 10:12:46,516896,54.06295037269592
3176,2021-12-10 10:12:36,516897,50.907235860824585
3177,2021-12-10 11:12:17,516898,49.756495237350464
3178,2021-12-10 11:12:37,516898,50.1729257106781
3179,2021-12-10 11:12:00,516900,51.19478487968445
3180,2021-12-11 12:12:22,516900,49.7881338596344
3181,2021-12-11 02:12:09,516901,50.55104684829712
3182,2021-12-11 12:12:49,516901,51.48637294769287
3183,2021-12-11 02:12:04,516902,50.11609935760498
3184,2021-12-11 11:12:01,516909,53.941887617111206
3185,2021-12-11 11:12:39,516909,51.57397246360779
3186,2021-12-12 01:12:53,516909,51.43903422355652
3187,2021-12-12 11:12:34,516909,50.801968574523926
3188,2021-12-12 12:12:33,516909,49.437899112701416
3189,2021-12-12 12:12:41,516909,55.07425045967102
3190,2021-12-12 04:12:19,516910,54.73856592178345
3191,2021-12-12 05:12:12,516910,54.95158934593201
3192,2021-12-12 05:12:48,516911,51.74890351295471
3193,2021-12-12 01:12:08,516912,51.883455753326416
3194,2021-12-12 12:12:17,516912,52.03807497024536
3195,2021-12-13 04:12:52,516914,52.01777148246765
3196,2021-12-13 05:12:45,516915,54.284006118774414
3197,2021-12-13 06:12:45,516915,51.96113729476929
3198,2021-12-13 06:12:51,516915,52.19140625
3199,2021-12-13 06:12:55,516915,51.74510431289673
3200,2021-12-13 06:12:57,516915,50.172470569610596
3201,2021-12-13 01:12:08,516916,51.34819746017456
3202,2021-12-13 01:12:42,516916,50.51284456253052
3203,2021-12-13 01:12:59,516916,50.69459319114685
3204,2021-12-13 02:12:17,516916,49.127962827682495
3205,2021-12-13 07:12:00,516916,50.424513816833496
3206,2021-12-13 08:12:40,516916,50.75701880455017
3207,2021-12-13 09:12:38,516916,50.651113986968994
3208,2021-12-13 10:12:15,516916,53.9354612827301
3209,2021-12-13 10:12:17,516916,52.187851428985596
3210,2021-12-13 10:12:17,516916,50.733232259750366
3211,2021-12-13 10:12:46,516916,50.42216777801514
3212,2021-12-13 11:12:17,516916,51.44554662704468
3213,2021-12-13 12:12:01,516916,50.37754225730896
3214,2021-12-13 12:12:17,516916,52.68887710571289
3215,2021-12-13 12:12:46,516916,53.009997606277466
3216,2021-12-13 02:12:08,516917,54.7060809135437
3217,2021-12-13 02:12:13,516917,50.69401144981384
3218,2021-12-13 02:12:58,516917,51.821242809295654
3219,2021-12-13 03:12:09,516917,49.91095280647278
3220,2021-12-13 03:12:35,516917,51.128612995147705
3221,2021-12-13 03:12:40,516917,49.72246503829956
3222,2021-12-13 03:12:51,516917,50.40866160392761
3223,2021-12-13 04:12:39,516918,51.17884802818298
3224,2021-12-13 08:12:37,516921,49.78098392486572
3225,2021-12-13 08:12:17,516922,50.11567449569702
3226,2021-12-13 08:12:31,516922,50.38283729553223
3227,2021-12-13 08:12:56,516922,51.68203544616699
3228,2021-12-13 09:12:16,516924,50.15442991256714
3229,2021-12-13 10:12:14,516924,50.07364559173584
3230,2021-12-13 11:12:32,516925,54.18176770210266
3231,2021-12-13 11:12:26,516926,50.527336835861206
3232,2021-12-14 12:12:43,516928,49.56215000152588
3233,2021-12-14 04:12:51,516936,50.04536533355713
3234,2021-12-14 05:12:55,516936,50.65459322929382
3235,2021-12-14 06:12:13,516937,52.59780693054199
3236,2021-12-14 01:12:58,516939,49.85573148727417
3237,2021-12-14 07:12:32,516939,52.238158226013184
3238,2021-12-14 11:12:10,516939,50.826515913009644
3239,2021-12-14 11:12:22,516939,49.89024615287781
3240,2021-12-14 12:12:08,516939,50.33562922477722
3241,2021-12-14 12:12:16,516939,50.47908616065979
3242,2021-12-14 12:12:32,516939,49.67255663871765
3243,2021-12-14 12:12:47,516940,53.24817681312561
3244,2021-12-14 01:12:24,516941,51.94188141822815
3245,2021-12-14 02:12:09,516941,50.406320571899414
3246,2021-12-14 02:12:36,516941,50.56661653518677
3247,2021-12-14 04:12:41,516941,49.229878187179565
3248,2021-12-14 03:12:05,516942,54.47218990325928
3249,2021-12-14 03:12:19,516942,51.41808009147644
3250,2021-12-14 03:12:24,516942,51.14601731300354
3251,2021-12-14 03:12:26,516942,51.1385657787323
3252,2021-12-14 04:12:19,516942,54.21133303642273
3253,2021-12-14 04:12:22,516942,50.01509070396423
3254,2021-12-14 04:12:30,516942,54.91850924491882
3255,2021-12-14 04:12:15,516944,52.728703022003174
3256,2021-12-14 05:12:45,516944,50.37504315376282
3257,2021-12-14 05:12:03,516945,49.59054636955261
3258,2021-12-14 06:12:33,516946,49.9318528175354
3259,2021-12-14 09:12:43,516949,54.58281326293945
3260,2021-12-14 10:12:50,516949,52.800015687942505
3261,2021-12-14 10:12:08,516950,52.9488308429718
3262,2021-12-14 10:12:33,516950,50.67393398284912
3263,2021-12-14 10:12:03,516951,53.509588956832886
3264,2021-12-15 12:12:49,516951,49.068035364151
3265,2021-12-15 12:12:26,516954,52.54356789588928
3266,2021-12-15 04:12:38,516955,50.38359832763672
3267,2021-12-15 04:12:59,516955,50.202444314956665
3268,2021-12-15 04:12:04,516956,53.4680860042572
3269,2021-12-15 04:12:46,516956,50.613189935684204
3270,2021-12-15 04:12:49,516956,50.67929720878601
3271,2021-12-15 05:12:02,516957,54.59829664230347
3272,2021-12-15 06:12:06,516957,50.21278715133667
3273,2021-12-15 06:12:56,516957,50.1702721118927
3274,2021-12-15 09:12:10,516959,51.246422290802
3275,2021-12-15 10:12:34,516959,51.89856576919556
3276,2021-12-15 11:12:04,516959,51.74484419822693
3277,2021-12-15 11:12:18,516959,50.37958359718323
3278,2021-12-15 11:12:55,516959,50.715036153793335
3279,2021-12-15 12:12:32,516959,50.2808780670166
3280,2021-12-15 12:12:32,516959,49.6208815574646
3281,2021-12-15 12:12:46,516959,51.88176870346069
3282,2021-12-15 12:12:56,516959,51.37757730484009
3283,2021-12-15 01:12:52,516961,49.156827449798584
3284,2021-12-15 03:12:29,516964,50.2091760635376
3285,2021-12-15 03:12:54,516964,50.633174419403076
3286,2021-12-15 04:12:01,516964,53.219520568847656
3287,2021-12-15 05:12:33,516964,50.61305117607117
3288,2021-12-15 05:12:10,516965,51.42161583900452
3289,2021-12-15 05:12:56,516965,51.60792517662048
3290,2021-12-15 07:12:41,516967,51.18333053588867
3291,2021-12-15 07:12:35,516969,55.14279103279114
3292,2021-12-15 08:12:10,516969,54.879844188690186
3293,2021-12-15 09:12:21,516969,50.207279443740845
3294,2021-12-15 08:12:36,516970,53.57931303977966
3295,2021-12-15 09:12:25,516970,50.21576714515686
3296,2021-12-15 09:12:55,516970,51.492000102996826
3297,2021-12-15 11:12:13,516970,51.079142808914185
3298,2021-12-15 09:12:49,516972,49.842761516571045
3299,2021-12-15 11:12:07,516973,50.95968794822693
3300,2021-12-16 03:12:08,516975,50.76011800765991
3301,2021-12-16 04:12:14,516975,50.91649603843689
3302,2021-12-16 05:12:23,516975,50.589842796325684
3303,2021-12-16 05:12:23,516975,50.82532334327698
3304,2021-12-16 05:12:24,516976,53.28197002410889
3305,2021-12-16 09:12:47,516976,54.884934186935425
3306,2021-12-16 10:12:23,516976,50.12332463264465
3307,2021-12-16 01:12:24,516978,53.43983054161072
3308,2021-12-16 01:12:45,516978,49.32108926773071
3309,2021-12-16 01:12:55,516978,49.694034576416016
3310,2021-12-16 10:12:45,516978,49.78235960006714
3311,2021-12-16 11:12:31,516978,51.062538146972656
3312,2021-12-16 11:12:33,516978,50.58360409736633
3313,2021-12-16 11:12:38,516978,51.171022176742554
3314,2021-12-16 12:12:10,516978,54.116700172424316
3315,2021-12-16 12:12:19,516978,53.203025579452515
3316,2021-12-16 12:12:28,516978,50.23651075363159
3317,2021-12-16 12:12:51,516978,54.873311042785645
3318,2021-12-16 01:12:00,516980,54.35369563102722
3319,2021-12-16 01:12:43,516980,51.14796423912048
3320,2021-12-16 01:12:44,516980,50.638203859329224
3321,2021-12-16 02:12:08,516980,50.696266889572144
3322,2021-12-16 02:12:20,516982,51.7090904712677
3323,2021-12-16 02:12:49,516982,53.64487671852112
3324,2021-12-16 03:12:12,516982,50.70880198478699
3325,2021-12-16 04:12:20,516982,54.12206268310547
3326,2021-12-16 04:12:24,516982,49.74191498756409
3327,2021-12-16 02:12:55,516983,54.46595907211304
3328,2021-12-16 03:12:32,516983,50.14572739601135
3329,2021-12-16 03:12:45,516984,51.01268458366394
3330,2021-12-16 03:12:42,516985,51.31529498100281
3331,2021-12-16 03:12:56,516985,50.874786138534546
3332,2021-12-16 04:12:07,516986,52.16013288497925
3333,2021-12-16 05:12:19,516987,50.37006592750549
3334,2021-12-16 05:12:35,516987,54.466166257858276
3335,2021-12-16 05:12:50,516987,50.85412669181824
3336,2021-12-16 06:12:24,516987,50.51768684387207
3337,2021-12-16 06:12:53,516987,52.17804574966431
3338,2021-12-16 09:12:03,516994,54.413851499557495
3339,2021-12-16 09:12:04,516996,54.57475996017456
3340,2021-12-16 09:12:30,516996,52.39661908149719
3341,2021-12-16 11:12:51,516996,52.285096645355225
3342,2021-12-16 11:12:52,516998,52.848982095718384
3343,2021-12-17 01:12:26,517000,53.051294565200806
3344,2021-12-17 04:12:06,517001,51.3736412525177
3345,2021-12-17 04:12:24,517001,51.67969608306885
3346,2021-12-17 04:12:29,517001,53.8311243057251
3347,2021-12-17 05:12:21,517001,50.55337166786194
3348,2021-12-17 05:12:34,517001,49.05317544937134
3349,2021-12-17 05:12:39,517001,52.645402669906616
3350,2021-12-17 06:12:47,517001,49.2935745716095
3351,2021-12-17 06:12:56,517001,54.20292520523071
3352,2021-12-17 07:12:51,517001,50.18027639389038
3353,2021-12-17 08:12:24,517001,51.98715543746948
3354,2021-12-17 08:12:40,517001,51.73187232017517
3355,2021-12-17 08:12:54,517001,50.21957087516785
3356,2021-12-17 09:12:05,517001,50.042553424835205
3357,2021-12-17 10:12:00,517001,50.64789795875549
3358,2021-12-17 10:12:42,517001,50.242260694503784
3359,2021-12-17 11:12:31,517002,50.78729748725891
3360,2021-12-17 11:12:29,517003,52.39497351646423
3361,2021-12-17 11:12:54,517004,50.35687875747681
3362,2021-12-17 12:12:37,517004,51.49760293960571
3363,2021-12-17 01:12:07,517005,47.90312051773071
3364,2021-12-17 01:12:17,517005,50.030906200408936
3365,2021-12-17 01:12:51,517005,50.824249029159546
3366,2021-12-17 12:12:51,517005,54.33180356025696
3367,2021-12-17 02:12:42,517008,48.50250601768494
3368,2021-12-17 02:12:45,517008,50.67954182624817
3369,2021-12-17 02:12:49,517009,52.77339291572571
3370,2021-12-17 04:12:33,517009,50.175150871276855
3371,2021-12-17 05:12:04,517011,55.05874061584473
3372,2021-12-17 06:12:13,517012,54.415239572525024
3373,2021-12-17 06:12:14,517012,50.15149545669556
3374,2021-12-17 06:12:52,517013,53.23544406890869
3375,2021-12-17 07:12:26,517014,50.58356738090515
3376,2021-12-17 09:12:29,517014,49.75445532798767
3377,2021-12-17 10:12:16,517016,49.929471492767334
3378,2021-12-17 11:12:03,517017,53.91363215446472
3379,2021-12-17 11:12:54,517017,51.590628147125244
3380,2021-12-17 11:12:56,517017,50.01804757118225
3381,2021-12-18 01:12:54,517017,52.62502908706665
3382,2021-12-18 12:12:27,517017,50.89280676841736
3383,2021-12-18 01:12:05,517019,51.56508421897888
3384,2021-12-18 01:12:53,517019,50.74987745285034
3385,2021-12-18 02:12:01,517019,50.82421612739563
3386,2021-12-18 02:12:54,517019,52.21316576004028
3387,2021-12-18 03:12:05,517019,51.842981815338135
3388,2021-12-18 06:12:12,517023,50.028526067733765
3389,2021-12-18 02:12:13,517025,52.860024213790894
3390,2021-12-18 06:12:17,517025,50.93394088745117
3391,2021-12-18 06:12:32,517025,51.7997510433197
3392,2021-12-19 01:12:04,517025,50.73704409599304
3393,2021-12-19 04:12:00,517025,53.64810609817505
3394,2021-12-19 03:12:41,517031,50.88622236251831
3395,2021-12-20 03:12:40,517031,49.16971302032471
3396,2021-12-20 04:12:46,517031,51.69267773628235
3397,2021-12-20 04:12:47,517031,50.61532807350159
3398,2021-12-20 05:12:40,517031,50.11338686943054
3399,2021-12-20 05:12:49,517031,54.1539568901062
3400,2021-12-20 05:12:59,517031,49.97596287727356
3401,2021-12-20 08:12:15,517031,51.2983181476593
3402,2021-12-20 09:12:40,517031,49.516263484954834
3403,2021-12-20 10:12:14,517033,54.047661781311035
3404,2021-12-20 10:12:53,517033,49.487180948257446
3405,2021-12-20 01:12:06,517034,52.25203609466553
3406,2021-12-20 11:12:24,517034,50.32724142074585
3407,2021-12-20 12:12:32,517034,50.846200942993164
3408,2021-12-20 05:12:41,517035,53.07086253166199
3409,2021-12-20 01:12:14,517036,53.277506589889526
3410,2021-12-20 01:12:19,517036,50.96526622772217
3411,2021-12-20 01:12:32,517036,54.4940984249115
3412,2021-12-20 01:12:46,517036,50.40498900413513
3413,2021-12-20 02:12:23,517036,51.03525233268738
3414,2021-12-20 02:12:41,517036,51.950989961624146
3415,2021-12-20 02:12:45,517036,50.768898010253906
3416,2021-12-20 03:12:29,517036,52.846874952316284
3417,2021-12-20 04:12:41,517036,50.26135015487671
3418,2021-12-20 12:12:20,517036,49.8771550655365
3419,2021-12-20 04:12:57,517037,52.5284788608551
3420,2021-12-20 05:12:55,517037,52.84972953796387
3421,2021-12-20 04:12:18,517038,53.2732355594635
3422,2021-12-20 05:12:22,517038,51.96513032913208
3423,2021-12-20 05:12:58,517038,54.6878297328949
3424,2021-12-20 06:12:13,517038,49.360488414764404
3425,2021-12-20 06:12:16,517038,50.19996428489685
3426,2021-12-20 07:12:43,517038,50.684913635253906
3427,2021-12-20 05:12:57,517040,55.53715920448303
3428,2021-12-20 06:12:05,517040,51.2931854724884
3429,2021-12-20 07:12:23,517040,49.567206144332886
3430,2021-12-20 07:12:14,517041,51.80495238304138
3431,2021-12-20 07:12:29,517041,50.79295802116394
3432,2021-12-20 08:12:15,517042,51.21653723716736
3433,2021-12-21 05:12:03,517042,51.4189178943634
3434,2021-12-21 01:12:00,517043,50.48527407646179
3435,2021-12-21 02:12:03,517043,50.602391719818115
3436,2021-12-21 02:12:18,517043,49.80983877182007
3437,2021-12-21 04:12:59,517043,51.85824680328369
3438,2021-12-21 05:12:02,517043,49.74186682701111
3439,2021-12-21 05:12:10,517043,50.54770016670227
3440,2021-12-21 07:12:22,517043,51.283255100250244
3441,2021-12-21 07:12:43,517043,49.71610498428345
3442,2021-12-21 12:12:04,517043,53.88202929496765
3443,2021-12-21 09:12:01,517046,50.576937198638916
3444,2021-12-21 09:12:58,517046,50.8396680355072
3445,2021-12-21 10:12:41,517046,50.6525137424469
3446,2021-12-21 10:12:46,517046,50.815319776535034
3447,2021-12-21 12:12:45,517049,51.11134076118469
3448,2021-12-21 12:12:58,517049,54.78481674194336
3449,2021-12-21 01:12:00,517051,51.613072872161865
3450,2021-12-21 01:12:22,517051,50.33600616455078
3451,2021-12-21 03:12:49,517051,52.76281762123108
3452,2021-12-21 02:12:48,517052,51.82683563232422
3453,2021-12-21 02:12:55,517052,52.846030473709106
3454,2021-12-21 03:12:11,517052,51.872416973114014
3455,2021-12-21 03:12:33,517052,50.411442041397095
3456,2021-12-21 03:12:01,517053,50.02092123031616
3457,2021-12-21 03:12:10,517053,50.361833572387695
3458,2021-12-21 03:12:23,517053,53.46355414390564
3459,2021-12-21 03:12:33,517053,51.106719732284546
3460,2021-12-21 04:12:19,517053,53.30298924446106
3461,2021-12-21 04:12:08,517056,51.38732409477234
3462,2021-12-21 04:12:10,517056,51.06874489784241
3463,2021-12-21 05:12:07,517058,50.62821340560913
3464,2021-12-21 05:12:03,517061,50.20298457145691
3465,2021-12-21 05:12:57,517061,51.662028312683105
3466,2021-12-21 06:12:11,517061,50.51422595977783
3467,2021-12-21 06:12:14,517061,52.94855737686157
3468,2021-12-21 06:12:43,517061,52.188318490982056
3469,2021-12-21 07:12:12,517061,49.963727951049805
3470,2021-12-21 07:12:53,517061,54.68875765800476
3471,2021-12-21 08:12:15,517061,54.12112092971802
3472,2021-12-21 09:12:17,517061,49.62409782409668
3473,2021-12-21 09:12:44,517061,50.85557675361633
3474,2021-12-21 08:12:29,517063,51.76918172836304
3475,2021-12-21 08:12:41,517064,51.11249852180481
3476,2021-12-21 09:12:23,517065,52.01459264755249
3477,2021-12-21 09:12:37,517065,52.30218577384949
3478,2021-12-21 09:12:51,517065,50.29838490486145
3479,2021-12-21 10:12:33,517065,54.657840967178345
3480,2021-12-21 11:12:05,517065,49.88264751434326
3481,2021-12-21 11:12:16,517065,54.04922890663147
3482,2021-12-21 10:12:14,517066,50.00390696525574
3483,2021-12-21 10:12:56,517069,51.25854015350342
3484,2021-12-21 10:12:15,517070,50.84671330451965
3485,2021-12-22 04:12:15,517074,50.092931270599365
3486,2021-12-22 05:12:55,517075,52.229894399642944
3487,2021-12-22 06:12:09,517075,50.37610054016113
3488,2021-12-22 06:12:05,517076,50.76548910140991
3489,2021-12-22 06:12:25,517076,52.4247260093689
3490,2021-12-22 06:12:53,517076,51.764002323150635
3491,2021-12-22 09:12:19,517076,50.01076292991638
3492,2021-12-22 10:12:45,517076,55.06998658180237
3493,2021-12-22 10:12:32,517077,51.34727597236633
3494,2021-12-22 04:12:26,517085,49.71879696846008
3495,2021-12-22 04:12:55,517085,51.025792837142944
3496,2021-12-22 06:12:12,517086,54.29229235649109
3497,2021-12-22 06:12:55,517086,50.420576333999634
3498,2021-12-22 06:12:33,517087,49.58963370323181
3499,2021-12-22 06:12:44,517087,50.53421354293823
3500,2021-12-22 07:12:12,517087,50.53724718093872
3501,2021-12-22 07:12:26,517087,50.86374831199646
3502,2021-12-22 07:12:28,517087,50.12785530090332
3503,2021-12-22 08:12:24,517089,50.38761258125305
3504,2021-12-22 08:12:41,517089,52.33180594444275
3505,2021-12-22 08:12:52,517089,51.75677847862244
3506,2021-12-22 08:12:56,517089,55.40300226211548
3507,2021-12-22 09:12:29,517089,49.973493337631226
3508,2021-12-22 09:12:30,517089,50.123095750808716
3509,2021-12-22 09:12:47,517089,50.80636978149414
3510,2021-12-22 10:12:13,517089,50.26935935020447
3511,2021-12-22 10:12:14,517089,50.99258852005005
3512,2021-12-22 11:12:02,517090,50.28703212738037
3513,2021-12-23 02:12:22,517093,50.03839588165283
3514,2021-12-23 02:12:52,517093,49.902517557144165
3515,2021-12-23 03:12:40,517095,50.2756564617157
3516,2021-12-23 04:12:40,517099,50.7743706703186
3517,2021-12-23 05:12:39,517099,50.52648067474365
3518,2021-12-23 06:12:38,517099,53.45947623252869
3519,2021-12-23 08:12:25,517100,53.87877917289734
3520,2021-12-23 09:12:30,517101,55.67241048812866
3521,2021-12-23 09:12:55,517102,53.1907320022583
3522,2021-12-23 10:12:02,517103,50.829713106155396
3523,2021-12-23 11:12:45,517103,51.62694025039673
3524,2021-12-23 11:12:41,517104,49.85424733161926
3525,2021-12-23 11:12:51,517104,50.238388538360596
3526,2021-12-23 11:12:26,517105,50.333173513412476
3527,2021-12-23 01:12:19,517106,49.781797647476196
3528,2021-12-23 01:12:52,517106,50.19509840011597
3529,2021-12-23 02:12:10,517106,52.311087131500244
3530,2021-12-23 11:12:57,517106,51.39379930496216
3531,2021-12-23 12:12:57,517106,50.30632495880127
3532,2021-12-23 03:12:34,517108,49.97197771072388
3533,2021-12-23 04:12:29,517111,50.086116313934326
3534,2021-12-23 04:12:39,517112,55.1874566078186
3535,2021-12-23 04:12:42,517112,51.8184871673584
3536,2021-12-23 05:12:15,517113,50.29019117355347
3537,2021-12-23 05:12:05,517114,53.74428200721741
3538,2021-12-23 07:12:33,517117,50.13951110839844
3539,2021-12-23 09:12:02,517119,50.57065987586975
3540,2021-12-23 10:12:29,517119,49.85334229469299
3541,2021-12-23 10:12:46,517119,50.51418590545654
3542,2021-12-24 01:12:44,517122,50.51042985916138
3543,2021-12-24 02:12:27,517122,50.3700966835022
3544,2021-12-24 03:12:34,517123,49.92268085479736
3545,2021-12-24 03:12:35,517123,54.76798367500305
3546,2021-12-24 04:12:17,517123,50.41192889213562
3547,2021-12-24 04:12:21,517123,50.37203335762024
3548,2021-12-24 04:12:58,517123,50.058645486831665
3549,2021-12-24 05:12:25,517123,51.17143630981445
3550,2021-12-24 05:12:46,517123,53.99593234062195
3551,2021-12-24 08:12:21,517126,54.147005558013916
3552,2021-12-24 09:12:55,517127,50.7104389667511
3553,2021-12-24 10:12:59,517127,49.491604804992676
3554,2021-12-24 10:12:16,517128,50.891976833343506
3555,2021-12-24 10:12:07,517131,51.8026282787323
3556,2021-12-24 12:12:25,517133,50.16265392303467
3557,2021-12-24 07:12:03,517134,52.14532446861267
3558,2021-12-24 07:12:34,517134,48.88670563697815
3559,2021-12-25 09:12:58,517134,52.10922384262085
3560,2021-12-26 04:12:50,517134,51.35660672187805
3561,2021-12-26 12:12:45,517134,51.850584983825684
3562,2021-12-27 04:12:57,517135,50.077526330947876
3563,2021-12-27 08:12:38,517137,55.042819023132324
3564,2021-12-27 09:12:19,517137,50.35985779762268
3565,2021-12-27 09:12:32,517137,50.50733828544617
3566,2021-12-27 09:12:38,517137,51.06812262535095
3567,2021-12-27 01:12:07,517138,50.148439168930054
3568,2021-12-27 01:12:27,517138,50.41034269332886
3569,2021-12-27 01:12:56,517138,50.138341188430786
3570,2021-12-27 01:12:59,517138,51.94407892227173
3571,2021-12-27 02:12:37,517138,50.45568132400513
3572,2021-12-27 02:12:38,517138,50.86074781417847
3573,2021-12-27 02:12:40,517138,50.32319259643555
3574,2021-12-27 03:12:03,517138,50.25722026824951
3575,2021-12-27 10:12:24,517138,52.322179317474365
3576,2021-12-27 11:12:06,517138,50.84495759010315
3577,2021-12-27 11:12:16,517138,50.57104277610779
3578,2021-12-27 11:12:30,517138,50.685173749923706
3579,2021-12-27 11:12:47,517138,50.77249455451965
3580,2021-12-27 12:12:39,517138,53.20490837097168
3581,2021-12-27 12:12:49,517138,50.53271436691284
3582,2021-12-27 03:12:51,517140,50.98293590545654
3583,2021-12-27 06:12:47,517144,51.03289294242859
3584,2021-12-27 07:12:02,517144,50.136223554611206
3585,2021-12-27 07:12:20,517145,50.5768985748291
3586,2021-12-27 10:12:59,517148,55.00770664215088
3587,2021-12-28 04:12:23,517149,50.044217109680176
3588,2021-12-28 06:12:23,517149,50.48262310028076
3589,2021-12-28 06:12:36,517149,51.00155258178711
3590,2021-12-28 06:12:43,517149,50.97183156013489
3591,2021-12-28 07:12:37,517149,51.715425968170166
3592,2021-12-28 08:12:44,517150,49.88157343864441
3593,2021-12-28 08:12:53,517150,51.08822822570801
3594,2021-12-28 10:12:03,517150,50.757702350616455
3595,2021-12-28 10:12:12,517150,50.461822748184204
3596,2021-12-28 11:12:16,517150,49.789207220077515
3597,2021-12-28 11:12:21,517150,50.46463489532471
3598,2021-12-28 01:12:23,517151,53.70995807647705
3599,2021-12-28 11:12:07,517151,51.15772223472595
3600,2021-12-28 12:12:16,517151,50.61358070373535
3601,2021-12-28 01:12:05,517152,50.65428376197815
3602,2021-12-28 02:12:12,517152,54.60477685928345
3603,2021-12-28 02:12:42,517152,50.24506425857544
3604,2021-12-28 03:12:27,517153,54.30829858779907
3605,2021-12-28 03:12:57,517153,50.783679723739624
3606,2021-12-28 04:12:43,517153,50.534985303878784
3607,2021-12-28 05:12:22,517153,50.12091398239136
3608,2021-12-28 05:12:52,517153,50.50833487510681
3609,2021-12-28 07:12:04,517153,48.735512495040894
3610,2021-12-28 07:12:11,517153,50.02048683166504
3611,2021-12-28 08:12:05,517155,52.84696364402771
3612,2021-12-28 08:12:24,517155,50.69315218925476
3613,2021-12-28 11:12:01,517157,50.25018548965454
3614,2021-12-29 04:12:33,517158,50.52443265914917
3615,2021-12-29 04:12:56,517158,50.823548793792725
3616,2021-12-29 05:12:39,517158,50.44819712638855
3617,2021-12-29 06:12:41,517160,50.594356536865234
3618,2021-12-29 06:12:46,517160,53.99611282348633
3619,2021-12-29 09:12:05,517160,52.75542593002319
3620,2021-12-29 09:12:37,517160,52.76471662521362
3621,2021-12-29 12:12:22,517163,55.498719930648804
3622,2021-12-29 01:12:30,517164,52.25628662109375
3623,2021-12-29 01:12:41,517164,50.07777142524719
3624,2021-12-29 12:12:38,517164,53.88270878791809
3625,2021-12-29 12:12:41,517164,52.281843423843384
3626,2021-12-29 05:12:24,517165,49.83544135093689
3627,2021-12-29 08:12:14,517166,50.02283000946045
3628,2021-12-29 08:12:22,517166,53.19409894943237
3629,2021-12-30 02:12:46,517167,50.44304299354553
3630,2021-12-30 03:12:22,517167,54.8411500453949
3631,2021-12-30 04:12:53,517167,51.25351095199585
3632,2021-12-30 05:12:23,517167,50.108707904815674
3633,2021-12-30 06:12:00,517167,51.35696768760681
3634,2021-12-30 08:12:24,517167,51.35082125663757
3635,2021-12-30 09:12:19,517167,50.40764236450195
3636,2021-12-30 12:12:14,517167,51.40467190742493
3637,2021-12-30 12:12:15,517167,50.50897407531738
3638,2021-12-30 12:12:18,517167,51.17353820800781
3639,2021-12-30 02:12:22,517170,55.03742289543152
3640,2021-12-30 02:12:34,517170,50.005566358566284
3641,2021-12-30 02:12:57,517170,55.39358568191528
3642,2021-12-30 03:12:03,517170,51.14699053764343
3643,2021-12-30 03:12:10,517170,51.18441104888916
3644,2021-12-30 07:12:55,517170,52.631797552108765
3645,2021-12-30 11:12:01,517172,50.51651453971863
3646,2021-12-31 03:12:57,517172,55.15979218482971
3647,2021-12-31 06:12:18,517172,50.678415060043335
3648,2021-12-31 06:12:58,517174,50.93700861930847
3649,2021-12-31 06:12:48,517175,50.82310199737549
3650,2021-12-31 07:12:50,517175,55.8746771812439
3651,2021-12-31 09:12:33,517178,55.244218826293945
3652,2021-12-31 04:12:38,517180,51.44881463050842
3653,2021-12-31 07:12:12,517180,52.605788230895996
3654,2022-01-01 04:01:40,517180,51.69578266143799
3655,2022-01-01 09:01:51,517180,51.37191128730774
3656,2022-01-01 12:01:27,517180,55.03924608230591
3657,2022-01-02 04:01:22,517180,54.08293843269348
3658,2022-01-03 04:01:26,517180,52.495399475097656
3659,2022-01-03 05:01:53,517180,50.78866124153137
3660,2022-01-03 06:01:56,517180,53.866852045059204
3661,2022-01-03 08:01:24,517180,55.17387652397156
3662,2022-01-03 08:01:29,517180,50.57367753982544
3663,2022-01-03 10:01:16,517180,53.64908170700073
3664,2022-01-03 10:01:20,517180,54.33177924156189
3665,2022-01-03 11:01:16,517180,50.1526243686676
3666,2022-01-03 11:01:37,517180,51.38196682929993
3667,2022-01-03 11:01:46,517180,52.01916527748108
3668,2022-01-03 11:01:46,517180,51.534395933151245
3669,2022-01-03 01:01:20,517182,51.067928314208984
3670,2022-01-03 01:01:30,517182,54.14045071601868
3671,2022-01-03 02:01:02,517183,50.429829597473145
3672,2022-01-03 02:01:25,517184,53.92900776863098
3673,2022-01-03 02:01:33,517184,50.79572606086731
3674,2022-01-03 03:01:06,517185,51.041550159454346
3675,2022-01-04 01:01:59,517196,52.5775306224823
3676,2022-01-04 04:01:35,517196,50.67058992385864
3677,2022-01-04 04:01:59,517196,50.08527374267578
3678,2022-01-04 05:01:15,517196,50.37643051147461
3679,2022-01-04 05:01:52,517196,52.017783641815186
3680,2022-01-04 06:01:01,517196,52.454106092453
3681,2022-01-04 06:01:51,517196,50.63520550727844
3682,2022-01-04 07:01:08,517196,54.999223947525024
3683,2022-01-04 07:01:19,517196,50.28894782066345
3684,2022-01-04 09:01:04,517196,50.786078691482544
3685,2022-01-04 10:01:11,517196,51.285362005233765
3686,2022-01-04 11:01:08,517196,52.186997175216675
3687,2022-01-04 11:01:36,517196,54.79022789001465
3688,2022-01-04 11:01:37,517196,50.17972230911255
3689,2022-01-04 01:01:19,517197,49.482897996902466
3690,2022-01-04 01:01:23,517197,55.10443305969238
3691,2022-01-04 02:01:15,517197,53.08796405792236
3692,2022-01-04 02:01:20,517197,51.275033950805664
3693,2022-01-04 03:01:34,517197,51.0387327671051
3694,2022-01-04 12:01:16,517197,54.35071158409119
3695,2022-01-04 12:01:31,517197,52.14498782157898
3696,2022-01-04 04:01:20,517198,49.6091845035553
3697,2022-01-04 04:01:38,517198,50.5826632976532
3698,2022-01-04 04:01:09,517199,51.19655227661133
3699,2022-01-04 04:01:46,517200,49.52104663848877
3700,2022-01-04 05:01:38,517201,50.211238384246826
3701,2022-01-04 07:01:02,517203,52.65490388870239
3702,2022-01-04 07:01:25,517203,50.209595680236816
3703,2022-01-04 07:01:12,517204,53.286704778671265
3704,2022-01-04 08:01:33,517206,55.04531717300415
3705,2022-01-04 10:01:59,517208,51.00289845466614
3706,2022-01-04 10:01:54,517209,50.366260051727295
3707,2022-01-04 11:01:24,517210,53.021493673324585
3708,2022-01-05 12:01:46,517212,55.10415530204773
3709,2022-01-05 06:01:14,517217,51.99259924888611
3710,2022-01-05 06:01:41,517217,49.93817758560181
3711,2022-01-05 06:01:59,517217,49.67260003089905
3712,2022-01-05 07:01:35,517217,51.85931086540222
3713,2022-01-05 08:01:25,517218,50.7110869884491
3714,2022-01-05 08:01:56,517218,51.222716093063354
3715,2022-01-05 11:01:14,517218,50.02408409118652
3716,2022-01-05 11:01:16,517218,49.97372341156006
3717,2022-01-05 11:01:23,517218,50.187427282333374
3718,2022-01-05 11:01:44,517218,50.14046812057495
3719,2022-01-05 11:01:46,517218,50.494449853897095
3720,2022-01-05 11:01:49,517218,51.326836585998535
3721,2022-01-05 01:01:38,517221,54.68181014060974
3722,2022-01-05 01:01:11,517222,49.71621084213257
3723,2022-01-05 01:01:56,517222,50.037245988845825
3724,2022-01-05 01:01:18,517223,50.80399227142334
3725,2022-01-05 01:01:59,517223,51.25294637680054
3726,2022-01-05 03:01:47,517227,49.99626851081848
3727,2022-01-05 04:01:17,517228,50.54776692390442
3728,2022-01-05 05:01:21,517229,50.432628870010376
3729,2022-01-05 05:01:26,517229,50.330105781555176
3730,2022-01-05 05:01:27,517229,52.41189503669739
3731,2022-01-05 07:01:03,517231,49.904152631759644
3732,2022-01-05 07:01:05,517231,52.50435709953308
3733,2022-01-05 07:01:07,517231,49.993229389190674
3734,2022-01-05 11:01:09,517237,49.47978901863098
3735,2022-01-06 01:01:29,517239,50.44779419898987
3736,2022-01-06 03:01:54,517239,51.43744373321533
3737,2022-01-06 05:01:19,517239,49.56912088394165
3738,2022-01-06 05:01:28,517240,50.75292992591858
3739,2022-01-06 05:01:46,517240,51.212743520736694
3740,2022-01-06 06:01:08,517240,49.925644397735596
3741,2022-01-06 07:01:48,517240,50.22653079032898
3742,2022-01-06 09:01:10,517240,49.976564168930054
3743,2022-01-06 10:01:01,517240,50.16896963119507
3744,2022-01-06 10:01:10,517240,50.234118938446045
3745,2022-01-06 10:01:48,517240,50.049288272857666
3746,2022-01-06 11:01:34,517242,50.44326424598694
3747,2022-01-06 11:01:35,517242,50.24095344543457
3748,2022-01-06 11:01:37,517242,51.01325702667236
3749,2022-01-06 01:01:01,517246,50.5532066822052
3750,2022-01-06 01:01:02,517246,51.23419117927551
3751,2022-01-06 02:01:00,517246,52.796950817108154
3752,2022-01-06 02:01:21,517247,50.44868230819702
3753,2022-01-07 05:01:10,517253,49.79947543144226
3754,2022-01-07 05:01:51,517253,49.92829966545105
3755,2022-01-07 06:01:11,517253,50.04322862625122
3756,2022-01-07 10:01:37,517253,49.51320934295654
3757,2022-01-07 11:01:23,517253,51.43938422203064
3758,2022-01-07 11:01:26,517253,51.13083267211914
3759,2022-01-07 12:01:32,517253,50.48295068740845
3760,2022-01-07 01:01:41,517254,50.57973384857178
3761,2022-01-07 01:01:45,517254,51.4047691822052
3762,2022-01-07 02:01:34,517254,50.733542919158936
3763,2022-01-07 12:01:11,517254,50.550037145614624
3764,2022-01-07 12:01:58,517254,50.75900650024414
3765,2022-01-07 04:01:32,517258,50.06621026992798
3766,2022-01-07 05:01:40,517261,50.3315589427948
3767,2022-01-07 06:01:40,517262,55.70378828048706
3768,2022-01-07 07:01:40,517263,52.50981092453003
3769,2022-01-07 09:01:55,517265,51.99846076965332
3770,2022-01-08 12:01:41,517266,50.34689545631409
3771,2022-01-08 05:01:10,517267,50.08614230155945
3772,2022-01-08 05:01:28,517267,54.354642391204834
3773,2022-01-10 01:01:56,517268,50.97582745552063
3774,2022-01-10 04:01:05,517268,49.9204535484314
3775,2022-01-10 04:01:26,517268,51.28812050819397
3776,2022-01-10 05:01:23,517268,51.48076844215393
3777,2022-01-10 12:01:02,517268,51.40518021583557
3778,2022-01-10 06:01:07,517269,51.00925350189209
3779,2022-01-10 06:01:24,517269,50.12658333778381
3780,2022-01-10 07:01:36,517269,50.18166780471802
3781,2022-01-10 09:01:01,517269,50.90558958053589
3782,2022-01-10 10:01:02,517270,53.782872438430786
3783,2022-01-10 11:01:02,517272,49.941832304000854
3784,2022-01-10 11:01:14,517272,56.12766408920288
3785,2022-01-10 11:01:11,517273,54.04472041130066
3786,2022-01-10 11:01:23,517273,51.053832054138184
3787,2022-01-10 12:01:27,517273,51.79650950431824
3788,2022-01-10 12:01:55,517273,51.07307839393616
3789,2022-01-10 01:01:47,517274,54.20953702926636
3790,2022-01-10 02:01:21,517274,50.82042169570923
3791,2022-01-10 02:01:28,517274,50.179487228393555
3792,2022-01-10 02:01:45,517274,49.97513246536255
3793,2022-01-10 02:01:45,517274,49.349329710006714
3794,2022-01-10 03:01:05,517274,50.01425838470459
3795,2022-01-10 03:01:10,517274,53.96354103088379
3796,2022-01-10 03:01:26,517274,52.651320934295654
3797,2022-01-10 03:01:33,517274,49.604437589645386
3798,2022-01-10 03:01:52,517274,49.08774209022522
3799,2022-01-10 03:01:55,517274,49.824180364608765
3800,2022-01-10 03:01:09,517275,50.516252517700195
3801,2022-01-10 04:01:33,517275,51.24423408508301
3802,2022-01-10 04:01:50,517275,51.13587665557861
3803,2022-01-10 05:01:03,517275,52.11909508705139
3804,2022-01-10 05:01:05,517275,51.59718728065491
3805,2022-01-10 07:01:15,517278,51.02905631065369
3806,2022-01-10 08:01:28,517278,50.118558406829834
3807,2022-01-10 09:01:06,517278,51.47912549972534
3808,2022-01-10 09:01:57,517278,51.37658429145813
3809,2022-01-10 10:01:28,517284,50.78119921684265
3810,2022-01-10 10:01:40,517284,50.68576192855835
3811,2022-01-11 01:01:04,517287,50.95593070983887
3812,2022-01-11 01:01:42,517287,50.958412170410156
3813,2022-01-11 01:01:46,517287,50.713613986968994
3814,2022-01-11 01:01:20,517288,49.7358980178833
3815,2022-01-11 01:01:21,517288,50.98495125770569
3816,2022-01-11 01:01:39,517288,51.081533908843994
3817,2022-01-11 01:01:51,517288,51.447407960891724
3818,2022-01-11 05:01:00,517288,50.405362606048584
3819,2022-01-11 05:01:23,517288,52.643205881118774
3820,2022-01-11 05:01:34,517288,50.87678861618042
3821,2022-01-11 05:01:51,517288,52.72493815422058
3822,2022-01-11 06:01:39,517288,51.047430992126465
3823,2022-01-11 06:01:40,517288,50.346933364868164
3824,2022-01-11 08:01:20,517288,54.51365613937378
3825,2022-01-11 08:01:50,517288,52.68203926086426
3826,2022-01-11 09:01:13,517288,52.84291625022888
3827,2022-01-11 11:01:54,517288,49.98409152030945
3828,2022-01-11 12:01:02,517288,49.489733934402466
3829,2022-01-11 12:01:19,517288,49.75480508804321
3830,2022-01-11 12:01:30,517288,49.90551543235779
3831,2022-01-11 12:01:58,517288,50.62855553627014
3832,2022-01-11 01:01:57,517289,50.66667318344116
3833,2022-01-11 11:01:36,517289,50.93308186531067
3834,2022-01-11 02:01:02,517290,50.711179971694946
3835,2022-01-11 02:01:36,517290,50.240684270858765
3836,2022-01-11 02:01:38,517290,50.903172969818115
3837,2022-01-11 03:01:16,517290,52.53226852416992
3838,2022-01-11 03:01:28,517290,50.95714521408081
3839,2022-01-11 03:01:50,517290,51.15762948989868
3840,2022-01-11 04:01:11,517291,50.947195291519165
3841,2022-01-11 04:01:20,517291,51.189242124557495
3842,2022-01-11 05:01:39,517293,50.672194480895996
3843,2022-01-11 08:01:11,517293,52.95658278465271
3844,2022-01-11 09:01:05,517293,50.78851580619812
3845,2022-01-11 09:01:25,517293,50.64306020736694
3846,2022-01-11 09:01:45,517293,50.43222641944885
3847,2022-01-11 09:01:10,517294,51.226536989212036
3848,2022-01-11 10:01:23,517294,50.902652740478516
3849,2022-01-11 11:01:38,517294,49.91172671318054
3850,2022-01-12 01:01:37,517294,51.82284736633301
3851,2022-01-12 12:01:13,517294,50.77283430099487
3852,2022-01-12 01:01:06,517302,51.962937355041504
3853,2022-01-12 04:01:04,517306,52.65589165687561
3854,2022-01-12 05:01:45,517306,51.659034729003906
3855,2022-01-12 05:01:47,517306,54.48273038864136
3856,2022-01-12 06:01:07,517306,52.41358160972595
3857,2022-01-12 06:01:59,517306,51.44327449798584
3858,2022-01-12 07:01:11,517306,49.08021831512451
3859,2022-01-12 07:01:25,517306,51.022913217544556
3860,2022-01-12 07:01:27,517306,52.20658016204834
3861,2022-01-12 07:01:40,517306,51.399648666381836
3862,2022-01-12 07:01:43,517306,49.385019302368164
3863,2022-01-12 08:01:39,517306,54.419370889663696
3864,2022-01-12 08:01:43,517306,52.54530191421509
3865,2022-01-12 09:01:05,517306,52.23752045631409
3866,2022-01-12 09:01:21,517306,50.82990121841431
3867,2022-01-12 10:01:14,517306,54.79810690879822
3868,2022-01-12 11:01:14,517306,53.56872892379761
3869,2022-01-12 11:01:48,517306,50.973291873931885
3870,2022-01-12 12:01:22,517307,50.72627377510071
3871,2022-01-12 01:01:08,517308,50.44426512718201
3872,2022-01-12 12:01:31,517308,53.539753675460815
3873,2022-01-12 12:01:36,517308,52.743823528289795
3874,2022-01-12 01:01:10,517309,53.5515820980072
3875,2022-01-12 01:01:13,517309,54.64254117012024
3876,2022-01-12 01:01:20,517309,51.50990676879883
3877,2022-01-12 02:01:28,517309,52.27039623260498
3878,2022-01-12 02:01:44,517312,50.7131712436676
3879,2022-01-12 03:01:20,517315,51.93512415885925
3880,2022-01-12 03:01:11,517316,52.621174335479736
3881,2022-01-12 03:01:24,517316,51.24088788032532
3882,2022-01-12 05:01:48,517316,50.99297261238098
3883,2022-01-12 04:01:03,517318,51.29424238204956
3884,2022-01-12 04:01:13,517318,51.23660087585449
3885,2022-01-12 04:01:23,517320,56.30171346664429
3886,2022-01-12 05:01:23,517320,52.27638268470764
3887,2022-01-12 05:01:35,517320,51.47606062889099
3888,2022-01-12 05:01:36,517320,50.85118818283081
3889,2022-01-12 05:01:28,517323,54.3754346370697
3890,2022-01-12 08:01:41,517329,50.797213554382324
3891,2022-01-12 08:01:45,517329,50.338202476501465
3892,2022-01-13 12:01:20,517332,51.07049107551575
3893,2022-01-13 12:01:21,517336,50.65826630592346
3894,2022-01-13 12:01:00,517337,51.82741832733154
3895,2022-01-13 04:01:37,517342,51.034350633621216
3896,2022-01-13 05:01:02,517343,55.716001987457275
3897,2022-01-13 05:01:10,517343,50.725850105285645
3898,2022-01-13 05:01:23,517343,50.25584030151367
3899,2022-01-13 05:01:45,517343,51.17739534378052
3900,2022-01-13 06:01:24,517343,55.41752529144287
3901,2022-01-13 06:01:30,517343,51.28423738479614
3902,2022-01-13 06:01:44,517343,51.047584533691406
3903,2022-01-13 06:01:50,517343,50.439162254333496
3904,2022-01-13 07:01:48,517343,49.55226159095764
3905,2022-01-13 09:01:32,517344,50.27432179450989
3906,2022-01-13 09:01:47,517344,50.48579454421997
3907,2022-01-13 10:01:25,517344,52.0399603843689
3908,2022-01-13 11:01:18,517344,50.85634732246399
3909,2022-01-13 11:01:41,517344,51.35218691825867
3910,2022-01-13 12:01:29,517344,49.805423736572266
3911,2022-01-13 11:01:08,517345,51.04999589920044
3912,2022-01-13 12:01:24,517345,54.00739645957947
3913,2022-01-13 01:01:46,517347,50.47602367401123
3914,2022-01-13 01:01:57,517347,50.74302124977112
3915,2022-01-13 02:01:27,517349,51.28960084915161
3916,2022-01-13 03:01:34,517350,50.4398889541626
3917,2022-01-13 03:01:22,517351,51.155107259750366
3918,2022-01-13 05:01:05,517352,50.80480909347534
3919,2022-01-13 05:01:27,517352,50.69595384597778
3920,2022-01-13 05:01:58,517354,50.10933995246887
3921,2022-01-13 06:01:04,517355,54.83496570587158
3922,2022-01-13 09:01:24,517359,52.65777134895325
3923,2022-01-13 09:01:39,517360,50.32686185836792
3924,2022-01-13 11:01:33,517360,55.31545114517212
3925,2022-01-13 11:01:38,517360,52.19834542274475
3926,2022-01-14 01:01:01,517362,54.01112174987793
3927,2022-01-14 01:01:12,517362,55.08456516265869
3928,2022-01-14 01:01:48,517362,54.902493476867676
3929,2022-01-14 02:01:06,517362,52.05550527572632
3930,2022-01-14 03:01:51,517362,54.24204444885254
3931,2022-01-14 04:01:31,517362,54.125550746917725
3932,2022-01-14 04:01:37,517362,50.980567932128906
3933,2022-01-14 04:01:51,517362,50.74413061141968
3934,2022-01-14 05:01:22,517362,51.79966759681702
3935,2022-01-14 05:01:47,517362,55.66297459602356
3936,2022-01-14 06:01:33,517362,54.96618437767029
3937,2022-01-14 08:01:20,517362,55.1663875579834
3938,2022-01-14 09:01:19,517362,51.48757314682007
3939,2022-01-14 09:01:23,517362,54.86135458946228
3940,2022-01-14 10:01:06,517362,55.907095432281494
3941,2022-01-14 11:01:06,517362,55.6166832447052
3942,2022-01-14 11:01:41,517362,53.80273938179016
3943,2022-01-14 11:01:55,517362,54.99971914291382
3944,2022-01-14 12:01:31,517362,54.41680955886841
3945,2022-01-14 12:01:50,517362,52.53396439552307
3946,2022-01-14 05:01:12,517364,53.46419382095337
3947,2022-01-14 05:01:48,517364,55.23399496078491
3948,2022-01-14 06:01:09,517364,53.51073122024536
3949,2022-01-14 06:01:42,517364,53.7082417011261
3950,2022-01-14 06:01:50,517364,55.70458102226257
3951,2022-01-14 07:01:14,517364,55.245261669158936
3952,2022-01-14 07:01:32,517365,50.47645306587219
3953,2022-01-14 07:01:33,517365,54.52739119529724
3954,2022-01-14 08:01:29,517365,55.07818388938904
3955,2022-01-14 09:01:01,517367,51.20221495628357
3956,2022-01-14 10:01:28,517367,50.04988241195679
3957,2022-01-14 10:01:47,517367,55.20209193229675
3958,2022-01-14 08:01:41,517368,52.82184410095215
3959,2022-01-14 11:01:53,517368,51.04716920852661
3960,2022-01-14 11:01:59,517368,53.07555079460144
3961,2022-01-15 01:01:05,517368,54.51256990432739
3962,2022-01-15 01:01:20,517368,54.62521958351135
3963,2022-01-15 01:01:31,517368,53.84452795982361
3964,2022-01-15 02:01:19,517368,52.1784451007843
3965,2022-01-15 02:01:28,517368,50.77606558799744
3966,2022-01-15 12:01:59,517368,54.39029884338379
3967,2022-01-15 03:01:02,517369,51.314879417419434
3968,2022-01-15 05:01:02,517370,50.32376575469971
3969,2022-01-15 01:01:03,517372,50.407315492630005
3970,2022-01-15 04:01:08,517372,55.557799339294434
3971,2022-01-15 04:01:26,517372,50.624552965164185
3972,2022-01-15 06:01:03,517373,52.00248193740845
3973,2022-01-15 09:01:22,517373,50.83323955535889
3974,2022-01-15 10:01:32,517373,50.456191539764404
3975,2022-01-16 12:01:10,517373,55.693828105926514
3976,2022-01-16 04:01:56,517374,50.32460689544678
3977,2022-01-16 10:01:21,517375,50.76081991195679
3978,2022-01-17 01:01:12,517375,50.722371339797974
3979,2022-01-17 04:01:26,517375,50.44339871406555
3980,2022-01-17 04:01:29,517375,54.395933866500854
3981,2022-01-17 05:01:16,517375,50.57961440086365
3982,2022-01-17 05:01:46,517375,51.244974851608276
3983,2022-01-17 05:01:56,517376,50.85935664176941
3984,2022-01-17 05:01:12,517377,52.729870319366455
3985,2022-01-17 06:01:44,517377,50.811331272125244
3986,2022-01-17 10:01:01,517379,53.955666065216064
3987,2022-01-17 10:01:53,517379,50.47141885757446
3988,2022-01-17 11:01:19,517379,50.908867835998535
3989,2022-01-17 11:01:25,517379,52.048086404800415
3990,2022-01-17 11:01:24,517380,50.410789489746094
3991,2022-01-17 12:01:02,517380,50.196889877319336
3992,2022-01-17 02:01:58,517384,50.554423570632935
3993,2022-01-17 02:01:17,517385,50.66514229774475
3994,2022-01-17 02:01:53,517387,50.42051577568054
3995,2022-01-17 03:01:31,517389,54.215802907943726
3996,2022-01-17 04:01:24,517389,50.23566722869873
3997,2022-01-17 04:01:32,517389,50.358312129974365
3998,2022-01-17 05:01:03,517389,50.91699147224426
3999,2022-01-17 05:01:45,517389,54.69329214096069
4000,2022-01-17 07:01:25,517389,48.8930881023407
4001,2022-01-17 07:01:57,517389,53.751065492630005
4002,2022-01-17 08:01:32,517389,50.25532627105713
4003,2022-01-17 09:01:26,517389,51.89670419692993
4004,2022-01-17 09:01:37,517389,50.49521851539612
4005,2022-01-20 05:01:30,517389,50.57206583023071
4006,2022-01-20 05:01:40,517389,50.841877937316895
4007,2022-01-20 06:01:45,517389,50.56570553779602
4008,2022-01-20 06:01:54,517389,52.02816724777222
4009,2022-01-20 07:01:33,517389,51.90027165412903
4010,2022-01-20 07:01:38,517389,55.175071239471436
4011,2022-01-20 08:01:09,517389,51.441197872161865
4012,2022-01-20 08:01:40,517389,51.293928384780884
4013,2022-01-20 09:01:21,517389,51.66278553009033
4014,2022-01-20 09:01:47,517389,50.74626445770264
4015,2022-01-20 10:01:01,517389,51.37339782714844
4016,2022-01-20 10:01:13,517389,51.43076229095459
4017,2022-01-20 11:01:32,517389,50.858564615249634
4018,2022-01-20 11:01:59,517389,52.781495094299316
4019,2022-01-21 01:01:17,517389,50.7805233001709
4020,2022-01-21 01:01:28,517389,52.30426239967346
4021,2022-01-21 01:01:32,517389,52.28065824508667
4022,2022-01-21 02:01:05,517389,50.76584768295288
4023,2022-01-21 02:01:57,517389,54.87877345085144
4024,2022-01-21 03:01:39,517389,49.93703579902649
4025,2022-01-21 03:01:54,517389,50.36405062675476
4026,2022-01-21 04:01:20,517389,55.493151903152466
4027,2022-01-21 04:01:33,517389,50.769211292266846
4028,2022-01-21 05:01:08,517389,52.703200817108154
4029,2022-01-21 05:01:25,517389,50.43423390388489
4030,2022-01-21 06:01:27,517389,52.24545454978943
4031,2022-01-21 06:01:48,517389,51.00432252883911
4032,2022-01-21 07:01:23,517389,50.97547626495361
4033,2022-01-21 07:01:27,517389,50.94779443740845
4034,2022-01-21 08:01:11,517389,50.91382098197937
4035,2022-01-21 08:01:46,517389,51.9300742149353
4036,2022-01-21 09:01:29,517389,50.60812044143677
4037,2022-01-21 09:01:32,517389,55.57697319984436
4038,2022-01-21 10:01:05,517389,52.69958758354187
4039,2022-01-21 10:01:37,517389,52.07617735862732
4040,2022-01-21 11:01:02,517389,51.252418518066406
4041,2022-01-21 11:01:13,517389,50.386730432510376
4042,2022-01-21 12:01:28,517389,50.85429096221924
4043,2022-01-21 12:01:42,517389,50.55136704444885
4044,2022-01-21 12:01:46,517389,50.70825695991516
4045,2022-01-21 12:01:50,517389,50.937376260757446
4046,2022-01-17 09:01:14,517391,50.69496536254883
4047,2022-01-17 09:01:40,517391,50.67853617668152
4048,2022-01-17 09:01:50,517391,53.55241775512695
4049,2022-01-17 10:01:54,517391,50.36560583114624
4050,2022-01-17 10:01:26,517392,50.65678596496582
4051,2022-01-18 12:01:17,517395,54.02442026138306
4052,2022-01-18 12:01:38,517395,51.39648938179016
4053,2022-01-18 01:01:11,517398,51.59202718734741
4054,2022-01-18 02:01:12,517399,54.779484033584595
4055,2022-01-18 04:01:23,517399,54.19043159484863
4056,2022-01-18 04:01:11,517400,51.44964385032654
4057,2022-01-18 06:01:42,517400,49.77524518966675
4058,2022-01-18 05:01:34,517401,51.03110194206238
4059,2022-01-18 06:01:21,517401,50.619730710983276
4060,2022-01-18 06:01:26,517402,50.45475745201111
4061,2022-01-18 06:01:17,517403,51.00335955619812
4062,2022-01-18 06:01:27,517403,50.980480909347534
4063,2022-01-18 06:01:43,517404,54.9709312915802
4064,2022-01-18 07:01:16,517404,50.14513874053955
4065,2022-01-18 08:01:37,517408,51.24974179267883
4066,2022-01-18 10:01:31,517410,50.8237943649292
4067,2022-01-18 11:01:42,517410,51.0547616481781
4068,2022-01-18 12:01:10,517411,50.60631608963013
4069,2022-01-18 12:01:17,517411,51.96040463447571
4070,2022-01-18 12:01:49,517411,50.27753949165344
4071,2022-01-18 01:01:09,517412,52.4370231628418
4072,2022-01-18 04:01:14,517413,55.76896643638611
4073,2022-01-18 04:01:35,517414,55.770761489868164
4074,2022-01-18 05:01:28,517414,50.32337307929993
4075,2022-01-18 07:01:41,517414,50.08147931098938
4076,2022-01-18 05:01:39,517416,50.592087745666504
4077,2022-01-18 08:01:53,517416,50.560864210128784
4078,2022-01-18 05:01:28,517417,50.418785572052
4079,2022-01-18 08:01:18,517417,54.80637979507446
4080,2022-01-18 10:01:30,517418,53.60201930999756
4081,2022-01-18 10:01:50,517418,50.39843511581421
4082,2022-01-18 11:01:49,517418,54.09014654159546
4083,2022-01-18 11:01:23,517421,51.58644485473633
4084,2022-01-19 12:01:42,517421,50.4999725818634
4085,2022-01-19 12:01:58,517421,50.75177836418152
4086,2022-01-19 01:01:39,517422,50.94400238990784
4087,2022-01-19 02:01:10,517422,54.16175603866577
4088,2022-01-19 02:01:46,517422,50.279375076293945
4089,2022-01-19 02:01:48,517422,50.3623833656311
4090,2022-01-19 12:01:05,517422,51.03278160095215
4091,2022-01-19 01:01:33,517423,50.70194721221924
4092,2022-01-19 01:01:49,517423,51.31651854515076
4093,2022-01-19 01:01:56,517423,51.00877332687378
4094,2022-01-19 02:01:03,517423,52.757721185684204
4095,2022-01-19 02:01:04,517423,50.280309200286865
4096,2022-01-19 03:01:06,517423,50.51783537864685
4097,2022-01-19 03:01:28,517423,55.373024702072144
4098,2022-01-19 03:01:03,517426,54.675609827041626
4099,2022-01-19 03:01:19,517426,50.385236740112305
4100,2022-01-19 03:01:36,517426,51.14191722869873
4101,2022-01-19 04:01:52,517426,49.90148591995239
4102,2022-01-19 04:01:22,517427,50.58535623550415
4103,2022-01-19 04:01:55,517427,51.05380153656006
4104,2022-01-19 05:01:05,517427,50.8235228061676
4105,2022-01-19 05:01:19,517427,50.5444712638855
4106,2022-01-19 05:01:23,517427,51.10615277290344
4107,2022-01-19 05:01:42,517427,51.8113579750061
4108,2022-01-19 06:01:03,517427,50.52064776420593
4109,2022-01-19 06:01:01,517428,50.78200578689575
4110,2022-01-19 06:01:12,517428,51.96084785461426
4111,2022-01-19 07:01:48,517428,50.690051317214966
4112,2022-01-19 07:01:54,517429,55.07921886444092
4113,2022-01-19 07:01:19,517430,51.68877601623535
4114,2022-01-19 09:01:53,517430,50.70997476577759
4115,2022-01-19 09:01:25,517431,51.55197834968567
4116,2022-01-19 09:01:31,517431,50.80806255340576
4117,2022-01-19 10:01:09,517431,50.01822805404663
4118,2022-01-19 10:01:12,517431,51.450356245040894
4119,2022-01-19 10:01:21,517431,51.568830251693726
4120,2022-01-19 11:01:15,517431,51.37426781654358
4121,2022-01-19 11:01:51,517431,51.085816383361816
4122,2022-01-19 12:01:33,517431,50.79761600494385
4123,2022-01-19 01:01:29,517432,52.27305316925049
4124,2022-01-19 01:01:54,517432,51.19036602973938
4125,2022-01-19 12:01:45,517432,50.85616207122803
4126,2022-01-19 12:01:55,517432,51.12985897064209
4127,2022-01-19 12:01:59,517432,50.35630011558533
4128,2022-01-19 01:01:40,517433,52.45133447647095
4129,2022-01-19 02:01:29,517437,50.8522584438324
4130,2022-01-19 02:01:41,517437,51.172126054763794
4131,2022-01-19 02:01:44,517437,50.83506774902344
4132,2022-01-19 03:01:02,517438,51.45011067390442
4133,2022-01-19 03:01:51,517438,51.33375334739685
4134,2022-01-19 03:01:23,517439,53.2824981212616
4135,2022-01-19 04:01:15,517441,51.00980854034424
4136,2022-01-19 04:01:09,517442,50.63690948486328
4137,2022-01-19 04:01:22,517442,55.04604506492615
4138,2022-01-19 05:01:28,517442,50.72123742103577
4139,2022-01-19 07:01:14,517446,50.89528822898865
4140,2022-01-19 08:01:06,517449,51.26404881477356
4141,2022-01-19 08:01:19,517451,51.15501379966736
4142,2022-01-19 11:01:04,517458,53.694382190704346
4143,2022-01-20 01:01:19,517462,54.795809745788574
4144,2022-01-20 02:01:59,517462,54.60199189186096
4145,2022-01-20 05:01:36,517467,53.065256118774414
4146,2022-01-20 04:01:56,517468,53.797887325286865
4147,2022-01-20 04:01:24,517469,53.21248173713684
4148,2022-01-20 04:01:51,517469,50.58903431892395
4149,2022-01-20 05:01:15,517469,52.03183650970459
4150,2022-01-20 01:01:14,517470,50.898576498031616
4151,2022-01-20 01:01:19,517470,52.78631520271301
4152,2022-01-20 01:01:29,517470,51.36700105667114
4153,2022-01-20 04:01:03,517470,54.39812469482422
4154,2022-01-20 06:01:17,517470,51.42561197280884
4155,2022-01-20 06:01:21,517470,52.66451287269592
4156,2022-01-20 06:01:26,517470,51.15206742286682
4157,2022-01-20 06:01:34,517470,52.049948930740356
4158,2022-01-20 07:01:52,517470,51.36562252044678
4159,2022-01-20 08:01:29,517470,52.32361960411072
4160,2022-01-20 10:01:22,517470,55.292903423309326
4161,2022-01-20 11:01:21,517470,51.60392928123474
4162,2022-01-20 11:01:40,517470,54.31414008140564
4163,2022-01-20 12:01:12,517470,55.61473321914673
4164,2022-01-20 12:01:31,517470,55.724178075790405
4165,2022-01-20 01:01:22,517471,51.21022272109985
4166,2022-01-20 01:01:49,517471,51.96855640411377
4167,2022-01-20 02:01:42,517471,51.002249002456665
4168,2022-01-20 02:01:43,517471,52.02140974998474
4169,2022-01-20 02:01:55,517471,53.13207411766052
4170,2022-01-20 02:01:02,517472,52.22552037239075
4171,2022-01-20 03:01:17,517473,50.66966366767883
4172,2022-01-20 03:01:31,517473,51.728339195251465
4173,2022-01-20 04:01:07,517474,55.47552037239075
4174,2022-01-20 04:01:47,517474,55.16108727455139
4175,2022-01-20 05:01:14,517476,52.033984899520874
4176,2022-01-20 05:01:29,517476,52.083455324172974
4177,2022-01-20 05:01:48,517476,51.78732180595398
4178,2022-01-20 05:01:08,517478,52.49617385864258
4179,2022-01-20 06:01:31,517479,52.07138967514038
4180,2022-01-20 07:01:06,517480,51.38405632972717
4181,2022-01-20 08:01:38,517482,51.10948157310486
4182,2022-01-20 09:01:43,517483,51.00239849090576
4183,2022-01-20 09:01:59,517483,52.812244176864624
4184,2022-01-20 09:01:20,517484,51.15431308746338
4185,2022-01-20 09:01:44,517485,56.17886185646057
4186,2022-01-20 10:01:16,517489,52.75569438934326
4187,2022-01-20 11:01:36,517491,51.65748906135559
4188,2022-01-20 11:01:12,517494,51.2677788734436
4189,2022-01-21 01:01:52,517498,51.51811122894287
4190,2022-01-21 02:01:24,517500,54.4849419593811
4191,2022-01-21 02:01:54,517500,50.89352369308472
4192,2022-01-21 05:01:05,517500,52.247589111328125
4193,2022-01-21 05:01:11,517500,53.17331528663635
4194,2022-01-21 07:01:01,517500,51.32013392448425
4195,2022-01-21 07:01:07,517500,52.339439868927
4196,2022-01-21 07:01:14,517500,52.07564401626587
4197,2022-01-21 07:01:39,517500,51.85783123970032
4198,2022-01-21 08:01:54,517500,56.20926785469055
4199,2022-01-21 09:01:15,517500,57.42315435409546
4200,2022-01-21 09:01:37,517500,51.0383780002594
4201,2022-01-21 10:01:13,517500,56.53566217422485
4202,2022-01-21 10:01:40,517500,53.526169300079346
4203,2022-01-21 11:01:36,517500,50.880292654037476
4204,2022-01-21 12:01:08,517500,51.08977818489075
4205,2022-01-21 12:01:42,517501,51.431166648864746
4206,2022-01-21 12:01:43,517501,56.312236309051514
4207,2022-01-21 01:01:02,517502,55.64130687713623
4208,2022-01-21 01:01:05,517502,52.79729604721069
4209,2022-01-21 02:01:17,517502,51.846179485321045
4210,2022-01-21 02:01:28,517502,56.78590440750122
4211,2022-01-21 02:01:59,517502,51.6441855430603
4212,2022-01-21 03:01:03,517502,50.137388706207275
4213,2022-01-21 03:01:32,517502,51.27433133125305
4214,2022-01-21 03:01:29,517503,51.423373222351074
4215,2022-01-21 03:01:19,517504,54.00439214706421
4216,2022-01-21 04:01:30,517504,52.43749022483826
4217,2022-01-21 04:01:38,517504,51.48969841003418
4218,2022-01-21 04:01:51,517504,51.72899842262268
4219,2022-01-21 04:01:07,517505,51.387733459472656
4220,2022-01-21 04:01:11,517505,52.00224781036377
4221,2022-01-21 05:01:23,517506,51.58178162574768
4222,2022-01-21 05:01:59,517507,54.17248463630676
4223,2022-01-21 05:01:54,517508,52.644569873809814
4224,2022-01-21 05:01:20,517510,51.095558643341064
4225,2022-01-21 06:01:52,517510,51.71393966674805
4226,2022-01-21 07:01:30,517511,54.7557053565979
4227,2022-01-21 07:01:31,517515,55.6238739490509
4228,2022-01-21 07:01:58,517515,51.84047603607178
4229,2022-01-21 07:01:33,517517,52.64909267425537
4230,2022-01-21 08:01:43,517517,56.63099026679993
4231,2022-01-21 09:01:54,517517,51.27767276763916
4232,2022-01-21 09:01:58,517520,51.21028757095337
4233,2022-01-21 10:01:18,517521,52.02758717536926
4234,2022-01-21 11:01:01,517521,51.91272568702698
4235,2022-01-22 12:01:20,517526,51.49116563796997
4236,2022-01-22 03:01:27,517535,51.27619481086731
4237,2022-01-22 06:01:05,517535,52.228479623794556
4238,2022-01-22 07:01:54,517535,51.230961084365845
4239,2022-01-22 09:01:29,517535,54.65442371368408
4240,2022-01-22 08:01:44,517538,50.884408473968506
4241,2022-01-23 04:01:46,517539,50.99374723434448
4242,2022-01-23 08:01:39,517539,51.73576760292053
4243,2022-01-23 01:01:11,517540,55.44652724266052
4244,2022-01-23 01:01:16,517540,51.115683794021606
4245,2022-01-23 01:01:18,517540,51.28098964691162
4246,2022-01-23 03:01:09,517541,51.887612104415894
4247,2022-01-23 08:01:15,517543,56.12772488594055
4248,2022-01-23 08:01:47,517543,55.610501766204834
4249,2022-01-23 10:01:07,517543,51.18865776062012
4250,2022-01-23 10:01:32,517543,55.21057939529419
4251,2022-01-24 12:01:37,517543,55.25098419189453
4252,2022-01-24 04:01:59,517547,53.503169775009155
4253,2022-01-24 05:01:24,517547,52.380481481552124
4254,2022-01-24 05:01:45,517548,51.126960039138794
4255,2022-01-24 05:01:36,517549,51.3954975605011
4256,2022-01-24 06:01:00,517549,53.5827796459198
4257,2022-01-24 08:01:19,517549,51.78879451751709
4258,2022-01-24 09:01:26,517550,50.85449981689453
4259,2022-01-24 09:01:57,517550,53.294808864593506
4260,2022-01-24 10:01:13,517551,53.83211922645569
4261,2022-01-24 10:01:30,517551,51.09056639671326
4262,2022-01-24 11:01:23,517552,50.9808714389801
4263,2022-01-24 11:01:30,517552,55.86763644218445
4264,2022-01-24 11:01:49,517552,54.763808727264404
4265,2022-01-24 12:01:33,517552,50.81811189651489
4266,2022-01-24 12:01:30,517553,51.971476554870605
4267,2022-01-24 01:01:58,517554,56.580930948257446
4268,2022-01-24 03:01:27,517554,50.360515117645264
4269,2022-01-24 01:01:19,517555,51.511072874069214
4270,2022-01-24 01:01:24,517555,54.12127995491028
4271,2022-01-24 02:01:17,517555,51.687490463256836
4272,2022-01-24 02:01:30,517555,52.14475226402283
4273,2022-01-24 02:01:24,517556,54.93066930770874
4274,2022-01-24 02:01:51,517556,51.43824648857117
4275,2022-01-24 02:01:55,517556,52.26421856880188
4276,2022-01-24 03:01:40,517556,51.02962565422058
4277,2022-01-24 03:01:48,517556,52.02242469787598
4278,2022-01-24 05:01:01,517556,51.478374004364014
4279,2022-01-24 04:01:01,517559,51.81657338142395
4280,2022-01-24 04:01:08,517559,50.665053606033325
4281,2022-01-24 06:01:46,517561,52.17379832267761
4282,2022-01-24 07:01:33,517561,56.7194504737854
4283,2022-01-24 08:01:02,517561,53.4761848449707
4284,2022-01-24 07:01:38,517562,51.30892729759216
4285,2022-01-24 08:01:38,517563,51.28998875617981
4286,2022-01-24 09:01:18,517564,51.20117950439453
4287,2022-01-24 09:01:28,517564,51.115347385406494
4288,2022-01-24 09:01:37,517564,51.21878433227539
4289,2022-01-25 01:01:09,517568,51.52968215942383
4290,2022-01-25 01:01:45,517568,50.64855456352234
4291,2022-01-25 01:01:55,517568,51.39939308166504
4292,2022-01-25 02:01:15,517568,51.35599327087402
4293,2022-01-25 04:01:19,517573,51.805460929870605
4294,2022-01-25 05:01:43,517573,51.09364676475525
4295,2022-01-25 06:01:01,517573,52.53316783905029
4296,2022-01-25 07:01:07,517574,52.24933195114136
4297,2022-01-25 07:01:37,517574,51.737372636795044
4298,2022-01-25 07:01:39,517574,54.3530957698822
4299,2022-01-25 08:01:05,517574,52.1492280960083
4300,2022-01-25 08:01:52,517574,51.387919902801514
4301,2022-01-25 09:01:05,517574,54.928651094436646
4302,2022-01-25 10:01:23,517575,54.8134925365448
4303,2022-01-25 11:01:51,517577,55.12440776824951
4304,2022-01-25 01:01:03,517578,51.78705549240112
4305,2022-01-25 01:01:56,517578,50.73565888404846
4306,2022-01-25 12:01:07,517578,54.27212429046631
4307,2022-01-25 02:01:41,517580,50.76126766204834
4308,2022-01-25 02:01:55,517580,52.197638273239136
4309,2022-01-25 03:01:00,517580,51.33070397377014
4310,2022-01-25 03:01:27,517580,51.96934413909912
4311,2022-01-25 03:01:30,517580,54.8705735206604
4312,2022-01-25 04:01:13,517580,52.152061223983765
4313,2022-01-25 04:01:20,517580,51.88274908065796
4314,2022-01-25 04:01:40,517580,51.409210443496704
4315,2022-01-25 04:01:51,517580,52.039424657821655
4316,2022-01-25 04:01:58,517580,50.85888338088989
4317,2022-01-25 05:01:10,517580,55.18481969833374
4318,2022-01-25 05:01:45,517580,51.43701958656311
4319,2022-01-25 05:01:48,517580,51.5024938583374
4320,2022-01-25 06:01:14,517582,50.27955603599548
4321,2022-01-25 06:01:35,517582,52.094213247299194
4322,2022-01-25 07:01:04,517582,51.06432795524597
4323,2022-01-25 07:01:41,517582,51.75505805015564
4324,2022-01-25 07:01:41,517582,50.859867572784424
4325,2022-01-25 07:01:48,517582,51.10987186431885
4326,2022-01-25 08:01:30,517582,51.37477397918701
4327,2022-01-25 07:01:21,517583,51.032419204711914
4328,2022-01-25 08:01:14,517583,50.67437434196472
4329,2022-01-25 08:01:57,517583,51.34627366065979
4330,2022-01-25 09:01:23,517583,51.16987442970276
4331,2022-01-25 09:01:24,517583,52.29073190689087
4332,2022-01-25 09:01:25,517583,53.518396854400635
4333,2022-01-25 09:01:38,517584,51.12222361564636
4334,2022-01-25 10:01:12,517586,51.23376226425171
4335,2022-01-25 10:01:18,517586,52.056045055389404
4336,2022-01-25 11:01:00,517588,51.479286909103394
4337,2022-01-25 11:01:38,517588,53.73436260223389
4338,2022-01-26 02:01:24,517597,56.184680700302124
4339,2022-01-26 06:01:21,517600,51.08325123786926
4340,2022-01-26 06:01:55,517600,52.33238410949707
4341,2022-01-26 09:01:10,517600,52.92300534248352
4342,2022-01-26 09:01:13,517601,51.266754388809204
4343,2022-01-26 10:01:39,517602,51.144121170043945
4344,2022-01-26 10:01:52,517602,52.790955781936646
4345,2022-01-26 10:01:53,517602,51.70677971839905
4346,2022-01-26 11:01:45,517602,51.74058794975281
4347,2022-01-26 11:01:51,517602,51.37560558319092
4348,2022-01-26 11:01:32,517603,52.01830697059631
4349,2022-01-26 11:01:42,517603,51.51726818084717
4350,2022-01-26 01:01:01,517604,52.96220803260803
4351,2022-01-26 11:01:57,517604,51.195605993270874
4352,2022-01-26 01:01:31,517606,51.23967123031616
4353,2022-01-26 11:01:05,517606,52.889864444732666
4354,2022-01-26 11:01:27,517606,51.942551136016846
4355,2022-01-26 11:01:28,517606,51.87204337120056
4356,2022-01-26 12:01:24,517606,51.91131377220154
4357,2022-01-26 02:01:20,517607,51.12981653213501
4358,2022-01-26 02:01:35,517607,51.33656620979309
4359,2022-01-26 03:01:15,517608,53.721593618392944
4360,2022-01-26 03:01:30,517608,51.51446557044983
4361,2022-01-26 03:01:29,517610,51.044729471206665
4362,2022-01-26 03:01:30,517611,55.44483828544617
4363,2022-01-26 07:01:24,517619,50.7545964717865
4364,2022-01-26 07:01:26,517619,51.16821241378784
4365,2022-01-26 08:01:25,517620,51.081717014312744
4366,2022-01-27 02:01:25,517627,51.35975432395935
4367,2022-01-27 01:01:06,517628,51.77153992652893
4368,2022-01-27 01:01:09,517628,50.976712703704834
4369,2022-01-27 01:01:19,517628,51.36809539794922
4370,2022-01-27 01:01:25,517628,55.18491816520691
4371,2022-01-27 01:01:31,517628,50.952592611312866
4372,2022-01-27 01:01:46,517628,51.208563804626465
4373,2022-01-27 01:01:51,517628,55.70060658454895
4374,2022-01-27 04:01:02,517628,52.2006573677063
4375,2022-01-27 05:01:35,517628,52.20632863044739
4376,2022-01-27 06:01:15,517628,53.30052447319031
4377,2022-01-27 06:01:34,517628,53.75841283798218
4378,2022-01-27 07:01:19,517628,51.47485160827637
4379,2022-01-27 08:01:12,517628,50.97188377380371
4380,2022-01-27 10:01:03,517628,51.96218776702881
4381,2022-01-27 10:01:59,517628,53.548224210739136
4382,2022-01-27 11:01:08,517628,51.73736929893494
4383,2022-01-27 11:01:13,517628,51.60664486885071
4384,2022-01-27 12:01:05,517628,50.864628314971924
4385,2022-01-27 02:01:08,517629,51.69030714035034
4386,2022-01-27 02:01:14,517629,51.11344933509827
4387,2022-01-27 02:01:21,517629,51.492385149002075
4388,2022-01-27 02:01:29,517629,54.97083306312561
4389,2022-01-27 05:01:25,517629,49.61854410171509
4390,2022-01-27 02:01:20,517630,51.76740050315857
4391,2022-01-27 06:01:39,517630,53.39474368095398
4392,2022-01-27 06:01:11,517631,51.549312353134155
4393,2022-01-27 06:01:01,517633,50.944530725479126
4394,2022-01-27 07:01:23,517633,53.09648299217224
4395,2022-01-27 07:01:57,517633,54.48866319656372
4396,2022-01-27 08:01:12,517635,51.12459063529968
4397,2022-01-27 10:01:19,517635,55.73290514945984
4398,2022-01-27 10:01:39,517635,51.47236609458923
4399,2022-01-27 11:01:51,517635,52.754065990448
4400,2022-01-27 11:01:26,517636,50.91913366317749
4401,2022-01-28 12:01:19,517637,50.706374645233154
4402,2022-01-28 01:01:23,517640,54.80815148353577
4403,2022-01-28 01:01:53,517642,52.48227047920227
4404,2022-01-28 01:01:53,517643,51.59502100944519
4405,2022-01-28 02:01:08,517644,51.24668073654175
4406,2022-01-28 02:01:51,517645,51.87571334838867
4407,2022-01-28 03:01:30,517646,51.52473783493042
4408,2022-01-28 03:01:36,517647,51.07086229324341
4409,2022-01-28 06:01:51,517649,51.21702527999878
4410,2022-01-28 07:01:11,517649,51.86925935745239
4411,2022-01-28 08:01:45,517650,51.34823393821716
4412,2022-01-28 09:01:48,517651,51.43090486526489
4413,2022-01-28 10:01:44,517651,51.126463413238525
4414,2022-01-28 10:01:46,517651,53.21788024902344
4415,2022-01-28 10:01:51,517651,55.129586935043335
4416,2022-01-28 11:01:41,517651,51.74750375747681
4417,2022-01-28 11:01:13,517652,52.41573524475098
4418,2022-01-28 11:01:49,517652,55.346912145614624
4419,2022-01-28 11:01:56,517652,51.175252199172974
4420,2022-01-28 11:01:58,517652,51.71551990509033
4421,2022-01-28 12:01:09,517652,52.174570083618164
4422,2022-01-28 12:01:50,517652,56.540053844451904
4423,2022-01-28 02:01:57,517653,52.39889311790466
4424,2022-01-28 01:01:37,517654,51.85271120071411
4425,2022-01-28 02:01:36,517654,51.21366262435913
4426,2022-01-28 02:01:53,517656,50.90309476852417
4427,2022-01-28 05:01:26,517661,51.04098176956177
4428,2022-01-28 06:01:38,517663,52.38418912887573
4429,2022-01-28 06:01:52,517663,51.3614776134491
4430,2022-01-28 06:01:59,517664,50.587456941604614
4431,2022-01-28 07:01:47,517665,53.790897846221924
4432,2022-01-28 07:01:52,517665,50.8766553401947
4433,2022-01-28 09:01:00,517665,54.47906041145325
4434,2022-01-28 09:01:32,517665,51.27278232574463
4435,2022-01-28 09:01:55,517665,51.42179870605469
4436,2022-01-28 09:01:58,517667,51.587767362594604
4437,2022-01-28 09:01:57,517668,54.29537057876587
4438,2022-01-28 09:01:29,517669,51.66311812400818
4439,2022-01-28 10:01:42,517669,53.73511528968811
4440,2022-01-28 10:01:54,517670,51.80289697647095
4441,2022-01-29 01:01:07,517673,54.9660210609436
4442,2022-01-29 02:01:40,517673,55.64717078208923
4443,2022-01-29 02:01:48,517673,50.286954164505005
4444,2022-01-29 08:01:06,517676,51.72738790512085
4445,2022-01-29 02:01:13,517677,51.15079712867737
4446,2022-01-29 02:01:49,517677,51.5791540145874
4447,2022-01-30 03:01:55,517678,51.549320459365845
4448,2022-01-30 04:01:25,517678,51.61137509346008
4449,2022-01-30 12:01:49,517678,51.95255255699158
4450,2022-01-30 12:01:55,517678,52.571826457977295
4451,2022-01-30 01:01:24,517679,51.507768392562866
4452,2022-01-30 12:01:55,517679,51.56709623336792
4453,2022-01-30 05:01:48,517680,52.22006034851074
4454,2022-01-31 01:01:25,517686,50.97263789176941
4455,2022-01-31 01:01:35,517686,55.22635507583618
4456,2022-01-31 11:01:59,517686,56.45560693740845
4457,2022-01-31 12:01:16,517686,55.236912965774536
4458,2022-01-31 10:01:30,517687,56.20133352279663
4459,2022-01-31 11:01:12,517687,51.88462018966675
4460,2022-01-31 02:01:38,517688,51.0949592590332
4461,2022-01-31 12:01:02,517688,50.902323484420776
4462,2022-01-31 12:01:29,517688,51.463069438934326
4463,2022-01-31 12:01:48,517688,51.28104519844055
4464,2022-01-31 01:01:19,517689,56.187474489212036
4465,2022-01-31 01:01:33,517689,55.691319942474365
4466,2022-01-31 01:01:39,517689,51.431689739227295
4467,2022-01-31 02:01:07,517689,51.87718915939331
4468,2022-01-31 02:01:21,517690,51.36907196044922
4469,2022-01-31 02:01:43,517690,56.52536964416504
4470,2022-01-31 05:01:01,517690,51.37300443649292
4471,2022-01-31 05:01:36,517690,56.32666993141174
4472,2022-01-31 05:01:52,517690,51.03965353965759
4473,2022-01-31 05:01:56,517690,53.46635055541992
4474,2022-01-31 06:01:18,517690,50.86317181587219
4475,2022-01-31 06:01:15,517691,51.32842946052551
4476,2022-01-31 06:01:37,517691,50.77928161621094
4477,2022-01-31 07:01:09,517691,50.526126861572266
4478,2022-01-31 07:01:32,517691,51.361671686172485
4479,2022-01-31 07:01:30,517692,51.635756492614746
4480,2022-01-31 08:01:51,517693,51.34151744842529
4481,2022-01-31 09:01:18,517693,51.29608988761902
4482,2022-01-31 09:01:54,517693,51.34056043624878
4483,2022-01-31 09:01:58,517693,52.15256333351135
4484,2022-01-31 10:01:17,517693,56.53449559211731
4485,2022-01-31 10:01:04,517695,53.37826943397522
4486,2022-02-01 05:02:14,517704,51.742810010910034
4487,2022-02-01 06:02:33,517704,51.604053258895874
4488,2022-02-01 07:02:09,517704,51.406238317489624
4489,2022-02-01 09:02:38,517704,51.063918113708496
4490,2022-02-01 10:02:54,517704,51.50994110107422
4491,2022-02-01 11:02:35,517704,52.35770797729492
4492,2022-02-01 11:02:56,517704,53.12757682800293
4493,2022-02-01 12:02:15,517704,51.658432960510254
4494,2022-02-01 12:02:48,517704,56.46693181991577
4495,2022-02-01 01:02:45,517705,51.47979426383972
4496,2022-02-01 12:02:48,517705,51.72348880767822
4497,2022-02-01 02:02:46,517706,51.41371130943298
4498,2022-02-01 02:02:08,517707,51.937461376190186
4499,2022-02-01 04:02:00,517709,53.15900158882141
4500,2022-02-01 04:02:32,517710,52.85427498817444
4501,2022-02-01 07:02:57,517714,50.69484782218933
4502,2022-02-01 08:02:18,517714,51.20154666900635
4503,2022-02-01 07:02:44,517715,52.08906388282776
4504,2022-02-01 08:02:13,517716,51.2456214427948
4505,2022-02-01 08:02:25,517716,51.22947359085083
4506,2022-02-01 09:02:51,517719,55.098779916763306
4507,2022-02-01 09:02:21,517720,51.16924524307251
4508,2022-02-01 10:02:39,517721,51.58480501174927
4509,2022-02-02 01:02:34,517721,50.964505672454834
4510,2022-02-02 02:02:37,517721,49.92535400390625
4511,2022-02-02 12:02:59,517721,51.10059666633606
4512,2022-02-02 02:02:47,517722,52.83922362327576
4513,2022-02-02 03:02:15,517723,50.989450216293335
4514,2022-02-02 05:02:54,517723,50.65491533279419
4515,2022-02-02 09:02:00,517723,54.63126730918884
4516,2022-02-02 09:02:23,517723,51.43525433540344
4517,2022-02-02 10:02:18,517723,51.39724540710449
4518,2022-02-02 11:02:02,517723,51.95501732826233
4519,2022-02-02 12:02:31,517723,55.31268644332886
4520,2022-02-02 12:02:45,517723,51.561729431152344
4521,2022-02-02 12:02:20,517724,56.101056814193726
4522,2022-02-02 12:02:09,517725,51.54999303817749
4523,2022-02-02 03:02:14,517730,55.02332830429077
4524,2022-02-02 03:02:29,517730,51.57776641845703
4525,2022-02-02 05:02:04,517731,50.6399245262146
4526,2022-02-02 05:02:14,517731,52.49336504936218
4527,2022-02-02 05:02:37,517731,53.59148979187012
4528,2022-02-02 05:02:37,517731,51.32086682319641
4529,2022-02-02 06:02:44,517731,51.24190592765808
4530,2022-02-02 05:02:23,517732,51.34390997886658
4531,2022-02-02 07:02:53,517732,51.62819027900696
4532,2022-02-02 07:02:44,517733,55.49147057533264
4533,2022-02-02 07:02:21,517736,52.20451855659485
4534,2022-02-02 08:02:12,517736,50.92866086959839
4535,2022-02-02 10:02:36,517738,55.82261419296265
4536,2022-02-02 10:02:46,517738,55.856791973114014
4537,2022-02-02 10:02:47,517738,54.792773962020874
4538,2022-02-02 11:02:04,517738,50.27481985092163
4539,2022-02-02 11:02:28,517738,50.46706795692444
4540,2022-02-02 11:02:37,517738,51.407121896743774
4541,2022-02-03 01:02:37,517742,52.07584476470947
4542,2022-02-03 03:02:36,517742,50.44360566139221
4543,2022-02-03 01:02:18,517749,51.87562417984009
4544,2022-02-03 01:02:40,517749,51.73223853111267
4545,2022-02-03 08:02:15,517749,51.44347357749939
4546,2022-02-03 08:02:28,517749,51.85540151596069
4547,2022-02-03 09:02:48,517749,51.54347848892212
4548,2022-02-03 09:02:51,517749,51.13724184036255
4549,2022-02-03 10:02:12,517749,52.86082696914673
4550,2022-02-03 10:02:55,517749,52.42378282546997
4551,2022-02-03 11:02:44,517749,51.33158755302429
4552,2022-02-03 11:02:50,517749,51.681010723114014
4553,2022-02-03 12:02:21,517749,51.356717586517334
4554,2022-02-03 01:02:22,517750,51.50446391105652
4555,2022-02-03 01:02:55,517750,51.33638095855713
4556,2022-02-03 03:02:08,517750,51.012866735458374
4557,2022-02-03 02:02:31,517751,51.30195164680481
4558,2022-02-03 02:02:33,517752,51.0552978515625
4559,2022-02-03 02:02:50,517752,51.63883972167969
4560,2022-02-03 03:02:29,517752,52.57900595664978
4561,2022-02-03 03:02:04,517753,50.89559602737427
4562,2022-02-03 04:02:41,517754,55.0566680431366
4563,2022-02-03 04:02:12,517755,51.16011309623718
4564,2022-02-03 04:02:21,517755,52.87993264198303
4565,2022-02-03 05:02:04,517756,51.55926775932312
4566,2022-02-03 05:02:13,517756,50.80279350280762
4567,2022-02-03 05:02:40,517756,51.472671031951904
4568,2022-02-03 05:02:44,517756,52.70874309539795
4569,2022-02-03 08:02:20,517760,52.495516300201416
4570,2022-02-03 08:02:22,517761,51.33033752441406
4571,2022-02-03 08:02:25,517763,52.02240443229675
4572,2022-02-03 08:02:53,517763,55.842602252960205
4573,2022-02-03 10:02:51,517765,51.321834564208984
4574,2022-02-04 03:02:12,517768,51.31759786605835
4575,2022-02-04 03:02:50,517770,51.489949464797974
4576,2022-02-04 04:02:46,517770,51.598199129104614
4577,2022-02-04 05:02:33,517771,52.250922441482544
4578,2022-02-04 07:02:55,517771,51.54841351509094
4579,2022-02-04 08:02:59,517771,52.015230655670166
4580,2022-02-04 10:02:10,517772,53.615270376205444
4581,2022-02-04 10:02:20,517773,51.768150806427
4582,2022-02-04 10:02:30,517773,51.96868562698364
4583,2022-02-04 11:02:45,517773,51.403510093688965
4584,2022-02-04 11:02:51,517773,51.83009171485901
4585,2022-02-04 11:02:05,517774,51.101608991622925
4586,2022-02-04 11:02:12,517774,55.26846885681152
4587,2022-02-04 12:02:04,517774,51.72122359275818
4588,2022-02-04 12:02:04,517774,51.991305351257324
4589,2022-02-04 12:02:52,517774,51.37111973762512
4590,2022-02-04 01:02:26,517776,51.45603561401367
4591,2022-02-04 01:02:24,517777,51.904887199401855
4592,2022-02-04 02:02:47,517777,51.25931930541992
4593,2022-02-04 01:02:48,517778,53.77600359916687
4594,2022-02-04 02:02:35,517779,52.04712772369385
4595,2022-02-04 03:02:52,517782,56.59721255302429
4596,2022-02-04 04:02:49,517783,52.04652261734009
4597,2022-02-04 05:02:16,517786,52.77348303794861
4598,2022-02-04 05:02:30,517787,51.42275357246399
4599,2022-02-04 07:02:41,517787,53.296401023864746
4600,2022-02-04 07:02:43,517787,51.57805800437927
4601,2022-02-04 07:02:00,517788,51.2578239440918
4602,2022-02-04 07:02:24,517789,51.34635925292969
4603,2022-02-04 08:02:01,517789,54.11875891685486
4604,2022-02-04 08:02:01,517789,51.60282635688782
4605,2022-02-04 08:02:11,517789,51.64178538322449
4606,2022-02-04 08:02:15,517789,56.22367978096008
4607,2022-02-04 08:02:08,517790,52.007564067840576
4608,2022-02-04 08:02:40,517790,52.972145795822144
4609,2022-02-04 11:02:55,517792,51.72874855995178
4610,2022-02-05 12:02:04,517795,51.410101652145386
4611,2022-02-05 04:02:56,517799,51.21864557266235
4612,2022-02-05 05:02:31,517800,51.34451127052307
4613,2022-02-05 09:02:11,517800,54.60465383529663
4614,2022-02-06 02:02:34,517801,51.60472249984741
4615,2022-02-06 07:02:40,517801,51.55909538269043
4616,2022-02-06 09:02:06,517801,53.08813238143921
4617,2022-02-06 10:02:40,517801,50.996602058410645
4618,2022-02-07 05:02:08,517801,56.162376165390015
4619,2022-02-07 05:02:12,517801,51.25194692611694
4620,2022-02-07 05:02:27,517801,51.26586723327637
4621,2022-02-07 06:02:39,517802,51.61804962158203
4622,2022-02-07 06:02:47,517802,51.39424157142639
4623,2022-02-07 07:02:42,517802,53.19814395904541
4624,2022-02-07 08:02:07,517802,51.25823926925659
4625,2022-02-07 09:02:04,517802,52.51089406013489
4626,2022-02-07 09:02:34,517802,51.171838998794556
4627,2022-02-07 09:02:35,517802,56.72625994682312
4628,2022-02-07 10:02:26,517802,50.792972564697266
4629,2022-02-07 11:02:04,517803,51.619959592819214
4630,2022-02-07 12:02:11,517803,52.755791902542114
4631,2022-02-07 01:02:34,517804,51.449530363082886
4632,2022-02-07 01:02:49,517804,51.904343366622925
4633,2022-02-07 01:02:50,517804,52.15623235702515
4634,2022-02-07 02:02:54,517804,53.96598219871521
4635,2022-02-07 12:02:13,517804,55.53331160545349
4636,2022-02-07 02:02:14,517805,51.41211819648743
4637,2022-02-07 02:02:30,517805,51.67339324951172
4638,2022-02-07 02:02:37,517805,51.82377099990845
4639,2022-02-07 02:02:45,517805,51.65977907180786
4640,2022-02-08 07:02:38,517805,51.492167949676514
4641,2022-02-07 02:02:11,517806,52.455578327178955
4642,2022-02-07 03:02:13,517806,51.53737163543701
4643,2022-02-07 05:02:20,517806,51.515419721603394
4644,2022-02-07 05:02:45,517806,51.38894963264465
4645,2022-02-07 05:02:50,517806,51.69137763977051
4646,2022-02-07 07:02:15,517806,53.7387478351593
4647,2022-02-07 07:02:34,517806,51.735023021698
4648,2022-02-07 07:02:37,517806,51.16213035583496
4649,2022-02-07 08:02:20,517807,51.402991771698
4650,2022-02-07 08:02:47,517809,51.50407004356384
4651,2022-02-07 09:02:37,517810,52.827861070632935
4652,2022-02-07 09:02:20,517811,51.97060823440552
4653,2022-02-07 09:02:00,517812,51.71225714683533
4654,2022-02-07 11:02:17,517815,51.25951552391052
4655,2022-02-07 11:02:40,517816,51.1532142162323
4656,2022-02-08 01:02:51,517820,51.50510764122009
4657,2022-02-08 02:02:20,517822,51.53996682167053
4658,2022-02-08 04:02:48,517823,56.73702931404114
4659,2022-02-08 04:02:26,517824,51.21727132797241
4660,2022-02-08 05:02:45,517824,50.88585925102234
4661,2022-02-08 06:02:24,517825,52.36068511009216
4662,2022-02-08 06:02:38,517825,55.750016927719116
4663,2022-02-08 10:02:43,517831,51.594704389572144
4664,2022-02-08 10:02:36,517832,51.43846130371094
4665,2022-02-08 11:02:40,517832,51.576125621795654
4666,2022-02-08 01:02:03,517833,52.92511868476868
4667,2022-02-08 01:02:29,517833,50.9479501247406
4668,2022-02-08 03:02:37,517835,51.95504021644592
4669,2022-02-08 08:02:08,517836,51.66993260383606
4670,2022-02-08 08:02:44,517836,52.00352692604065
4671,2022-02-08 09:02:02,517836,51.54408001899719
4672,2022-02-08 09:02:30,517836,52.79488754272461
4673,2022-02-08 09:02:58,517836,51.44861578941345
4674,2022-02-08 10:02:24,517836,51.9725615978241
4675,2022-02-08 10:02:25,517836,51.144484996795654
4676,2022-02-08 11:02:20,517837,50.623302698135376
4677,2022-02-08 11:02:47,517837,52.35374641418457
4678,2022-02-08 11:02:54,517837,53.27496409416199
4679,2022-02-09 12:02:43,517837,51.58682584762573
4680,2022-02-09 01:02:13,517838,51.43675899505615
4681,2022-02-09 01:02:59,517838,52.43972730636597
4682,2022-02-09 02:02:31,517838,51.80736804008484
4683,2022-02-09 02:02:39,517838,49.969844818115234
4684,2022-02-09 02:02:51,517838,50.59191846847534
4685,2022-02-09 12:02:16,517838,53.007397174835205
4686,2022-02-09 12:02:21,517838,52.175389766693115
4687,2022-02-09 12:02:28,517838,51.8953218460083
4688,2022-02-09 12:02:41,517838,51.67379403114319
4689,2022-02-09 02:02:52,517839,51.767321825027466
4690,2022-02-09 02:02:12,517840,55.858551025390625
4691,2022-02-09 02:02:40,517840,52.162147760391235
4692,2022-02-09 02:02:54,517840,51.345627307891846
4693,2022-02-09 02:02:59,517840,51.743572473526
4694,2022-02-09 03:02:00,517840,51.46855092048645
4695,2022-02-09 03:02:16,517840,51.05767798423767
4696,2022-02-09 04:02:00,517840,50.57361817359924
4697,2022-02-09 03:02:30,517843,56.2642822265625
4698,2022-02-09 04:02:08,517843,51.02387714385986
4699,2022-02-09 04:02:19,517843,51.298547983169556
4700,2022-02-09 05:02:34,517843,53.70277643203735
4701,2022-02-09 05:02:11,517844,51.3019540309906
4702,2022-02-09 05:02:15,517844,55.918564796447754
4703,2022-02-09 06:02:42,517845,54.53222727775574
4704,2022-02-09 06:02:43,517845,51.72030830383301
4705,2022-02-09 09:02:48,517850,51.67008686065674
4706,2022-02-09 09:02:53,517850,53.58883810043335
4707,2022-02-09 11:02:05,517851,54.846964836120605
4708,2022-02-09 01:02:25,517852,55.32641911506653
4709,2022-02-09 01:02:34,517852,51.16773748397827
4710,2022-02-09 12:02:29,517852,54.57569122314453
4711,2022-02-09 01:02:52,517853,51.716546297073364
4712,2022-02-09 01:02:16,517855,51.30335521697998
4713,2022-02-09 02:02:02,517856,52.06991481781006
4714,2022-02-09 02:02:37,517856,52.12826442718506
4715,2022-02-09 03:02:42,517856,50.23311710357666
4716,2022-02-09 05:02:26,517861,55.289849281311035
4717,2022-02-09 05:02:54,517861,50.97025752067566
4718,2022-02-09 06:02:34,517863,51.53333854675293
4719,2022-02-09 07:02:42,517863,51.187010526657104
4720,2022-02-09 07:02:41,517864,52.408551931381226
4721,2022-02-09 09:02:10,517864,53.81811857223511
4722,2022-02-09 09:02:26,517868,53.72434401512146
4723,2022-02-09 10:02:07,517868,56.68644857406616
4724,2022-02-09 10:02:23,517868,55.745211362838745
4725,2022-02-09 10:02:29,517868,56.22024607658386
4726,2022-02-09 11:02:32,517869,51.70331835746765
4727,2022-02-10 12:02:33,517869,52.45442509651184
4728,2022-02-10 01:02:11,517872,54.79003620147705
4729,2022-02-10 02:02:02,517872,51.127991914749146
4730,2022-02-10 03:02:28,517872,55.814042806625366
4731,2022-02-10 05:02:48,517873,54.28606057167053
4732,2022-02-10 05:02:38,517875,51.453131675720215
4733,2022-02-10 06:02:49,517875,52.27177572250366
4734,2022-02-10 06:02:03,517876,51.32960534095764
4735,2022-02-10 06:02:08,517876,51.42149496078491
4736,2022-02-10 09:02:46,517878,51.75723719596863
4737,2022-02-10 09:02:50,517878,53.454503774642944
4738,2022-02-10 11:02:23,517878,51.1321439743042
4739,2022-02-10 11:02:41,517878,51.97694683074951
4740,2022-02-10 12:02:02,517878,51.14749789237976
4741,2022-02-10 12:02:40,517879,51.17034649848938
4742,2022-02-10 12:02:48,517879,51.522807598114014
4743,2022-02-10 01:02:46,517881,54.791767835617065
4744,2022-02-10 01:02:53,517881,54.56758904457092
4745,2022-02-10 01:02:50,517882,50.93212342262268
4746,2022-02-10 02:02:53,517883,52.955869913101196
4747,2022-02-10 02:02:48,517885,53.49652338027954
4748,2022-02-10 03:02:38,517885,51.8512225151062
4749,2022-02-10 03:02:14,517886,55.16203784942627
4750,2022-02-10 07:02:32,517888,50.946905851364136
4751,2022-02-10 07:02:48,517888,52.2599458694458
4752,2022-02-10 07:02:38,517890,52.89884662628174
4753,2022-02-10 08:02:44,517890,52.202495098114014
4754,2022-02-10 08:02:23,517891,51.748507499694824
4755,2022-02-10 08:02:54,517892,51.13147211074829
4756,2022-02-10 09:02:18,517894,51.9438693523407
4757,2022-02-10 10:02:40,517895,54.918025970458984
4758,2022-02-10 11:02:05,517896,54.67988586425781
4759,2022-02-11 12:02:13,517897,54.77424144744873
4760,2022-02-11 12:02:52,517898,51.32309865951538
4761,2022-02-11 01:02:08,517902,51.48340439796448
4762,2022-02-11 01:02:47,517902,50.99895668029785
4763,2022-02-11 01:02:51,517902,55.08908820152283
4764,2022-02-11 03:02:37,517902,51.84244441986084
4765,2022-02-11 06:02:03,517902,51.98784852027893
4766,2022-02-11 06:02:55,517902,52.90691828727722
4767,2022-02-11 07:02:26,517902,51.11000990867615
4768,2022-02-11 08:02:25,517902,55.55227184295654
4769,2022-02-11 09:02:04,517902,52.45354723930359
4770,2022-02-11 09:02:23,517902,51.15632963180542
4771,2022-02-11 09:02:39,517902,56.53828287124634
4772,2022-02-11 09:02:50,517902,50.89637231826782
4773,2022-02-11 09:02:50,517902,51.53663969039917
4774,2022-02-11 10:02:18,517902,51.8886604309082
4775,2022-02-11 10:02:49,517902,51.463338136672974
4776,2022-02-11 12:02:35,517902,52.50810527801514
4777,2022-02-11 12:02:37,517902,51.363815784454346
4778,2022-02-11 12:02:49,517902,51.596272706985474
4779,2022-02-11 12:02:49,517902,50.993181228637695
4780,2022-02-11 02:02:04,517903,50.849796295166016
4781,2022-02-11 02:02:30,517904,53.089767932891846
4782,2022-02-11 02:02:23,517905,51.25004601478577
4783,2022-02-11 02:02:27,517905,55.77846813201904
4784,2022-02-11 02:02:55,517905,51.373345613479614
4785,2022-02-11 03:02:11,517905,52.191200256347656
4786,2022-02-11 03:02:29,517905,51.99341440200806
4787,2022-02-11 03:02:49,517906,52.88306546211243
4788,2022-02-11 05:02:43,517910,55.16947627067566
4789,2022-02-11 05:02:51,517910,55.80642771720886
4790,2022-02-11 06:02:49,517912,52.472336530685425
4791,2022-02-11 07:02:45,517912,51.83621788024902
4792,2022-02-11 08:02:57,517912,55.19273567199707
4793,2022-02-11 08:02:43,517914,51.227147817611694
4794,2022-02-11 09:02:18,517915,51.599658250808716
4795,2022-02-12 01:02:02,517919,51.955939292907715
4796,2022-02-12 01:02:41,517919,55.84648585319519
4797,2022-02-12 12:02:26,517919,51.23530864715576
4798,2022-02-12 01:02:19,517920,52.882872581481934
4799,2022-02-12 01:02:55,517920,51.521830797195435
4800,2022-02-12 09:02:06,517922,56.133546352386475
4801,2022-02-12 04:02:19,517924,51.10407781600952
4802,2022-02-12 05:02:22,517924,49.810352087020874
4803,2022-02-12 08:02:56,517924,51.287670373916626
4804,2022-02-13 04:02:10,517925,53.14212393760681
4805,2022-02-13 01:02:39,517926,51.324814319610596
4806,2022-02-13 02:02:22,517926,52.95975375175476
4807,2022-02-13 03:02:34,517926,51.18522524833679
4808,2022-02-13 05:02:35,517926,51.644529581069946
4809,2022-02-14 02:02:03,517928,50.83483576774597
4810,2022-02-14 02:02:25,517928,52.331690311431885
4811,2022-02-14 02:02:48,517928,52.59964370727539
4812,2022-02-14 04:02:25,517928,55.439255237579346
4813,2022-02-14 04:02:36,517928,51.14159631729126
4814,2022-02-14 04:02:58,517928,56.15667700767517
4815,2022-02-14 05:02:23,517928,51.36275506019592
4816,2022-02-14 05:02:53,517928,50.261935234069824
4817,2022-02-14 05:02:54,517928,52.25727438926697
4818,2022-02-14 05:02:56,517928,51.725972414016724
4819,2022-02-14 08:02:45,517929,51.02921652793884
4820,2022-02-14 09:02:37,517929,51.23457860946655
4821,2022-02-14 09:02:08,517930,51.242907762527466
4822,2022-02-14 01:02:53,517931,52.49418783187866
4823,2022-02-14 04:02:05,517931,52.92567992210388
4824,2022-02-14 02:02:28,517932,55.107977867126465
4825,2022-02-14 03:02:03,517932,52.10671424865723
4826,2022-02-14 04:02:28,517932,52.007715702056885
4827,2022-02-14 04:02:46,517932,51.80236315727234
4828,2022-02-14 04:02:53,517932,52.48594856262207
4829,2022-02-14 04:02:55,517932,51.51957154273987
4830,2022-02-14 05:02:42,517932,55.42598581314087
4831,2022-02-14 07:02:10,517932,52.366825103759766
4832,2022-02-14 07:02:11,517932,51.76161766052246
4833,2022-02-14 07:02:27,517932,51.99833703041077
4834,2022-02-14 07:02:47,517932,53.6168098449707
4835,2022-02-14 08:02:21,517932,51.597710847854614
4836,2022-02-14 08:02:34,517932,52.46993350982666
4837,2022-02-14 08:02:38,517932,54.03481602668762
4838,2022-02-14 09:02:26,517932,51.11586022377014
4839,2022-02-14 09:02:47,517932,50.6785249710083
4840,2022-02-14 09:02:48,517933,51.753673791885376
4841,2022-02-14 10:02:10,517933,52.39937162399292
4842,2022-02-14 10:02:54,517934,51.34798741340637
4843,2022-02-14 10:02:05,517936,53.07300901412964
4844,2022-02-14 10:02:55,517936,53.2698609828949
4845,2022-02-14 11:02:19,517936,53.22427177429199
4846,2022-02-14 11:02:31,517936,52.46996760368347
4847,2022-02-15 12:02:29,517936,51.884461879730225
4848,2022-02-15 01:02:51,517937,51.18693208694458
4849,2022-02-15 01:02:58,517937,53.95247220993042
4850,2022-02-15 03:02:03,517939,50.95703625679016
4851,2022-02-15 04:02:02,517939,53.005088329315186
4852,2022-02-15 05:02:03,517939,51.68163323402405
4853,2022-02-15 05:02:45,517940,56.690465688705444
4854,2022-02-15 05:02:56,517940,52.106380462646484
4855,2022-02-15 06:02:16,517941,56.269797563552856
4856,2022-02-15 07:02:17,517941,52.25428819656372
4857,2022-02-15 09:02:12,517948,53.068987131118774
4858,2022-02-15 09:02:25,517948,56.34210157394409
4859,2022-02-15 09:02:10,517950,52.355658292770386
4860,2022-02-15 10:02:03,517951,56.72681975364685
4861,2022-02-15 12:02:21,517954,52.008251428604126
4862,2022-02-15 12:02:29,517954,53.81337881088257
4863,2022-02-15 12:02:47,517954,54.61509370803833
4864,2022-02-15 05:02:26,517957,51.66764736175537
4865,2022-02-15 09:02:02,517959,52.49653625488281
4866,2022-02-15 09:02:04,517959,51.65179657936096
4867,2022-02-15 10:02:00,517959,54.52225637435913
4868,2022-02-15 10:02:52,517959,52.210017919540405
4869,2022-02-16 12:02:13,517959,55.1245219707489
4870,2022-02-15 10:02:14,517960,52.395256757736206
4871,2022-02-15 11:02:36,517960,51.283045291900635
4872,2022-02-15 11:02:50,517960,51.39472699165344
4873,2022-02-15 11:02:59,517960,56.55121898651123
4874,2022-02-16 01:02:55,517960,51.7647008895874
4875,2022-02-15 11:02:06,517961,51.06785011291504
4876,2022-02-15 11:02:26,517961,51.74868822097778
4877,2022-02-16 12:02:00,517962,52.33995342254639
4878,2022-02-16 12:02:31,517962,56.29252243041992
4879,2022-02-16 04:02:15,517965,56.29405331611633
4880,2022-02-16 04:02:22,517965,51.4595103263855
4881,2022-02-16 06:02:36,517965,52.077802658081055
4882,2022-02-16 05:02:12,517966,55.7065052986145
4883,2022-02-16 07:02:20,517966,49.990272760391235
4884,2022-02-16 06:02:39,517967,51.55476117134094
4885,2022-02-16 06:02:43,517967,51.7830536365509
4886,2022-02-16 08:02:29,517971,51.57013487815857
4887,2022-02-16 09:02:06,517971,51.95061111450195
4888,2022-02-16 09:02:51,517971,51.24198794364929
4889,2022-02-16 09:02:54,517971,51.713292360305786
4890,2022-02-16 09:02:59,517971,54.42696928977966
4891,2022-02-16 10:02:18,517971,50.282724142074585
4892,2022-02-16 10:02:22,517971,50.55139660835266
4893,2022-02-16 11:02:29,517972,51.678096294403076
4894,2022-02-16 11:02:42,517972,54.33299779891968
4895,2022-02-16 11:02:57,517972,51.59084367752075
4896,2022-02-16 12:02:11,517972,54.02452325820923
4897,2022-02-16 01:02:27,517974,51.78114724159241
4898,2022-02-16 12:02:15,517974,52.0495069026947
4899,2022-02-16 01:02:30,517975,55.338276863098145
4900,2022-02-16 01:02:52,517976,51.66111516952515
4901,2022-02-16 02:02:14,517977,53.086968421936035
4902,2022-02-16 02:02:16,517977,51.764894247055054
4903,2022-02-16 02:02:25,517977,55.84715127944946
4904,2022-02-16 03:02:59,517977,54.39676308631897
4905,2022-02-16 02:02:10,517978,55.79505658149719
4906,2022-02-16 04:02:47,517985,51.42667531967163
4907,2022-02-16 05:02:39,517987,56.084628105163574
4908,2022-02-16 06:02:26,517987,55.78967761993408
4909,2022-02-16 07:02:27,517990,53.631919145584106
4910,2022-02-16 08:02:47,517993,51.844335079193115
4911,2022-02-16 08:02:39,517994,56.957435846328735
4912,2022-02-16 09:02:14,517994,50.51937556266785
4913,2022-02-16 09:02:05,517996,51.016053676605225
4914,2022-02-16 10:02:02,517997,51.315998554229736
4915,2022-02-17 02:02:17,518005,52.55806493759155
4916,2022-02-17 02:02:35,518005,51.471301555633545
4917,2022-02-17 04:02:36,518007,51.66097354888916
4918,2022-02-17 05:02:20,518007,54.25890111923218
4919,2022-02-17 09:02:33,518007,51.92133069038391
4920,2022-02-17 09:02:44,518007,52.62716889381409
4921,2022-02-17 11:02:08,518009,52.25897669792175
4922,2022-02-17 12:02:25,518009,54.78397250175476
4923,2022-02-17 12:02:35,518009,52.74490571022034
4924,2022-02-17 12:02:43,518009,52.706124782562256
4925,2022-02-17 01:02:27,518011,53.903273820877075
4926,2022-02-17 01:02:32,518011,56.533276081085205
4927,2022-02-17 02:02:17,518011,55.04745650291443
4928,2022-02-17 02:02:48,518011,50.19389319419861
4929,2022-02-17 04:02:31,518013,52.92418694496155
4930,2022-02-17 04:02:47,518013,51.85007858276367
4931,2022-02-17 04:02:51,518013,52.964033126831055
4932,2022-02-17 04:02:52,518013,53.15101933479309
4933,2022-02-17 05:02:21,518013,51.573140382766724
4934,2022-02-17 05:02:32,518013,51.72590756416321
4935,2022-02-17 05:02:56,518013,54.95303177833557
4936,2022-02-17 06:02:22,518013,55.85631561279297
4937,2022-02-17 06:02:36,518014,51.88336682319641
4938,2022-02-17 07:02:05,518015,52.18224000930786
4939,2022-02-17 07:02:32,518015,52.86614418029785
4940,2022-02-17 07:02:37,518015,55.1592857837677
4941,2022-02-17 07:02:55,518015,51.11432433128357
4942,2022-02-17 08:02:34,518018,51.22973871231079
4943,2022-02-17 09:02:01,518019,52.80960750579834
4944,2022-02-17 09:02:06,518019,51.462122678756714
4945,2022-02-17 09:02:22,518019,51.78923058509827
4946,2022-02-17 09:02:33,518019,51.327481269836426
4947,2022-02-17 11:02:51,518021,51.38416528701782
4948,2022-02-17 11:02:51,518022,52.38157868385315
4949,2022-02-18 01:02:11,518026,53.625957012176514
4950,2022-02-18 02:02:00,518026,50.588069438934326
4951,2022-02-18 04:02:30,518029,51.51042127609253
4952,2022-02-18 04:02:56,518029,56.992541551589966
4953,2022-02-18 05:02:19,518030,52.15660262107849
4954,2022-02-18 07:02:22,518033,51.89406228065491
4955,2022-02-18 08:02:50,518033,55.80252385139465
4956,2022-02-18 11:02:45,518033,51.84054660797119
4957,2022-02-18 01:02:26,518034,54.25267291069031
4958,2022-02-18 11:02:21,518034,54.3575165271759
4959,2022-02-18 12:02:04,518034,51.774988651275635
4960,2022-02-18 12:02:25,518034,52.03040409088135
4961,2022-02-18 02:02:48,518036,52.74678134918213
4962,2022-02-18 03:02:22,518036,51.331669092178345
4963,2022-02-18 03:02:28,518037,52.43899440765381
4964,2022-02-18 04:02:59,518038,52.13435459136963
4965,2022-02-18 05:02:21,518039,52.95912456512451
4966,2022-02-18 05:02:42,518039,51.04790258407593
4967,2022-02-18 06:02:38,518041,54.952346324920654
4968,2022-02-18 07:02:20,518042,55.97249937057495
4969,2022-02-18 07:02:42,518042,51.44056558609009
4970,2022-02-18 08:02:18,518042,54.12970972061157
4971,2022-02-18 09:02:18,518042,51.430590867996216
4972,2022-02-18 10:02:01,518042,51.43265342712402
4973,2022-02-18 09:02:15,518043,52.158124923706055
4974,2022-02-19 12:02:08,518043,57.43895173072815
4975,2022-02-19 01:02:58,518044,52.08004307746887
4976,2022-02-19 12:02:23,518044,56.47463059425354
4977,2022-02-20 04:02:06,518049,51.70182800292969
4978,2022-02-21 06:02:25,518049,51.80121636390686
4979,2022-02-21 06:02:51,518050,51.604557514190674
4980,2022-02-21 07:02:47,518050,51.885231733322144
4981,2022-02-21 09:02:00,518050,53.56803512573242
4982,2022-02-21 09:02:31,518050,55.59834027290344
4983,2022-02-21 10:02:08,518050,51.26105618476868
4984,2022-02-21 11:02:05,518050,51.781179904937744
4985,2022-02-21 11:02:07,518050,51.863545656204224
4986,2022-02-21 11:02:26,518050,52.37285780906677
4987,2022-02-21 11:02:35,518050,51.24824500083923
4988,2022-02-21 01:02:08,518051,51.509461879730225
4989,2022-02-21 01:02:40,518051,51.79779028892517
4990,2022-02-21 01:02:43,518051,56.10225296020508
4991,2022-02-21 02:02:09,518051,52.36778998374939
4992,2022-02-21 02:02:22,518051,52.841058015823364
4993,2022-02-21 02:02:43,518051,51.66723418235779
4994,2022-02-21 02:02:50,518051,54.985026836395264
4995,2022-02-21 12:02:13,518051,51.852333545684814
4996,2022-02-21 04:02:13,518053,52.11686658859253
4997,2022-02-21 04:02:21,518053,51.89742088317871
4998,2022-02-21 06:02:32,518058,56.426809310913086
4999,2022-02-21 06:02:34,518058,52.01622819900513
5000,2022-02-21 07:02:12,518059,57.70350432395935
5001,2022-02-21 07:02:16,518059,54.74821376800537
5002,2022-02-21 08:02:26,518059,55.02009963989258
5003,2022-02-22 08:02:50,518064,52.17818593978882
5004,2022-02-22 09:02:07,518064,53.16085433959961
5005,2022-02-22 09:02:33,518064,51.529438734054565
5006,2022-02-22 09:02:41,518064,54.43143272399902
5007,2022-02-22 09:02:57,518064,52.222264766693115
5008,2022-02-22 10:02:50,518064,57.26003432273865
5009,2022-02-22 10:02:58,518064,52.0357882976532
5010,2022-02-22 11:02:07,518064,51.812931299209595
5011,2022-02-22 11:02:12,518064,53.17881107330322
5012,2022-02-22 11:02:53,518064,51.70134615898132
5013,2022-02-22 12:02:24,518065,55.24771046638489
5014,2022-02-22 12:02:55,518065,52.27194285392761
5015,2022-02-22 01:02:27,518067,51.42841172218323
5016,2022-02-22 12:02:35,518067,52.81604290008545
5017,2022-02-22 01:02:34,518069,52.09301137924194
5018,2022-02-22 12:02:04,518069,56.07602143287659
5019,2022-02-22 01:02:31,518070,53.401734590530396
5020,2022-02-22 01:02:36,518070,51.79581069946289
5021,2022-02-22 01:02:41,518070,53.39071297645569
5022,2022-02-22 02:02:24,518070,52.07367944717407
5023,2022-02-22 02:02:56,518070,54.25484108924866
5024,2022-02-22 02:02:59,518070,55.371959924697876
5025,2022-02-22 02:02:40,518071,56.053741693496704
5026,2022-02-22 02:02:03,518072,51.94930338859558
5027,2022-02-22 03:02:18,518072,51.563202142715454
5028,2022-02-22 05:02:34,518077,52.2384397983551
5029,2022-02-22 06:02:14,518077,54.854589223861694
5030,2022-02-22 07:02:16,518079,53.52928280830383
5031,2022-02-22 07:02:16,518079,51.65159893035889
5032,2022-02-22 07:02:57,518079,56.939730167388916
5033,2022-02-22 08:02:33,518080,51.95375919342041
5034,2022-02-22 08:02:51,518080,51.898277044296265
5035,2022-02-22 08:02:59,518082,52.62904715538025
5036,2022-02-22 09:02:00,518082,51.86098909378052
5037,2022-02-22 09:02:01,518082,51.94408631324768
5038,2022-02-22 09:02:00,518083,55.43970823287964
5039,2022-02-22 09:02:24,518083,51.69854140281677
5040,2022-02-22 09:02:26,518086,52.673176288604736
5041,2022-02-22 11:02:30,518088,51.89598512649536
5042,2022-02-22 11:02:50,518089,54.91913557052612
5043,2022-02-22 11:02:35,518090,52.88735556602478
5044,2022-02-23 04:02:29,518098,51.46411609649658
5045,2022-02-23 06:02:28,518098,51.57107591629028
5046,2022-02-23 05:02:16,518099,51.91815710067749
5047,2022-02-23 05:02:57,518099,53.185203075408936
5048,2022-02-23 06:02:55,518099,52.66457414627075
5049,2022-02-23 01:02:18,518100,56.36522817611694
5050,2022-02-23 06:02:19,518100,54.924877882003784
5051,2022-02-23 06:02:48,518100,55.40092730522156
5052,2022-02-23 07:02:39,518100,51.43230581283569
5053,2022-02-23 07:02:51,518100,51.63547325134277
5054,2022-02-23 07:02:52,518100,51.613213300704956
5055,2022-02-23 08:02:39,518100,54.426238775253296
5056,2022-02-23 08:02:41,518100,54.3955352306366
5057,2022-02-23 08:02:48,518100,51.04159474372864
5058,2022-02-23 09:02:19,518100,52.395896196365356
5059,2022-02-23 09:02:41,518100,51.706918478012085
5060,2022-02-23 09:02:41,518100,54.37648320198059
5061,2022-02-23 09:02:43,518100,55.13876819610596
5062,2022-02-23 10:02:48,518100,51.20465707778931
5063,2022-02-23 11:02:08,518100,51.48903679847717
5064,2022-02-23 11:02:13,518100,51.3902850151062
5065,2022-02-23 01:02:40,518101,52.63666391372681
5066,2022-02-23 01:02:21,518102,51.19054293632507
5067,2022-02-23 01:02:21,518102,51.11482644081116
5068,2022-02-23 01:02:34,518102,52.22261309623718
5069,2022-02-23 01:02:38,518102,52.75578856468201
5070,2022-02-23 05:02:40,518106,51.58800673484802
5071,2022-02-23 05:02:55,518107,51.17646288871765
5072,2022-02-23 06:02:29,518109,52.659793853759766
5073,2022-02-23 07:02:56,518111,53.2213990688324
5074,2022-02-23 09:02:19,518116,52.77894854545593
5075,2022-02-23 10:02:36,518117,54.25544261932373
5076,2022-02-23 11:02:01,518119,51.73622488975525
5077,2022-02-24 02:02:37,518122,52.59713339805603
5078,2022-02-24 03:02:43,518122,51.59018659591675
5079,2022-02-24 04:02:14,518123,52.137672424316406
5080,2022-02-24 04:02:50,518123,52.01070165634155
5081,2022-02-24 05:02:34,518124,51.64504528045654
5082,2022-02-24 05:02:37,518124,52.11771631240845
5083,2022-02-24 09:02:03,518125,55.03995490074158
5084,2022-02-24 10:02:19,518126,54.10388231277466
5085,2022-02-24 11:02:12,518126,51.86473083496094
5086,2022-02-24 01:02:21,518127,52.980406522750854
5087,2022-02-24 02:02:10,518127,51.41353750228882
5088,2022-02-24 02:02:15,518127,53.854899883270264
5089,2022-02-24 11:02:34,518127,52.181390047073364
5090,2022-02-24 11:02:54,518127,51.37344026565552
5091,2022-02-24 12:02:06,518127,51.81146812438965
5092,2022-02-24 12:02:07,518127,51.07325339317322
5093,2022-02-24 02:02:37,518128,52.305665254592896
5094,2022-02-24 02:02:52,518128,51.89624381065369
5095,2022-02-24 02:02:52,518128,51.69547510147095
5096,2022-02-24 02:02:55,518128,51.675721168518066
5097,2022-02-24 03:02:02,518128,52.12023639678955
5098,2022-02-24 03:02:37,518128,52.23838400840759
5099,2022-02-24 04:02:03,518128,55.05174016952515
5100,2022-02-24 04:02:19,518128,50.59700345993042
5101,2022-02-24 05:02:06,518128,51.564990520477295
5102,2022-02-24 05:02:28,518131,51.69645619392395
5103,2022-02-24 06:02:02,518131,52.89715504646301
5104,2022-02-24 06:02:05,518132,51.57879996299744
5105,2022-02-24 07:02:50,518134,52.327531576156616
5106,2022-02-24 08:02:34,518135,52.045830726623535
5107,2022-02-24 09:02:24,518136,54.68068027496338
5108,2022-02-24 10:02:14,518137,52.3258113861084
5109,2022-02-25 02:02:09,518143,50.661752462387085
5110,2022-02-25 03:02:28,518144,52.807677030563354
5111,2022-02-25 04:02:07,518145,52.755887269973755
5112,2022-02-25 01:02:24,518147,51.3898868560791
5113,2022-02-25 05:02:12,518147,51.31531500816345
5114,2022-02-25 06:02:29,518147,55.88014531135559
5115,2022-02-25 06:02:59,518147,51.08528447151184
5116,2022-02-25 08:02:29,518147,51.60724425315857
5117,2022-02-25 09:02:13,518147,51.90478229522705
5118,2022-02-25 10:02:32,518147,51.88775134086609
5119,2022-02-25 12:02:03,518147,53.21829104423523
5120,2022-02-25 12:02:09,518147,51.39739465713501
5121,2022-02-25 12:02:40,518147,56.37660837173462
5122,2022-02-25 12:02:41,518147,52.065324544906616
5123,2022-02-25 12:02:55,518147,53.29603314399719
5124,2022-02-25 12:02:56,518147,55.30052661895752
5125,2022-02-25 02:02:13,518149,51.86334490776062
5126,2022-02-25 02:02:26,518149,56.54129672050476
5127,2022-02-25 03:02:46,518149,51.29271125793457
5128,2022-02-25 03:02:57,518149,51.8305778503418
5129,2022-02-25 04:02:14,518149,51.70919728279114
5130,2022-02-25 04:02:41,518150,51.66172671318054
5131,2022-02-25 05:02:39,518152,51.26866388320923
5132,2022-02-25 05:02:54,518152,51.01501250267029
5133,2022-02-25 06:02:10,518152,51.891926288604736
5134,2022-02-25 05:02:38,518153,52.079243421554565
5135,2022-02-25 06:02:29,518155,51.320937633514404
5136,2022-02-25 08:02:19,518158,51.53563952445984
5137,2022-02-25 08:02:45,518158,51.123979568481445
5138,2022-02-25 08:02:03,518159,51.672850131988525
5139,2022-02-25 09:02:29,518161,51.61739420890808
5140,2022-02-25 10:02:09,518162,51.96242022514343
5141,2022-02-25 11:02:30,518163,51.275148153305054
5142,2022-02-25 11:02:55,518163,53.18958377838135
5143,2022-02-26 01:02:25,518163,51.511738777160645
5144,2022-02-26 02:02:53,518168,51.69243097305298
5145,2022-02-26 06:02:44,518170,51.4948296546936
5146,2022-02-27 04:02:50,518170,51.326256275177
5147,2022-02-28 04:02:25,518171,52.96818947792053
5148,2022-02-28 04:02:29,518171,52.811596632003784
5149,2022-02-28 05:02:03,518171,52.968626499176025
5150,2022-02-28 06:02:50,518171,52.447062253952026
5151,2022-02-28 11:02:05,518173,51.65725135803223
5152,2022-02-28 11:02:29,518173,56.172128200531006
5153,2022-02-28 12:02:12,518173,52.48524355888367
5154,2022-02-28 12:02:45,518173,54.77026438713074
5155,2022-02-28 01:02:02,518174,50.896347522735596
5156,2022-02-28 12:02:20,518174,51.90929818153381
5157,2022-02-28 12:02:35,518174,52.22911977767944
5158,2022-02-28 01:02:45,518175,52.948007106781006
5159,2022-02-28 03:02:04,518175,53.781073570251465
5160,2022-02-28 04:02:16,518175,52.50226283073425
5161,2022-02-28 04:02:20,518175,51.91703200340271
5162,2022-02-28 04:02:54,518175,52.84060335159302
5163,2022-02-28 04:02:56,518175,53.675288915634155
5164,2022-02-28 05:02:01,518175,51.773927211761475
5165,2022-02-28 05:02:29,518175,52.034184217453
5166,2022-02-28 05:02:43,518175,53.395044803619385
5167,2022-02-28 06:02:32,518175,51.00492787361145
5168,2022-02-28 06:02:35,518175,50.32256555557251
5169,2022-02-28 06:02:36,518175,51.604225397109985
5170,2022-02-28 06:02:37,518175,54.43747115135193
5171,2022-02-28 06:02:43,518175,50.65006947517395
5172,2022-02-28 06:02:44,518175,50.31605386734009
5173,2022-02-28 07:02:18,518177,52.38273310661316
5174,2022-02-28 07:02:20,518177,51.743202686309814
5175,2022-02-28 08:02:11,518181,51.798235177993774
5176,2022-02-28 10:02:10,518182,53.78325009346008
5177,2022-02-28 11:02:54,518183,53.106608390808105