index_1based,timestamp,sut_version,value
1,2021-09-01 12:09:44,515218,762.260913848877
2,2021-09-01 01:09:20,515219,744.6479797363281
3,2021-09-01 01:09:35,515219,732.7258586883545
4,2021-09-01 01:09:38,515219,763.159990310669
5,2021-09-01 01:09:39,515219,756.4880847930908
6,2021-09-01 02:09:09,515219,823.4479427337646
7,2021-09-01 12:09:11,515219,765.3250694274902
8,2021-09-01 12:09:37,515219,753.309965133667
9,2021-09-01 12:09:41,515219,866.4710521697998
10,2021-09-01 03:09:46,515220,775.2878665924072
11,2021-09-01 04:09:37,515220,763.6940479278564
12,2021-09-01 05:09:02,515220,769.2999839782715
13,2021-09-01 06:09:35,515220,769.9661254882812
14,2021-09-01 06:09:56,515220,748.7449645996094
15,2021-09-01 08:09:00,515222,746.2220191955566
16,2021-09-01 09:09:15,515222,773.8931179046631
17,2021-09-01 01:09:11,515224,773.4339237213135
18,2021-09-01 01:09:44,515224,807.0769309997559
19,2021-09-01 01:09:52,515224,751.7051696777344
20,2021-09-01 01:09:52,515224,800.7268905639648
21,2021-09-01 02:09:23,515224,839.0638828277588
22,2021-09-01 02:09:31,515224,748.0189800262451
23,2021-09-01 03:09:01,515224,735.7559204101562
24,2021-09-01 11:09:02,515224,818.8190460205078
25,2021-09-01 11:09:09,515224,785.9320640563965
26,2021-09-01 11:09:26,515224,838.0169868469238
27,2021-09-01 11:09:51,515224,768.7819004058838
28,2021-09-01 12:09:00,515224,757.4219703674316
29,2021-09-01 12:09:30,515224,781.0349464416504
30,2021-09-01 12:09:35,515224,820.0180530548096
31,2021-09-01 12:09:41,515224,764.2970085144043
32,2021-09-01 12:09:42,515224,777.7690887451172
33,2021-09-01 12:09:58,515224,787.2788906097412
34,2021-09-01 12:09:59,515224,826.1010646820068
35,2021-09-01 01:09:19,515225,745.3269958496094
36,2021-09-01 01:09:53,515225,751.2669563293457
37,2021-09-01 01:09:57,515225,745.1529502868652
38,2021-09-01 02:09:27,515225,776.4170169830322
39,2021-09-01 02:09:45,515225,747.769832611084
40,2021-09-01 03:09:33,515228,810.9359741210938
41,2021-09-01 04:09:26,515228,771.2960243225098
42,2021-09-01 04:09:28,515228,775.9990692138672
43,2021-09-01 04:09:56,515228,831.0949802398682
44,2021-09-01 04:09:22,515230,765.1240825653076
45,2021-09-01 05:09:54,515230,775.4170894622803
46,2021-09-01 10:09:48,515238,789.0119552612305
47,2021-09-02 01:09:30,515240,827.4810314178467
48,2021-09-02 12:09:44,515240,798.5820770263672
49,2021-09-02 05:09:56,515242,793.6840057373047
50,2021-09-02 06:09:26,515242,776.7179012298584
51,2021-09-02 06:09:36,515242,765.3911113739014
52,2021-09-02 06:09:47,515242,780.829906463623
53,2021-09-02 06:09:54,515242,775.2091884613037
54,2021-09-02 07:09:08,515242,786.9000434875488
55,2021-09-02 08:09:10,515243,774.9640941619873
56,2021-09-02 09:09:29,515243,751.3508796691895
57,2021-09-02 09:09:44,515243,772.4559307098389
58,2021-09-02 09:09:50,515243,798.382043838501
59,2021-09-02 10:09:34,515243,751.0201930999756
60,2021-09-02 11:09:36,515243,873.3339309692383
61,2021-09-02 11:09:55,515243,750.1959800720215
62,2021-09-02 12:09:19,515243,764.5900249481201
63,2021-09-02 12:09:23,515243,792.2751903533936
64,2021-09-02 01:09:00,515244,812.1049404144287
65,2021-09-02 01:09:01,515244,810.6460571289062
66,2021-09-02 01:09:35,515244,769.7699069976807
67,2021-09-02 01:09:39,515244,770.8859443664551
68,2021-09-02 01:09:51,515244,766.7739391326904
69,2021-09-02 01:09:55,515244,804.5659065246582
70,2021-09-02 11:09:55,515244,829.0369510650635
71,2021-09-02 12:09:08,515244,759.4490051269531
72,2021-09-02 12:09:09,515244,773.5271453857422
73,2021-09-02 12:09:16,515244,801.59592628479
74,2021-09-02 12:09:22,515244,805.3789138793945
75,2021-09-02 12:09:28,515244,802.8368949890137
76,2021-09-02 02:09:08,515246,823.8801956176758
77,2021-09-02 03:09:38,515247,905.6940078735352
78,2021-09-02 04:09:22,515247,782.721996307373
79,2021-09-02 03:09:19,515248,865.5290603637695
80,2021-09-02 04:09:56,515248,772.2539901733398
81,2021-09-02 05:09:13,515251,762.6879215240479
82,2021-09-02 06:09:03,515251,746.445894241333
83,2021-09-02 06:09:47,515251,771.5330123901367
84,2021-09-02 07:09:33,515251,792.4289703369141
85,2021-09-02 06:09:38,515252,804.3410778045654
86,2021-09-02 07:09:20,515252,763.7789249420166
87,2021-09-02 08:09:07,515252,824.815034866333
88,2021-09-02 08:09:56,515252,763.8089656829834
89,2021-09-02 07:09:17,515254,764.2960548400879
90,2021-09-02 08:09:42,515257,778.1369686126709
91,2021-09-02 09:09:55,515257,772.5439071655273
92,2021-09-03 01:09:12,515260,772.4161148071289
93,2021-09-03 01:09:14,515260,756.7799091339111
94,2021-09-03 01:09:34,515260,767.7021026611328
95,2021-09-03 02:09:11,515260,793.550968170166
96,2021-09-03 12:09:11,515260,795.464038848877
97,2021-09-03 12:09:13,515260,780.7261943817139
98,2021-09-03 05:09:27,515262,794.4660186767578
99,2021-09-03 06:09:39,515262,799.9980449676514
100,2021-09-03 07:09:22,515262,802.3409843444824
101,2021-09-03 07:09:42,515262,800.1248836517334
102,2021-09-03 07:09:47,515262,798.6550331115723
103,2021-09-03 08:09:44,515262,762.7630233764648
104,2021-09-03 09:09:21,515263,803.6270141601562
105,2021-09-03 09:09:29,515263,840.5449390411377
106,2021-09-03 09:09:41,515263,793.5149669647217
107,2021-09-03 09:09:54,515263,873.2178211212158
108,2021-09-03 10:09:00,515263,769.0927982330322
109,2021-09-03 10:09:05,515263,785.3670120239258
110,2021-09-03 10:09:12,515263,802.2851943969727
111,2021-09-03 10:09:16,515263,802.354097366333
112,2021-09-03 10:09:18,515264,844.2161083221436
113,2021-09-03 10:09:33,515264,830.3799629211426
114,2021-09-03 11:09:31,515264,790.2381420135498
115,2021-09-03 11:09:53,515264,802.6797771453857
116,2021-09-03 01:09:47,515265,797.0609664916992
117,2021-09-03 12:09:44,515265,772.1149921417236
118,2021-09-03 01:09:10,515266,786.2710952758789
119,2021-09-03 01:09:32,515266,789.5588874816895
120,2021-09-03 01:09:42,515266,768.1069374084473
121,2021-09-03 02:09:04,515266,794.7080135345459
122,2021-09-03 03:09:02,515268,763.8909816741943
123,2021-09-03 03:09:03,515268,780.3359031677246
124,2021-09-03 04:09:12,515268,779.3998718261719
125,2021-09-03 04:09:37,515268,758.8510513305664
126,2021-09-03 05:09:37,515268,787.2910499572754
127,2021-09-03 05:09:42,515268,776.7620086669922
128,2021-09-03 05:09:52,515268,749.2799758911133
129,2021-09-03 05:09:58,515268,823.6649036407471
130,2021-09-03 04:09:34,515269,748.5489845275879
131,2021-09-03 05:09:15,515269,820.6090927124023
132,2021-09-03 06:09:38,515269,748.22998046875
133,2021-09-03 06:09:38,515269,751.4290809631348
134,2021-09-03 06:09:00,515272,1145.8020210266113
135,2021-09-03 07:09:32,515272,820.3539848327637
136,2021-09-03 10:09:43,515275,789.665937423706
137,2021-09-03 11:09:06,515275,854.1669845581055
138,2021-09-03 11:09:02,515277,802.3488521575928
139,2021-09-04 01:09:03,515277,1185.006856918335
140,2021-09-04 01:09:29,515277,796.8020439147949
141,2021-09-04 01:09:36,515277,786.0231399536133
142,2021-09-04 01:09:38,515277,801.6459941864014
143,2021-09-04 01:09:47,515277,770.8039283752441
144,2021-09-04 01:09:50,515277,787.1930599212646
145,2021-09-04 02:09:01,515277,812.80517578125
146,2021-09-04 02:09:05,515277,1230.7209968566895
147,2021-09-04 02:09:54,515277,784.5301628112793
148,2021-09-04 02:09:57,515277,802.8230667114258
149,2021-09-04 12:09:36,515277,810.6908798217773
150,2021-09-04 12:09:44,515277,793.0760383605957
151,2021-09-04 12:09:46,515277,1086.0049724578857
152,2021-09-04 12:09:54,515277,802.6301860809326
153,2021-09-04 12:09:58,515277,776.3018608093262
154,2021-09-04 02:09:39,515278,808.1798553466797
155,2021-09-04 03:09:48,515278,804.9039840698242
156,2021-09-04 05:09:30,515279,784.5139503479004
157,2021-09-04 06:09:33,515279,777.9419422149658
158,2021-09-04 06:09:53,515279,776.2889862060547
159,2021-09-04 07:09:06,515279,773.2899188995361
160,2021-09-04 07:09:16,515279,776.8039703369141
161,2021-09-04 07:09:44,515279,823.430061340332
162,2021-09-04 07:09:49,515279,787.7931594848633
163,2021-09-04 07:09:55,515279,771.496057510376
164,2021-09-04 10:09:27,515281,826.9731998443604
165,2021-09-04 11:09:44,515281,821.0811614990234
166,2021-09-05 05:09:06,515282,775.0720977783203
167,2021-09-05 05:09:06,515282,791.4741039276123
168,2021-09-05 07:09:31,515282,838.8490676879883
169,2021-09-05 08:09:02,515282,815.0861263275146
170,2021-09-06 01:09:06,515282,809.067964553833
171,2021-09-06 01:09:19,515282,802.2699356079102
172,2021-09-06 01:09:29,515282,795.2349185943604
173,2021-09-06 02:09:03,515282,778.1610488891602
174,2021-09-06 02:09:22,515282,787.2729301452637
175,2021-09-06 05:09:12,515282,821.9399452209473
176,2021-09-06 06:09:00,515282,785.728931427002
177,2021-09-06 08:09:35,515282,881.7150592803955
178,2021-09-06 08:09:47,515282,767.1570777893066
179,2021-09-06 09:09:05,515282,840.580940246582
180,2021-09-06 09:09:48,515282,793.8299179077148
181,2021-09-06 09:09:51,515282,800.4810810089111
182,2021-09-06 10:09:12,515282,823.8849639892578
183,2021-09-06 10:09:21,515282,1018.0089473724365
184,2021-09-06 10:09:39,515282,796.4270114898682
185,2021-09-06 10:09:50,515282,813.5111331939697
186,2021-09-06 11:09:15,515282,820.0020790100098
187,2021-09-06 11:09:20,515282,785.646915435791
188,2021-09-06 11:09:29,515282,812.9138946533203
189,2021-09-06 11:09:39,515282,809.711217880249
190,2021-09-06 12:09:19,515282,817.9469108581543
191,2021-09-06 12:09:31,515282,825.678825378418
192,2021-09-06 12:09:47,515282,820.3928470611572
193,2021-09-06 12:09:50,515282,802.1650314331055
194,2021-09-06 12:09:54,515282,791.8450832366943
195,2021-09-06 12:09:55,515282,792.3719882965088
196,2021-09-06 01:09:40,515283,779.5100212097168
197,2021-09-06 12:09:36,515283,816.1599636077881
198,2021-09-06 01:09:10,515284,817.3110485076904
199,2021-09-06 02:09:13,515284,818.3109760284424
200,2021-09-06 01:09:48,515285,804.9681186676025
201,2021-09-06 02:09:53,515285,780.9619903564453
202,2021-09-06 03:09:02,515286,1392.8639888763428
203,2021-09-06 03:09:17,515286,825.2100944519043
204,2021-09-06 04:09:15,515286,1118.818998336792
205,2021-09-06 04:09:24,515286,798.3729839324951
206,2021-09-06 04:09:30,515286,802.0780086517334
207,2021-09-06 04:09:37,515286,829.4429779052734
208,2021-09-06 04:09:41,515286,815.1638507843018
209,2021-09-06 04:09:52,515286,820.8990097045898
210,2021-09-06 05:09:09,515286,791.6879653930664
211,2021-09-06 05:09:33,515286,825.1669406890869
212,2021-09-06 06:09:44,515290,895.0650691986084
213,2021-09-06 06:09:53,515290,1008.4888935089111
214,2021-09-06 07:09:13,515290,827.6979923248291
215,2021-09-06 07:09:15,515290,850.5170345306396
216,2021-09-06 07:09:22,515290,831.6199779510498
217,2021-09-06 07:09:27,515290,821.789026260376
218,2021-09-06 07:09:50,515290,813.1780624389648
219,2021-09-06 07:09:57,515290,820.9409713745117
220,2021-09-06 07:09:25,515291,873.5170364379883
221,2021-09-06 08:09:25,515291,836.4958763122559
222,2021-09-06 08:09:39,515292,826.5900611877441
223,2021-09-06 09:09:49,515292,837.6460075378418
224,2021-09-06 10:09:01,515292,836.5352153778076
225,2021-09-06 10:09:20,515292,823.4610557556152
226,2021-09-06 08:09:40,515293,819.1139698028564
227,2021-09-06 09:09:44,515293,1208.629846572876
228,2021-09-06 10:09:14,515293,841.271162033081
229,2021-09-06 10:09:57,515293,783.3890914916992
230,2021-09-06 11:09:10,515293,837.7289772033691
231,2021-09-06 11:09:12,515293,782.696008682251
232,2021-09-06 09:09:02,515294,839.2388820648193
233,2021-09-06 09:09:39,515294,867.1650886535645
234,2021-09-06 10:09:12,515294,818.7670707702637
235,2021-09-06 10:09:39,515294,855.9038639068604
236,2021-09-06 10:09:54,515294,803.4789562225342
237,2021-09-06 11:09:15,515294,828.1838893890381
238,2021-09-06 11:09:16,515294,851.9120216369629
239,2021-09-06 11:09:22,515294,845.9482192993164
240,2021-09-06 10:09:09,515295,817.8458213806152
241,2021-09-06 11:09:27,515295,833.6451053619385
242,2021-09-07 12:09:00,515295,827.7630805969238
243,2021-09-07 12:09:12,515295,841.8610095977783
244,2021-09-07 12:09:38,515295,861.5889549255371
245,2021-09-07 12:09:54,515295,848.5429286956787
246,2021-09-07 01:09:43,515296,852.8270721435547
247,2021-09-07 12:09:04,515296,819.6959495544434
248,2021-09-07 02:09:27,515297,818.9160823822021
249,2021-09-07 03:09:03,515297,823.3010768890381
250,2021-09-07 04:09:03,515297,821.850061416626
251,2021-09-07 04:09:52,515297,845.3361988067627
252,2021-09-07 05:09:01,515303,831.1789035797119
253,2021-09-07 06:09:17,515304,798.5200881958008
254,2021-09-07 06:09:37,515304,806.4420223236084
255,2021-09-07 07:09:48,515304,860.7192039489746
256,2021-09-07 08:09:24,515304,788.9351844787598
257,2021-09-07 08:09:40,515304,830.4460048675537
258,2021-09-07 09:09:14,515304,821.462869644165
259,2021-09-07 10:09:04,515308,796.2000370025635
260,2021-09-07 10:09:13,515308,805.0580024719238
261,2021-09-07 11:09:58,515308,791.1341190338135
262,2021-09-07 12:09:41,515308,788.1059646606445
263,2021-09-07 01:09:09,515309,802.4601936340332
264,2021-09-07 01:09:30,515309,838.2060527801514
265,2021-09-07 01:09:32,515309,808.3457946777344
266,2021-09-07 02:09:01,515309,817.9788589477539
267,2021-09-07 02:09:25,515309,778.8040637969971
268,2021-09-07 02:09:30,515309,837.6679420471191
269,2021-09-07 02:09:47,515309,807.0888519287109
270,2021-09-07 02:09:53,515309,790.8279895782471
271,2021-09-07 02:09:59,515309,801.9959926605225
272,2021-09-07 03:09:08,515309,786.7941856384277
273,2021-09-07 03:09:23,515309,787.445068359375
274,2021-09-07 03:09:36,515309,768.779993057251
275,2021-09-07 03:09:43,515309,824.5208263397217
276,2021-09-07 03:09:52,515309,788.9630794525146
277,2021-09-07 03:09:52,515309,753.7708282470703
278,2021-09-07 03:09:53,515309,834.3498706817627
279,2021-09-07 06:09:10,515309,784.3148708343506
280,2021-09-07 06:09:27,515309,772.9051113128662
281,2021-09-07 06:09:34,515309,786.7851257324219
282,2021-09-07 06:09:57,515309,1414.139986038208
283,2021-09-07 02:09:08,515310,898.0989456176758
284,2021-09-07 02:09:28,515310,820.5041885375977
285,2021-09-07 03:09:11,515310,814.3119812011719
286,2021-09-07 03:09:20,515310,809.9408149719238
287,2021-09-07 04:09:12,515310,828.4001350402832
288,2021-09-07 04:09:18,515310,799.4427680969238
289,2021-09-07 02:09:21,515311,847.0590114593506
290,2021-09-07 02:09:24,515311,984.5860004425049
291,2021-09-07 03:09:03,515311,836.1139297485352
292,2021-09-07 03:09:15,515311,798.2521057128906
293,2021-09-07 03:09:42,515311,777.2068977355957
294,2021-09-07 04:09:11,515311,804.9540519714355
295,2021-09-07 04:09:27,515311,785.0830554962158
296,2021-09-07 04:09:28,515311,792.1268939971924
297,2021-09-07 05:09:19,515311,778.1429290771484
298,2021-09-07 05:09:31,515311,798.8600730895996
299,2021-09-07 05:09:57,515313,849.2348194122314
300,2021-09-07 06:09:07,515313,819.2548751831055
301,2021-09-07 06:09:14,515313,794.3642139434814
302,2021-09-07 06:09:23,515313,808.5260391235352
303,2021-09-07 06:09:32,515313,820.9280967712402
304,2021-09-07 06:09:54,515313,813.5619163513184
305,2021-09-07 07:09:01,515313,809.0260028839111
306,2021-09-07 07:09:29,515313,798.0520725250244
307,2021-09-07 07:09:45,515313,807.1889877319336
308,2021-09-07 08:09:04,515313,781.1779975891113
309,2021-09-07 08:09:08,515313,805.7749271392822
310,2021-09-07 08:09:16,515313,792.726993560791
311,2021-09-07 08:09:28,515313,784.4948768615723
312,2021-09-07 08:09:40,515313,795.1250076293945
313,2021-09-07 08:09:42,515313,824.9659538269043
314,2021-09-07 08:09:59,515313,789.5958423614502
315,2021-09-07 09:09:11,515313,820.3558921813965
316,2021-09-07 09:09:59,515313,794.3470478057861
317,2021-09-07 07:09:11,515314,820.429801940918
318,2021-09-07 08:09:10,515314,822.782039642334
319,2021-09-07 08:09:35,515314,798.4480857849121
320,2021-09-07 08:09:39,515314,787.2269153594971
321,2021-09-07 09:09:15,515314,832.2381973266602
322,2021-09-07 09:09:19,515314,765.3810977935791
323,2021-09-07 09:09:28,515314,795.5009937286377
324,2021-09-07 10:09:00,515314,831.6390514373779
325,2021-09-07 10:09:06,515314,799.3268966674805
326,2021-09-07 10:09:14,515314,825.9968757629395
327,2021-09-07 10:09:34,515314,833.9190483093262
328,2021-09-07 10:09:34,515314,790.4269695281982
329,2021-09-07 11:09:28,515314,784.7900390625
330,2021-09-07 11:09:34,515314,826.9729614257812
331,2021-09-08 12:09:22,515314,804.8169612884521
332,2021-09-08 12:09:46,515314,808.0120086669922
333,2021-09-08 01:09:39,515317,797.7921962738037
334,2021-09-08 01:09:51,515317,839.3840789794922
335,2021-09-08 12:09:12,515317,876.9700527191162
336,2021-09-08 12:09:46,515317,1350.8410453796387
337,2021-09-08 01:09:17,515318,789.0529632568359
338,2021-09-08 02:09:48,515318,788.8660430908203
339,2021-09-08 03:09:11,515318,873.9259243011475
340,2021-09-08 03:09:26,515318,822.3259449005127
341,2021-09-08 06:09:32,515318,812.8378391265869
342,2021-09-08 06:09:43,515318,848.3459949493408
343,2021-09-08 07:09:03,515318,824.0242004394531
344,2021-09-08 07:09:10,515318,800.3690242767334
345,2021-09-08 07:09:32,515318,800.1480102539062
346,2021-09-08 07:09:35,515318,801.8758296966553
347,2021-09-08 07:09:35,515318,801.9580841064453
348,2021-09-08 07:09:37,515318,789.0410423278809
349,2021-09-08 07:09:49,515318,847.9969501495361
350,2021-09-08 08:09:02,515318,786.0379219055176
351,2021-09-08 08:09:08,515318,774.0390300750732
352,2021-09-08 08:09:09,515318,828.0799388885498
353,2021-09-08 08:09:23,515318,814.9189949035645
354,2021-09-08 08:09:35,515318,794.6581840515137
355,2021-09-08 08:09:53,515318,794.1269874572754
356,2021-09-08 08:09:54,515318,795.8979606628418
357,2021-09-08 10:09:14,515318,855.7460308074951
358,2021-09-08 11:09:04,515318,806.5869808197021
359,2021-09-08 11:09:08,515318,796.7350482940674
360,2021-09-08 11:09:17,515318,1015.434980392456
361,2021-09-08 11:09:34,515318,809.0908527374268
362,2021-09-08 12:09:16,515318,856.8260669708252
363,2021-09-08 12:09:33,515318,811.2339973449707
364,2021-09-08 12:09:58,515318,820.2791213989258
365,2021-09-08 12:09:59,515318,815.2120113372803
366,2021-09-08 02:09:11,515320,775.338888168335
367,2021-09-08 02:09:41,515320,798.4519004821777
368,2021-09-08 03:09:03,515320,808.7430000305176
369,2021-09-08 03:09:33,515320,793.097972869873
370,2021-09-08 02:09:04,515321,808.8338375091553
371,2021-09-08 02:09:11,515321,812.4840259552002
372,2021-09-08 02:09:38,515321,804.9190044403076
373,2021-09-08 03:09:38,515321,803.5650253295898
374,2021-09-08 03:09:52,515321,816.0128593444824
375,2021-09-08 04:09:13,515321,798.5329627990723
376,2021-09-08 04:09:34,515321,813.9340877532959
377,2021-09-08 04:09:47,515321,788.9351844787598
378,2021-09-08 04:09:46,515323,821.2239742279053
379,2021-09-08 05:09:33,515323,808.9289665222168
380,2021-09-08 06:09:47,515323,814.2750263214111
381,2021-09-08 05:09:06,515324,833.3511352539062
382,2021-09-08 05:09:18,515324,825.6549835205078
383,2021-09-08 05:09:46,515324,851.2661457061768
384,2021-09-08 09:09:51,515324,829.071044921875
385,2021-09-08 09:09:53,515324,817.5899982452393
386,2021-09-08 06:09:19,515325,836.7550373077393
387,2021-09-08 11:09:06,515325,823.5080242156982
388,2021-09-08 11:09:06,515325,799.4921207427979
389,2021-09-09 12:09:31,515325,811.0361099243164
390,2021-09-08 11:09:07,515326,886.0101699829102
391,2021-09-08 11:09:40,515326,991.6949272155762
392,2021-09-09 01:09:23,515326,810.3089332580566
393,2021-09-09 01:09:32,515326,844.2521095275879
394,2021-09-09 01:09:42,515326,827.6050090789795
395,2021-09-09 01:09:59,515326,851.1950969696045
396,2021-09-09 12:09:58,515326,861.4821434020996
397,2021-09-09 12:09:59,515326,858.9088916778564
398,2021-09-09 12:09:02,515327,831.4640522003174
399,2021-09-09 02:09:29,515334,843.7650203704834
400,2021-09-09 03:09:36,515334,810.2240562438965
401,2021-09-09 03:09:42,515335,841.7351245880127
402,2021-09-09 04:09:58,515335,998.9228248596191
403,2021-09-09 03:09:03,515336,796.7920303344727
404,2021-09-09 03:09:19,515336,813.5039806365967
405,2021-09-09 05:09:14,515336,795.6719398498535
406,2021-09-09 05:09:16,515336,782.2840213775635
407,2021-09-09 06:09:11,515337,753.7760734558105
408,2021-09-09 07:09:52,515338,849.1520881652832
409,2021-09-09 08:09:05,515338,855.5960655212402
410,2021-09-09 08:09:08,515338,834.4738483428955
411,2021-09-09 08:09:17,515338,816.0920143127441
412,2021-09-09 01:09:05,515341,855.443000793457
413,2021-09-09 01:09:18,515341,813.2188320159912
414,2021-09-09 01:09:24,515341,814.5699501037598
415,2021-09-09 01:09:37,515341,1043.6069965362549
416,2021-09-09 01:09:38,515341,836.461067199707
417,2021-09-09 09:09:03,515341,807.4491024017334
418,2021-09-09 09:09:36,515341,782.1431159973145
419,2021-09-09 09:09:38,515341,1247.5998401641846
420,2021-09-09 10:09:30,515341,773.1609344482422
421,2021-09-09 10:09:36,515341,815.1350021362305
422,2021-09-09 11:09:15,515341,817.824125289917
423,2021-09-09 11:09:15,515341,832.2749137878418
424,2021-09-09 11:09:44,515341,865.1020526885986
425,2021-09-09 11:09:57,515341,845.0479507446289
426,2021-09-09 12:09:16,515341,799.3390560150146
427,2021-09-09 12:09:17,515341,770.5421447753906
428,2021-09-09 12:09:24,515341,831.585168838501
429,2021-09-09 12:09:36,515341,977.6461124420166
430,2021-09-09 01:09:04,515342,825.9141445159912
431,2021-09-09 04:09:10,515344,796.0858345031738
432,2021-09-09 04:09:14,515344,778.9750099182129
433,2021-09-09 04:09:50,515344,834.6450328826904
434,2021-09-09 05:09:03,515344,807.5301647186279
435,2021-09-09 05:09:00,515345,814.363956451416
436,2021-09-09 06:09:40,515345,819.9989795684814
437,2021-09-09 07:09:35,515347,799.6768951416016
438,2021-09-09 08:09:02,515347,807.7058792114258
439,2021-09-09 09:09:12,515348,870.4099655151367
440,2021-09-09 11:09:07,515350,799.0059852600098
441,2021-09-09 11:09:37,515350,835.5779647827148
442,2021-09-09 11:09:38,515350,1217.2889709472656
443,2021-09-09 11:09:26,515351,789.7589206695557
444,2021-09-09 11:09:40,515351,807.4009418487549
445,2021-09-09 11:09:41,515351,816.0409927368164
446,2021-09-10 12:09:52,515351,803.7691116333008
447,2021-09-10 01:09:23,515352,1257.0979595184326
448,2021-09-10 01:09:52,515352,856.6710948944092
449,2021-09-10 12:09:32,515352,779.8609733581543
450,2021-09-10 12:09:45,515352,760.0598335266113
451,2021-09-10 02:09:54,515356,815.3650760650635
452,2021-09-10 03:09:04,515356,847.7561473846436
453,2021-09-10 03:09:54,515356,796.1277961730957
454,2021-09-10 04:09:40,515357,810.0719451904297
455,2021-09-10 05:09:20,515358,820.6369876861572
456,2021-09-10 06:09:53,515362,790.8310890197754
457,2021-09-10 07:09:05,515362,797.1169948577881
458,2021-09-10 07:09:02,515364,821.181058883667
459,2021-09-10 07:09:06,515364,875.6470680236816
460,2021-09-10 01:09:08,515366,829.9310207366943
461,2021-09-10 01:09:17,515366,777.7259349822998
462,2021-09-10 01:09:41,515366,825.721025466919
463,2021-09-10 01:09:50,515366,1314.4710063934326
464,2021-09-10 01:09:56,515366,843.5041904449463
465,2021-09-10 02:09:18,515366,818.7041282653809
466,2021-09-10 02:09:30,515366,832.960844039917
467,2021-09-10 02:09:37,515366,772.7029323577881
468,2021-09-10 02:09:40,515366,779.181957244873
469,2021-09-10 02:09:41,515366,782.5961112976074
470,2021-09-10 02:09:58,515366,851.2229919433594
471,2021-09-10 03:09:31,515366,790.3580665588379
472,2021-09-10 08:09:37,515366,794.9352264404297
473,2021-09-10 09:09:39,515366,786.9200706481934
474,2021-09-10 10:09:04,515366,820.3318119049072
475,2021-09-10 11:09:18,515366,811.5200996398926
476,2021-09-10 02:09:08,515367,805.0501346588135
477,2021-09-10 03:09:06,515367,781.1069488525391
478,2021-09-10 03:09:28,515367,824.3768215179443
479,2021-09-10 03:09:46,515367,772.1588611602783
480,2021-09-10 04:09:34,515367,786.7550849914551
481,2021-09-10 03:09:42,515368,847.3389148712158
482,2021-09-10 04:09:06,515369,845.4639911651611
483,2021-09-10 05:09:18,515371,827.4350166320801
484,2021-09-10 06:09:34,515373,783.5249900817871
485,2021-09-10 07:09:40,515373,810.1150989532471
486,2021-09-13 04:09:48,515375,772.0730304718018
487,2021-09-13 05:09:26,515375,830.7991027832031
488,2021-09-10 09:09:39,515377,768.1360244750977
489,2021-09-10 11:09:36,515378,796.5829372406006
490,2021-09-11 12:09:01,515379,803.555965423584
491,2021-09-11 12:09:07,515379,778.4509658813477
492,2021-09-11 12:09:21,515379,806.0128688812256
493,2021-09-11 01:09:03,515380,798.4111309051514
494,2021-09-11 12:09:02,515380,832.3190212249756
495,2021-09-11 01:09:07,515381,805.9349060058594
496,2021-09-11 02:09:31,515381,752.5749206542969
497,2021-09-11 02:09:56,515381,849.1361141204834
498,2021-09-13 04:09:36,515381,793.5791015625
499,2021-09-13 06:09:25,515382,786.3879203796387
500,2021-09-11 02:09:49,515385,773.482084274292
501,2021-09-11 06:09:50,515387,779.263973236084
502,2021-09-11 12:09:11,515388,1399.1930484771729
503,2021-09-11 08:09:34,515389,845.6909656524658
504,2021-09-12 05:09:42,515390,804.5170307159424
505,2021-09-12 03:09:51,515391,762.1250152587891
506,2021-09-13 04:09:22,515391,761.0299587249756
507,2021-09-13 05:09:54,515391,832.7109813690186
508,2021-09-13 06:09:01,515391,791.9440269470215
509,2021-09-13 06:09:06,515391,830.3039073944092
510,2021-09-13 06:09:07,515391,1011.7840766906738
511,2021-09-13 06:09:32,515391,759.9260807037354
512,2021-09-13 06:09:34,515391,786.5581512451172
513,2021-09-13 07:09:23,515391,774.8098373413086
514,2021-09-13 07:09:24,515391,814.5461082458496
515,2021-09-13 07:09:27,515391,772.3400592803955
516,2021-09-13 07:09:51,515391,811.1081123352051
517,2021-09-13 07:09:57,515391,763.463020324707
518,2021-09-13 07:09:59,515391,813.5287761688232
519,2021-09-13 09:09:03,515391,773.3249664306641
520,2021-09-13 01:09:39,515393,812.324047088623
521,2021-09-13 10:09:37,515393,1333.2650661468506
522,2021-09-13 11:09:36,515393,805.9179782867432
523,2021-09-13 11:09:45,515393,794.497013092041
524,2021-09-13 01:09:01,515394,796.3898181915283
525,2021-09-13 01:09:26,515394,796.4439392089844
526,2021-09-13 11:09:07,515394,818.27712059021
527,2021-09-13 11:09:37,515394,812.9889965057373
528,2021-09-14 12:09:27,515394,881.4208507537842
529,2021-09-14 08:09:55,515396,802.30712890625
530,2021-09-14 12:09:21,515396,798.5360622406006
531,2021-09-14 01:09:20,515397,1383.5201263427734
532,2021-09-14 01:09:41,515397,851.6979217529297
533,2021-09-14 02:09:24,515397,825.3161907196045
534,2021-09-14 07:09:35,515397,793.0541038513184
535,2021-09-14 11:09:27,515397,802.5519847869873
536,2021-09-13 03:09:18,515398,798.306941986084
537,2021-09-14 07:09:20,515398,792.0839786529541
538,2021-09-14 09:09:56,515399,793.6758995056152
539,2021-09-14 09:09:55,515401,806.7588806152344
540,2021-09-14 02:09:48,515403,853.5521030426025
541,2021-09-14 09:09:06,515403,869.7421550750732
542,2021-09-14 09:09:12,515403,789.7059917449951
543,2021-09-14 09:09:20,515403,818.1009292602539
544,2021-09-14 09:09:37,515403,847.8569984436035
545,2021-09-14 11:09:02,515403,843.3749675750732
546,2021-09-14 11:09:24,515403,1077.7461528778076
547,2021-09-14 12:09:22,515403,790.5609607696533
548,2021-09-14 12:09:34,515403,825.8001804351807
549,2021-09-14 12:09:54,515403,829.6139240264893
550,2021-09-14 05:09:26,515405,846.9231128692627
551,2021-09-14 06:09:44,515405,1400.974988937378
552,2021-09-14 07:09:28,515405,794.1939830780029
553,2021-09-14 07:09:37,515405,821.491003036499
554,2021-09-14 07:09:39,515405,795.7780361175537
555,2021-09-14 07:09:56,515405,839.5287990570068
556,2021-09-14 08:09:05,515405,774.590015411377
557,2021-09-14 08:09:51,515405,814.9700164794922
558,2021-09-14 08:09:52,515405,1211.8439674377441
559,2021-09-14 09:09:57,515405,817.1858787536621
560,2021-09-14 09:09:13,515406,813.7760162353516
561,2021-09-14 09:09:22,515406,825.9308338165283
562,2021-09-14 09:09:39,515406,808.021068572998
563,2021-09-14 09:09:42,515406,874.7951984405518
564,2021-09-14 09:09:52,515406,793.6968803405762
565,2021-09-14 10:09:00,515406,827.3987770080566
566,2021-09-14 10:09:12,515406,827.8059959411621
567,2021-09-14 10:09:38,515406,807.0178031921387
568,2021-09-14 10:09:55,515406,1059.4329833984375
569,2021-09-14 11:09:59,515407,830.9469223022461
570,2021-09-15 12:09:05,515407,896.5640068054199
571,2021-09-14 08:09:31,515409,757.8229904174805
572,2021-09-14 11:09:19,515410,829.5941352844238
573,2021-09-14 11:09:34,515410,788.6848449707031
574,2021-09-14 11:09:41,515410,808.3748817443848
575,2021-09-15 12:09:15,515410,770.4191207885742
576,2021-09-15 12:09:22,515410,801.0048866271973
577,2021-09-15 12:09:26,515410,1438.154935836792
578,2021-09-15 12:09:59,515410,817.5339698791504
579,2021-09-15 01:09:40,515412,775.3338813781738
580,2021-09-15 02:09:17,515412,831.4712047576904
581,2021-09-15 03:09:07,515415,817.0309066772461
582,2021-09-15 03:09:35,515415,853.2881736755371
583,2021-09-15 04:09:12,515415,814.1381740570068
584,2021-09-15 04:09:39,515415,814.2797946929932
585,2021-09-15 03:09:54,515416,847.3880290985107
586,2021-09-15 04:09:04,515416,841.231107711792
587,2021-09-15 04:09:17,515416,794.3370342254639
588,2021-09-15 04:09:22,515416,820.7361698150635
589,2021-09-15 04:09:49,515416,808.9661598205566
590,2021-09-15 06:09:19,515416,777.2500514984131
591,2021-09-15 06:09:25,515416,816.8721199035645
592,2021-09-15 06:09:41,515416,792.9880619049072
593,2021-09-15 07:09:32,515416,820.8959102630615
594,2021-09-15 01:09:00,515418,778.1670093536377
595,2021-09-15 01:09:39,515418,817.1241283416748
596,2021-09-15 02:09:50,515418,800.544023513794
597,2021-09-15 03:09:15,515418,827.7060985565186
598,2021-09-15 03:09:50,515418,807.4309825897217
599,2021-09-15 03:09:52,515418,830.5530548095703
600,2021-09-15 03:09:53,515418,827.7099132537842
601,2021-09-15 05:09:25,515418,801.2959957122803
602,2021-09-15 06:09:11,515418,844.5150852203369
603,2021-09-15 08:09:16,515418,833.4100246429443
604,2021-09-15 09:09:19,515418,800.5850315093994
605,2021-09-15 10:09:40,515418,805.9520721435547
606,2021-09-15 04:09:55,515420,803.3978939056396
607,2021-09-15 06:09:00,515422,834.5608711242676
608,2021-09-15 05:09:42,515423,783.6129665374756
609,2021-09-15 06:09:28,515424,767.7099704742432
610,2021-09-15 07:09:05,515428,799.3388175964355
611,2021-09-15 08:09:22,515428,775.799036026001
612,2021-09-15 08:09:52,515428,789.8738384246826
613,2021-09-15 09:09:47,515428,827.3639678955078
614,2021-09-15 10:09:17,515428,877.1471977233887
615,2021-09-16 12:09:49,515428,803.8101196289062
616,2021-09-16 12:09:55,515428,808.812141418457
617,2021-09-15 08:09:40,515429,798.4108924865723
618,2021-09-15 09:09:06,515429,841.2058353424072
619,2021-09-15 09:09:45,515429,787.9228591918945
620,2021-09-15 09:09:56,515429,813.2948875427246
621,2021-09-15 11:09:56,515429,804.6410083770752
622,2021-09-15 11:09:58,515429,795.2969074249268
623,2021-09-15 09:09:46,515430,795.051097869873
624,2021-09-15 10:09:44,515430,901.9420146942139
625,2021-09-16 01:09:38,515430,793.6980724334717
626,2021-09-15 10:09:39,515431,836.1048698425293
627,2021-09-15 10:09:38,515432,803.657054901123
628,2021-09-16 01:09:17,515432,819.0760612487793
629,2021-09-16 02:09:26,515432,799.1209030151367
630,2021-09-16 01:09:18,515434,825.9961605072021
631,2021-09-16 03:09:02,515434,828.8559913635254
632,2021-09-16 01:09:41,515435,801.8350601196289
633,2021-09-16 02:09:05,515435,772.1569538116455
634,2021-09-16 03:09:17,515435,778.5871028900146
635,2021-09-16 01:09:43,515436,786.405086517334
636,2021-09-16 02:09:14,515436,790.5969619750977
637,2021-09-16 02:09:45,515436,815.8581256866455
638,2021-09-16 03:09:49,515436,808.0167770385742
639,2021-09-16 03:09:39,515438,846.2271690368652
640,2021-09-16 03:09:28,515442,807.3229789733887
641,2021-09-16 05:09:00,515442,848.8368988037109
642,2021-09-16 06:09:30,515442,797.853946685791
643,2021-09-16 06:09:52,515442,820.4901218414307
644,2021-09-16 07:09:30,515444,850.6250381469727
645,2021-09-16 08:09:34,515444,831.6869735717773
646,2021-09-16 04:09:47,515446,833.1508636474609
647,2021-09-16 08:09:24,515446,841.9649600982666
648,2021-09-16 09:09:01,515446,806.1730861663818
649,2021-09-16 09:09:05,515446,1281.5918922424316
650,2021-09-16 09:09:06,515446,815.3879642486572
651,2021-09-16 09:09:34,515446,836.1320495605469
652,2021-09-16 09:09:54,515446,881.058931350708
653,2021-09-16 10:09:51,515446,841.3989543914795
654,2021-09-16 11:09:17,515446,822.6809501647949
655,2021-09-16 11:09:26,515446,783.3340167999268
656,2021-09-16 12:09:14,515446,821.4120864868164
657,2021-09-16 01:09:35,515449,1289.0398502349854
658,2021-09-16 01:09:39,515449,1338.9248847961426
659,2021-09-16 01:09:53,515449,793.9260005950928
660,2021-09-16 01:09:53,515449,825.908899307251
661,2021-09-16 05:09:40,515449,799.8960018157959
662,2021-09-16 06:09:12,515449,1373.4021186828613
663,2021-09-16 08:09:00,515449,822.7019309997559
664,2021-09-16 08:09:08,515449,808.0129623413086
665,2021-09-16 08:09:16,515449,787.7259254455566
666,2021-09-16 08:09:43,515449,849.5562076568604
667,2021-09-16 09:09:45,515449,811.2177848815918
668,2021-09-16 10:09:49,515449,859.7791194915771
669,2021-09-16 10:09:58,515449,833.712100982666
670,2021-09-16 10:09:59,515449,813.4379386901855
671,2021-09-16 06:09:44,515451,837.5329971313477
672,2021-09-16 07:09:30,515451,843.9409732818604
673,2021-09-16 07:09:45,515451,767.9328918457031
674,2021-09-16 09:09:02,515451,765.0249004364014
675,2021-09-16 09:09:08,515451,799.5319366455078
676,2021-09-16 09:09:16,515451,1401.6139507293701
677,2021-09-16 10:09:37,515451,799.793004989624
678,2021-09-16 11:09:05,515451,810.4219436645508
679,2021-09-16 11:09:09,515451,821.342945098877
680,2021-09-16 11:09:57,515451,996.4780807495117
681,2021-09-17 02:09:14,515451,812.6788139343262
682,2021-09-17 03:09:36,515451,860.9158992767334
683,2021-09-17 03:09:47,515451,855.5819988250732
684,2021-09-17 12:09:14,515451,810.4591369628906
685,2021-09-17 12:09:17,515451,785.7599258422852
686,2021-09-17 12:09:24,515451,1355.4580211639404
687,2021-09-17 12:09:31,515451,825.0420093536377
688,2021-09-17 12:09:32,515451,789.57200050354
689,2021-09-17 12:09:33,515451,788.6030673980713
690,2021-09-17 12:09:36,515451,791.2650108337402
691,2021-09-17 12:09:40,515451,789.8468971252441
692,2021-09-17 12:09:49,515451,822.3340511322021
693,2021-09-17 12:09:54,515451,843.189001083374
694,2021-09-16 09:09:09,515452,958.3280086517334
695,2021-09-16 09:09:32,515452,806.6480159759521
696,2021-09-17 02:09:01,515452,808.0699443817139
697,2021-09-17 02:09:54,515452,942.0711994171143
698,2021-09-16 09:09:59,515453,831.8028450012207
699,2021-09-17 02:09:42,515453,814.906120300293
700,2021-09-17 02:09:43,515453,830.6269645690918
701,2021-09-17 04:09:08,515453,803.6680221557617
702,2021-09-17 04:09:32,515453,804.0850162506104
703,2021-09-17 05:09:10,515453,971.2929725646973
704,2021-09-17 05:09:10,515453,817.0359134674072
705,2021-09-17 12:09:04,515453,961.2939357757568
706,2021-09-16 11:09:04,515454,801.3348579406738
707,2021-09-17 02:09:36,515454,788.5749340057373
708,2021-09-16 10:09:34,515455,855.1030158996582
709,2021-09-17 04:09:52,515455,812.4370574951172
710,2021-09-17 05:09:32,515455,884.6518993377686
711,2021-09-17 05:09:52,515455,802.1090030670166
712,2021-09-16 11:09:37,515456,810.9581470489502
713,2021-09-17 02:09:08,515456,823.9030838012695
714,2021-09-17 05:09:03,515456,786.4108085632324
715,2021-09-17 05:09:43,515456,785.301923751831
716,2021-09-16 11:09:57,515457,788.2418632507324
717,2021-09-17 03:09:52,515458,775.6369113922119
718,2021-09-17 05:09:20,515458,783.4539413452148
719,2021-09-17 05:09:23,515458,803.0359745025635
720,2021-09-17 12:09:43,515458,811.9127750396729
721,2021-09-17 03:09:49,515459,788.7239456176758
722,2021-09-17 05:09:38,515459,792.7429676055908
723,2021-09-17 05:09:40,515459,784.5649719238281
724,2021-09-17 12:09:06,515459,835.900068283081
725,2021-09-17 03:09:03,515460,787.5890731811523
726,2021-09-17 12:09:40,515460,832.4840068817139
727,2021-09-17 01:09:13,515461,795.8791255950928
728,2021-09-17 03:09:55,515461,869.0860271453857
729,2021-09-17 05:09:01,515461,800.5869388580322
730,2021-09-17 05:09:55,515461,799.583911895752
731,2021-09-17 04:09:01,515467,794.1639423370361
732,2021-09-17 06:09:31,515467,808.8710308074951
733,2021-09-17 06:09:45,515467,844.4879055023193
734,2021-09-17 06:09:59,515467,796.5450286865234
735,2021-09-17 06:09:59,515467,792.9999828338623
736,2021-09-17 07:09:30,515467,805.7949542999268
737,2021-09-17 08:09:03,515467,856.4698696136475
738,2021-09-17 08:09:37,515467,803.9689064025879
739,2021-09-17 07:09:39,515469,776.3440608978271
740,2021-09-17 07:09:42,515469,782.9709053039551
741,2021-09-17 08:09:03,515469,778.4519195556641
742,2021-09-17 08:09:28,515469,785.4020595550537
743,2021-09-17 08:09:42,515469,845.4899787902832
744,2021-09-17 09:09:10,515469,804.8460483551025
745,2021-09-17 09:09:30,515469,803.0719757080078
746,2021-09-17 09:09:38,515469,784.6429347991943
747,2021-09-17 09:09:44,515469,780.3800106048584
748,2021-09-17 01:09:30,515470,831.8688869476318
749,2021-09-17 01:09:33,515470,819.2160129547119
750,2021-09-17 01:09:56,515470,782.1948528289795
751,2021-09-17 02:09:01,515470,788.6111736297607
752,2021-09-17 09:09:12,515470,791.4638519287109
753,2021-09-17 10:09:21,515470,798.7949848175049
754,2021-09-17 11:09:16,515470,856.6100597381592
755,2021-09-17 11:09:42,515470,789.2649173736572
756,2021-09-17 11:09:50,515470,799.1478443145752
757,2021-09-17 12:09:09,515470,807.8789710998535
758,2021-09-17 01:09:06,515471,805.1919937133789
759,2021-09-17 01:09:24,515472,804.8110008239746
760,2021-09-17 02:09:22,515472,857.097864151001
761,2021-09-17 02:09:31,515472,801.2721538543701
762,2021-09-17 02:09:44,515472,801.2149333953857
763,2021-09-17 02:09:54,515472,819.2481994628906
764,2021-09-17 03:09:06,515472,818.1149959564209
765,2021-09-17 03:09:31,515472,832.3440551757812
766,2021-09-17 03:09:48,515472,839.5891189575195
767,2021-09-17 02:09:52,515473,786.4549160003662
768,2021-09-17 04:09:14,515473,809.5319271087646
769,2021-09-17 04:09:27,515474,796.353816986084
770,2021-09-17 05:09:11,515475,805.3758144378662
771,2021-09-17 05:09:14,515475,789.0059947967529
772,2021-09-17 05:09:24,515475,831.4990997314453
773,2021-09-17 06:09:09,515475,785.4969501495361
774,2021-09-17 05:09:50,515476,794.1169738769531
775,2021-09-17 06:09:06,515478,815.6578540802002
776,2021-09-17 06:09:44,515478,858.1080436706543
777,2021-09-17 08:09:51,515481,805.3789138793945
778,2021-09-17 09:09:00,515481,827.3780345916748
779,2021-09-17 09:09:51,515482,845.9250926971436
780,2021-09-18 01:09:46,515487,787.8799438476562
781,2021-09-18 12:09:47,515487,806.1978816986084
782,2021-09-18 01:09:12,515489,776.1721611022949
783,2021-09-18 02:09:18,515489,755.4099559783936
784,2021-09-18 02:09:33,515491,773.0350494384766
785,2021-09-18 03:09:16,515492,804.725170135498
786,2021-09-18 06:09:34,515499,789.8590564727783
787,2021-09-18 08:09:53,515503,1399.3470668792725
788,2021-09-18 12:09:45,515503,1065.788984298706
789,2021-09-19 01:09:51,515504,782.5779914855957
790,2021-09-19 02:09:38,515505,810.5740547180176
791,2021-09-19 08:09:59,515507,830.0261497497559
792,2021-09-20 01:09:37,515507,847.8479385375977
793,2021-09-20 01:09:55,515507,862.0219230651855
794,2021-09-20 06:09:07,515507,807.2450160980225
795,2021-09-20 07:09:01,515507,789.2589569091797
796,2021-09-20 08:09:38,515507,776.77321434021
797,2021-09-20 09:09:35,515507,793.7519550323486
798,2021-09-20 10:09:22,515507,823.5969543457031
799,2021-09-20 11:09:23,515507,868.7360286712646
800,2021-09-20 11:09:49,515507,803.2059669494629
801,2021-09-20 12:09:01,515507,794.9738502502441
802,2021-09-20 12:09:22,515507,795.4049110412598
803,2021-09-20 12:09:32,515507,805.6268692016602
804,2021-09-20 01:09:00,515508,799.9279499053955
805,2021-09-20 02:09:33,515508,794.4121360778809
806,2021-09-20 01:09:33,515510,882.5089931488037
807,2021-09-20 02:09:06,515510,803.9121627807617
808,2021-09-20 03:09:18,515510,868.8499927520752
809,2021-09-20 03:09:32,515511,788.031816482544
810,2021-09-20 03:09:37,515511,800.3242015838623
811,2021-09-20 03:09:44,515511,848.7670421600342
812,2021-09-20 04:09:01,515511,788.3589267730713
813,2021-09-20 04:09:52,515511,806.4689636230469
814,2021-09-20 04:09:59,515511,827.2678852081299
815,2021-09-20 05:09:31,515511,836.2159729003906
816,2021-09-20 07:09:39,515514,807.4619770050049
817,2021-09-20 07:09:49,515514,825.3040313720703
818,2021-09-20 08:09:14,515514,824.2990970611572
819,2021-09-20 08:09:46,515514,799.7028827667236
820,2021-09-20 08:09:55,515514,777.1410942077637
821,2021-09-20 09:09:26,515514,822.0610618591309
822,2021-09-20 09:09:51,515514,796.2448596954346
823,2021-09-20 10:09:02,515515,797.3980903625488
824,2021-09-20 11:09:23,515515,790.8430099487305
825,2021-09-21 01:09:40,515515,777.5189876556396
826,2021-09-21 08:09:30,515519,788.8681888580322
827,2021-09-21 08:09:33,515519,788.7909412384033
828,2021-09-21 08:09:34,515519,801.8820285797119
829,2021-09-21 09:09:06,515519,775.0551700592041
830,2021-09-21 09:09:47,515519,788.0029678344727
831,2021-09-21 09:09:50,515519,817.8179264068604
832,2021-09-21 10:09:47,515519,784.8949432373047
833,2021-09-21 11:09:59,515519,802.8240203857422
834,2021-09-21 01:09:15,515520,787.9688739776611
835,2021-09-21 01:09:16,515520,804.8360347747803
836,2021-09-21 10:09:37,515520,801.0540008544922
837,2021-09-21 03:09:20,515522,811.269998550415
838,2021-09-21 03:09:58,515522,787.5549793243408
839,2021-09-21 04:09:44,515522,804.9468994140625
840,2021-09-21 04:09:52,515522,947.4079608917236
841,2021-09-21 04:09:48,515523,804.0971755981445
842,2021-09-21 03:09:08,515524,823.1549263000488
843,2021-09-21 04:09:50,515524,847.2049236297607
844,2021-09-21 05:09:07,515524,772.2170352935791
845,2021-09-21 05:09:41,515524,819.6141719818115
846,2021-09-21 06:09:37,515524,796.9710826873779
847,2021-09-21 05:09:09,515525,1078.221082687378
848,2021-09-21 07:09:24,515525,828.5388946533203
849,2021-09-21 06:09:19,515526,797.5008487701416
850,2021-09-21 06:09:21,515527,775.1359939575195
851,2021-09-21 07:09:42,515527,787.8620624542236
852,2021-09-21 06:09:21,515528,779.8349857330322
853,2021-09-21 07:09:18,515529,804.724931716919
854,2021-09-21 06:09:49,515530,830.4920196533203
855,2021-09-21 07:09:05,515530,825.3579139709473
856,2021-09-21 08:09:35,515530,819.3848133087158
857,2021-09-21 08:09:37,515530,780.9429168701172
858,2021-09-21 08:09:53,515530,811.3539218902588
859,2021-09-21 09:09:32,515530,786.6859436035156
860,2021-09-21 09:09:05,515531,812.3760223388672
861,2021-09-21 10:09:47,515531,767.1780586242676
862,2021-09-21 09:09:34,515532,816.2651062011719
863,2021-09-21 11:09:41,515536,802.7300834655762
864,2021-09-22 02:09:26,515538,878.1499862670898
865,2021-09-22 06:09:24,515538,825.11305809021
866,2021-09-22 06:09:41,515538,1421.447992324829
867,2021-09-22 06:09:41,515538,814.5051002502441
868,2021-09-22 07:09:08,515538,861.5179061889648
869,2021-09-22 07:09:36,515538,811.4821910858154
870,2021-09-22 09:09:41,515539,827.4950981140137
871,2021-09-22 10:09:16,515539,1367.4089908599854
872,2021-09-22 10:09:22,515539,805.3579330444336
873,2021-09-22 11:09:20,515539,784.4130992889404
874,2021-09-22 11:09:56,515539,791.8610572814941
875,2021-09-22 12:09:34,515540,808.8619709014893
876,2021-09-22 01:09:05,515541,807.84010887146
877,2021-09-22 01:09:05,515541,801.5727996826172
878,2021-09-22 01:09:22,515541,819.7240829467773
879,2021-09-22 01:09:37,515541,792.849063873291
880,2021-09-22 01:09:58,515541,1340.137004852295
881,2021-09-22 02:09:12,515541,811.4111423492432
882,2021-09-22 12:09:39,515541,801.9990921020508
883,2021-09-22 12:09:58,515541,823.0249881744385
884,2021-09-22 03:09:14,515543,797.7938652038574
885,2021-09-22 03:09:49,515543,783.3619117736816
886,2021-09-22 04:09:06,515543,788.3810997009277
887,2021-09-22 03:09:57,515544,872.6270198822021
888,2021-09-22 04:09:29,515545,767.1699523925781
889,2021-09-22 05:09:02,515545,812.9260540008545
890,2021-09-22 07:09:06,515546,798.3560562133789
891,2021-09-22 07:09:43,515546,1388.1759643554688
892,2021-09-22 05:09:02,515547,804.3718338012695
893,2021-09-22 05:09:11,515547,1142.5020694732666
894,2021-09-22 05:09:19,515547,778.5060405731201
895,2021-09-22 05:09:51,515547,848.4749794006348
896,2021-09-22 06:09:31,515549,807.6560497283936
897,2021-09-22 07:09:37,515551,753.6399364471436
898,2021-09-22 09:09:06,515553,816.1098957061768
899,2021-09-23 01:09:28,515559,791.5151119232178
900,2021-09-23 05:09:11,515562,796.9739437103271
901,2021-09-23 05:09:23,515562,800.9798526763916
902,2021-09-23 06:09:49,515562,804.2521476745605
903,2021-09-23 07:09:28,515562,814.0468597412109
904,2021-09-23 07:09:48,515562,768.0280208587646
905,2021-09-23 08:09:09,515562,840.1601314544678
906,2021-09-23 08:09:21,515562,773.4129428863525
907,2021-09-23 09:09:17,515562,880.328893661499
908,2021-09-23 09:09:42,515562,742.2869205474854
909,2021-09-23 10:09:13,515562,781.5930843353271
910,2021-09-23 10:09:16,515562,771.0518836975098
911,2021-09-23 11:09:22,515563,802.9918670654297
912,2021-09-23 12:09:53,515563,775.2130031585693
913,2021-09-23 01:09:37,515564,825.1910209655762
914,2021-09-23 01:09:42,515564,780.1170349121094
915,2021-09-23 12:09:45,515564,777.7538299560547
916,2021-09-23 12:09:54,515564,785.7391834259033
917,2021-09-23 02:09:31,515565,784.5158576965332
918,2021-09-23 03:09:33,515565,801.8798828125
919,2021-09-23 04:09:29,515565,816.5099620819092
920,2021-09-23 02:09:35,515566,802.4249076843262
921,2021-09-23 02:09:44,515566,804.3298721313477
922,2021-09-23 03:09:29,515567,782.7920913696289
923,2021-09-23 05:09:40,515569,797.1601486206055
924,2021-09-23 06:09:51,515570,798.3748912811279
925,2021-09-23 07:09:09,515570,798.0220317840576
926,2021-09-23 07:09:24,515570,820.267915725708
927,2021-09-23 07:09:44,515570,838.8149738311768
928,2021-09-23 07:09:13,515571,806.8640232086182
929,2021-09-23 07:09:52,515571,833.2779407501221
930,2021-09-23 09:09:16,515571,796.2160110473633
931,2021-09-23 09:09:03,515573,810.075044631958
932,2021-09-23 11:09:16,515575,789.5240783691406
933,2021-09-23 11:09:29,515575,804.2922019958496
934,2021-09-23 11:09:34,515575,856.4589023590088
935,2021-09-23 11:09:37,515575,868.1640625
936,2021-09-24 01:09:06,515575,807.6858520507812
937,2021-09-24 12:09:25,515575,821.8519687652588
938,2021-09-24 12:09:36,515575,830.2850723266602
939,2021-09-23 11:09:47,515576,820.6489086151123
940,2021-09-24 12:09:04,515576,826.120138168335
941,2021-09-24 12:09:09,515576,836.8439674377441
942,2021-09-24 12:09:43,515576,830.5301666259766
943,2021-09-24 01:09:27,515577,1192.0650005340576
944,2021-09-24 02:09:46,515577,798.4099388122559
945,2021-09-24 02:09:51,515577,809.4089031219482
946,2021-09-24 02:09:55,515577,803.0350208282471
947,2021-09-24 03:09:11,515577,789.7429466247559
948,2021-09-24 11:09:43,515577,823.354959487915
949,2021-09-24 04:09:59,515578,826.2319564819336
950,2021-09-24 05:09:16,515578,802.2480010986328
951,2021-09-24 05:09:18,515580,821.9249248504639
952,2021-09-24 06:09:43,515580,780.2910804748535
953,2021-09-24 07:09:13,515580,823.188066482544
954,2021-09-24 07:09:15,515581,799.8430728912354
955,2021-09-24 08:09:32,515581,804.0449619293213
956,2021-09-24 08:09:50,515582,816.431999206543
957,2021-09-24 08:09:04,515583,860.8291149139404
958,2021-09-24 08:09:15,515583,796.597957611084
959,2021-09-24 09:09:00,515583,801.2180328369141
960,2021-09-24 09:09:19,515583,803.767204284668
961,2021-09-24 01:09:00,515586,786.2510681152344
962,2021-09-24 01:09:07,515586,833.5721492767334
963,2021-09-24 01:09:10,515586,805.5119514465332
964,2021-09-24 01:09:11,515586,797.9240417480469
965,2021-09-24 01:09:22,515586,834.0661525726318
966,2021-09-24 01:09:58,515586,796.5929508209229
967,2021-09-24 02:09:21,515586,849.9197959899902
968,2021-09-24 02:09:44,515586,787.8100872039795
969,2021-09-24 12:09:07,515586,792.1960353851318
970,2021-09-24 12:09:23,515586,832.258939743042
971,2021-09-24 02:09:44,515587,781.5558910369873
972,2021-09-24 02:09:08,515588,785.6869697570801
973,2021-09-24 03:09:45,515589,800.5390167236328
974,2021-09-24 04:09:18,515589,773.7810611724854
975,2021-09-24 04:09:50,515589,785.5391502380371
976,2021-09-24 04:09:10,515590,797.0759868621826
977,2021-09-24 04:09:25,515590,822.8578567504883
978,2021-09-24 04:09:35,515590,795.2249050140381
979,2021-09-24 05:09:07,515590,774.3911743164062
980,2021-09-24 06:09:07,515591,824.1889476776123
981,2021-09-24 06:09:58,515591,816.5419101715088
982,2021-09-24 06:09:58,515592,841.804027557373
983,2021-09-24 07:09:58,515592,814.3820762634277
984,2021-09-24 08:09:51,515594,801.5091419219971
985,2021-09-24 08:09:52,515594,832.4298858642578
986,2021-09-24 09:09:08,515595,805.5410385131836
987,2021-09-24 09:09:32,515596,781.4610004425049
988,2021-09-24 09:09:11,515597,1321.6891288757324
989,2021-09-24 09:09:31,515597,806.9510459899902
990,2021-09-24 11:09:18,515597,818.2940483093262
991,2021-09-25 01:09:01,515602,818.0680274963379
992,2021-09-25 01:09:14,515602,784.3568325042725
993,2021-09-25 01:09:51,515602,803.7009239196777
994,2021-09-25 12:09:12,515602,801.4390468597412
995,2021-09-25 01:09:09,515603,810.7619285583496
996,2021-09-25 01:09:36,515603,829.7350406646729
997,2021-09-25 02:09:06,515603,826.9648551940918
998,2021-09-25 02:09:56,515603,784.1649055480957
999,2021-09-25 02:09:18,515605,774.7750282287598
1000,2021-09-25 03:09:04,515605,800.1759052276611
1001,2021-09-25 03:09:10,515607,816.1380290985107
1002,2021-09-25 03:09:51,515607,766.4828300476074
1003,2021-09-25 04:09:00,515607,770.4629898071289
1004,2021-09-25 04:09:01,515607,819.943904876709
1005,2021-09-25 04:09:15,515607,786.0589027404785
1006,2021-09-25 04:09:23,515607,785.4790687561035
1007,2021-09-25 04:09:27,515607,865.7028675079346
1008,2021-09-25 05:09:10,515607,789.3850803375244
1009,2021-09-25 05:09:30,515607,750.0848770141602
1010,2021-09-25 05:09:47,515607,812.5231266021729
1011,2021-09-25 05:09:58,515607,801.4688491821289
1012,2021-09-25 06:09:14,515607,793.4451103210449
1013,2021-09-25 07:09:58,515607,804.1219711303711
1014,2021-09-25 10:09:37,515608,800.5321025848389
1015,2021-09-25 11:09:59,515608,796.6668605804443
1016,2021-09-25 01:09:30,515609,809.02099609375
1017,2021-09-25 01:09:43,515609,792.1891212463379
1018,2021-09-25 02:09:33,515609,807.5509071350098
1019,2021-09-25 02:09:53,515609,1354.349136352539
1020,2021-09-25 05:09:36,515609,824.7489929199219
1021,2021-09-25 12:09:56,515609,785.4020595550537
1022,2021-09-25 05:09:42,515611,829.4680118560791
1023,2021-09-25 08:09:31,515615,794.8908805847168
1024,2021-09-25 08:09:33,515615,836.8220329284668
1025,2021-09-25 09:09:02,515615,867.995023727417
1026,2021-09-25 10:09:00,515615,796.6680526733398
1027,2021-09-25 10:09:42,515615,798.712968826294
1028,2021-09-25 10:09:51,515615,852.7841567993164
1029,2021-09-26 10:09:29,515615,801.0368347167969
1030,2021-09-26 10:09:35,515615,833.0140113830566
1031,2021-09-26 10:09:36,515615,798.3191013336182
1032,2021-09-26 10:09:39,515615,840.7409191131592
1033,2021-09-26 04:09:43,515616,806.8268299102783
1034,2021-09-26 05:09:35,515616,817.2612190246582
1035,2021-09-26 05:09:57,515616,861.3510131835938
1036,2021-09-26 06:09:14,515616,821.0480213165283
1037,2021-09-26 06:09:53,515616,832.8988552093506
1038,2021-09-26 06:09:54,515616,852.8978824615479
1039,2021-09-26 02:09:13,515617,765.3570175170898
1040,2021-09-26 04:09:15,515617,793.0359840393066
1041,2021-09-26 04:09:24,515617,811.1629486083984
1042,2021-09-26 05:09:19,515617,831.7110538482666
1043,2021-09-26 05:09:23,515617,793.5848236083984
1044,2021-09-26 05:09:41,515617,882.8189373016357
1045,2021-09-26 05:09:43,515617,791.8310165405273
1046,2021-09-26 06:09:18,515617,798.037052154541
1047,2021-09-26 06:09:44,515617,818.1419372558594
1048,2021-09-26 07:09:33,515617,845.9689617156982
1049,2021-09-26 07:09:52,515617,823.6241340637207
1050,2021-09-26 12:09:36,515617,787.0898246765137
1051,2021-09-26 11:09:53,515618,873.0969429016113
1052,2021-09-27 04:09:14,515618,806.272029876709
1053,2021-09-27 04:09:33,515618,825.0219821929932
1054,2021-09-27 04:09:53,515618,816.6670799255371
1055,2021-09-27 05:09:20,515618,796.2830066680908
1056,2021-09-27 05:09:35,515618,842.9050445556641
1057,2021-09-27 05:09:44,515618,817.6558017730713
1058,2021-09-27 05:09:59,515618,860.943078994751
1059,2021-09-27 06:09:21,515618,1485.6159687042236
1060,2021-09-27 06:09:41,515618,863.5108470916748
1061,2021-09-27 06:09:45,515618,803.9560317993164
1062,2021-09-27 06:09:56,515618,854.478120803833
1063,2021-09-27 06:09:57,515618,827.4738788604736
1064,2021-09-27 06:09:59,515618,803.7798404693604
1065,2021-09-27 07:09:04,515618,950.7231712341309
1066,2021-09-27 07:09:13,515618,1069.6940422058105
1067,2021-09-27 07:09:20,515618,809.8640441894531
1068,2021-09-27 07:09:31,515618,836.3828659057617
1069,2021-09-27 07:09:56,515618,803.1539916992188
1070,2021-09-27 08:09:57,515618,833.0719470977783
1071,2021-09-27 09:09:06,515619,862.9310131072998
1072,2021-09-27 10:09:21,515619,833.0919742584229
1073,2021-09-27 11:09:02,515619,1389.3299102783203
1074,2021-09-27 12:09:29,515619,824.3579864501953
1075,2021-09-27 12:09:31,515619,817.5201416015625
1076,2021-09-27 12:09:51,515619,805.3100109100342
1077,2021-09-27 01:09:27,515620,790.5228137969971
1078,2021-09-27 01:09:42,515620,823.2529163360596
1079,2021-09-27 02:09:07,515620,779.6988487243652
1080,2021-09-27 02:09:24,515620,834.7640037536621
1081,2021-09-27 02:09:44,515620,804.7220706939697
1082,2021-09-27 02:09:50,515620,775.2730846405029
1083,2021-09-27 12:09:00,515620,823.0080604553223
1084,2021-09-27 12:09:40,515620,845.0911045074463
1085,2021-09-27 03:09:03,515621,804.9650192260742
1086,2021-09-27 03:09:37,515621,838.03391456604
1087,2021-09-27 04:09:02,515621,844.7549343109131
1088,2021-09-27 05:09:10,515621,852.2191047668457
1089,2021-09-27 05:09:38,515621,798.1491088867188
1090,2021-09-27 04:09:29,515622,810.5478286743164
1091,2021-09-27 04:09:55,515622,1376.1460781097412
1092,2021-09-27 05:09:22,515622,852.8270721435547
1093,2021-09-27 04:09:40,515623,806.2350749969482
1094,2021-09-27 05:09:51,515624,858.4589958190918
1095,2021-09-27 05:09:21,515625,838.6540412902832
1096,2021-09-27 06:09:05,515625,786.4229679107666
1097,2021-09-27 07:09:54,515626,846.5759754180908
1098,2021-09-27 08:09:09,515627,833.3940505981445
1099,2021-09-27 08:09:17,515627,838.0119800567627
1100,2021-09-27 08:09:30,515627,819.6849822998047
1101,2021-09-27 08:09:39,515627,778.4140110015869
1102,2021-09-27 09:09:34,515627,829.3631076812744
1103,2021-09-27 09:09:22,515628,784.3620777130127
1104,2021-09-27 11:09:15,515628,789.9949550628662
1105,2021-09-27 10:09:59,515630,869.3439960479736
1106,2021-09-28 01:09:00,515632,816.5140151977539
1107,2021-09-28 01:09:46,515632,786.262035369873
1108,2021-09-28 12:09:48,515632,807.1408271789551
1109,2021-09-28 12:09:48,515632,807.8701496124268
1110,2021-09-28 01:09:11,515633,793.1509017944336
1111,2021-09-28 01:09:42,515633,778.0599594116211
1112,2021-09-28 01:09:52,515633,792.057991027832
1113,2021-09-28 02:09:50,515633,778.5329818725586
1114,2021-09-28 12:09:06,515633,794.8498725891113
1115,2021-09-28 12:09:09,515633,835.0279331207275
1116,2021-09-28 02:09:38,515634,775.3109931945801
1117,2021-09-28 02:09:55,515634,803.0741214752197
1118,2021-09-28 03:09:17,515634,791.1529541015625
1119,2021-09-28 03:09:35,515634,779.7958850860596
1120,2021-09-28 03:09:46,515634,784.8050594329834
1121,2021-09-28 04:09:10,515634,779.0889739990234
1122,2021-09-28 04:09:33,515634,822.796106338501
1123,2021-09-28 04:09:51,515634,786.1299514770508
1124,2021-09-28 05:09:07,515634,782.9458713531494
1125,2021-09-28 05:09:21,515634,816.6399002075195
1126,2021-09-28 05:09:47,515634,798.1300354003906
1127,2021-09-28 05:09:49,515634,785.6230735778809
1128,2021-09-28 06:09:00,515634,822.9999542236328
1129,2021-09-28 06:09:11,515634,756.5419673919678
1130,2021-09-28 06:09:28,515634,789.4210815429688
1131,2021-09-28 06:09:32,515634,805.3679466247559
1132,2021-09-28 06:09:37,515634,1326.8210887908936
1133,2021-09-28 06:09:42,515634,800.853967666626
1134,2021-09-28 06:09:53,515634,797.0879077911377
1135,2021-09-28 07:09:31,515634,794.788122177124
1136,2021-09-28 07:09:31,515634,787.0140075683594
1137,2021-09-28 07:09:56,515634,761.4338397979736
1138,2021-09-28 07:09:57,515634,774.8339176177979
1139,2021-09-28 08:09:04,515634,796.9810962677002
1140,2021-09-28 08:09:06,515634,783.3859920501709
1141,2021-09-28 08:09:08,515634,779.1688442230225
1142,2021-09-28 08:09:12,515634,797.0960140228271
1143,2021-09-28 08:09:17,515634,792.5190925598145
1144,2021-09-28 08:09:45,515634,811.0020160675049
1145,2021-09-28 08:09:57,515634,794.7731018066406
1146,2021-09-28 09:09:24,515634,776.4999866485596
1147,2021-09-28 09:09:54,515634,817.84987449646
1148,2021-09-28 10:09:38,515635,829.2050361633301
1149,2021-09-28 10:09:48,515635,793.0200099945068
1150,2021-09-28 10:09:52,515635,847.7919101715088
1151,2021-09-28 11:09:08,515635,805.5219650268555
1152,2021-09-28 11:09:18,515635,804.2480945587158
1153,2021-09-28 11:09:29,515635,845.8020687103271
1154,2021-09-28 12:09:26,515635,757.0910453796387
1155,2021-09-28 12:09:01,515636,815.666913986206
1156,2021-09-28 01:09:01,515637,772.6020812988281
1157,2021-09-28 02:09:23,515637,743.2558536529541
1158,2021-09-28 02:09:27,515637,813.6031627655029
1159,2021-09-28 02:09:52,515637,769.921064376831
1160,2021-09-28 03:09:05,515637,779.1318893432617
1161,2021-09-28 03:09:32,515637,771.7509269714355
1162,2021-09-28 03:09:57,515638,1347.7509021759033
1163,2021-09-28 03:09:11,515639,807.6920509338379
1164,2021-09-28 03:09:31,515639,777.306079864502
1165,2021-09-28 03:09:59,515639,805.0351142883301
1166,2021-09-28 04:09:23,515639,772.7060317993164
1167,2021-09-28 04:09:45,515639,776.7269611358643
1168,2021-09-28 04:09:42,515640,805.387020111084
1169,2021-09-28 04:09:55,515640,829.6549320220947
1170,2021-09-28 05:09:22,515641,787.3129844665527
1171,2021-09-28 05:09:00,515642,808.7689876556396
1172,2021-09-28 06:09:16,515642,821.976900100708
1173,2021-09-28 07:09:23,515642,814.284086227417
1174,2021-09-28 07:09:42,515642,810.6210231781006
1175,2021-09-28 06:09:48,515643,847.602128982544
1176,2021-09-28 08:09:07,515643,809.2770576477051
1177,2021-09-28 08:09:53,515643,798.5749244689941
1178,2021-09-28 08:09:57,515644,795.4750061035156
1179,2021-09-28 09:09:58,515644,800.1968860626221
1180,2021-09-28 08:09:07,515645,779.0908813476562
1181,2021-09-28 08:09:15,515645,806.6761493682861
1182,2021-09-28 08:09:15,515645,791.0158634185791
1183,2021-09-28 09:09:24,515645,870.488166809082
1184,2021-09-28 09:09:47,515645,803.7669658660889
1185,2021-09-28 09:09:57,515645,765.9649848937988
1186,2021-09-28 09:09:58,515646,826.7738819122314
1187,2021-09-28 10:09:27,515646,1032.1040153503418
1188,2021-09-28 11:09:57,515646,805.0448894500732
1189,2021-09-28 10:09:09,515647,833.2490921020508
1190,2021-09-28 11:09:59,515647,829.0398120880127
1191,2021-09-29 12:09:44,515647,825.1950740814209
1192,2021-09-29 12:09:50,515647,795.5338954925537
1193,2021-09-28 11:09:00,515648,828.7680149078369
1194,2021-09-29 12:09:06,515650,899.852991104126
1195,2021-09-29 12:09:15,515650,817.2450065612793
1196,2021-09-29 03:09:54,515657,789.564847946167
1197,2021-09-29 05:09:00,515661,962.9030227661133
1198,2021-09-29 06:09:09,515661,799.8340129852295
1199,2021-09-29 06:09:18,515662,854.6180725097656
1200,2021-09-29 07:09:16,515662,819.0031051635742
1201,2021-09-29 07:09:57,515662,803.8539886474609
1202,2021-09-29 08:09:33,515662,770.0309753417969
1203,2021-09-29 08:09:45,515662,777.7011394500732
1204,2021-09-29 08:09:49,515662,847.4678993225098
1205,2021-09-29 01:09:54,515666,801.9521236419678
1206,2021-09-29 09:09:03,515666,825.7019519805908
1207,2021-09-29 10:09:52,515666,810.7309341430664
1208,2021-09-29 12:09:29,515666,846.7438220977783
1209,2021-09-29 12:09:43,515666,824.5410919189453
1210,2021-09-29 12:09:59,515666,797.3458766937256
1211,2021-09-29 01:09:17,515667,819.1430568695068
1212,2021-09-29 01:09:50,515667,829.5209407806396
1213,2021-09-29 02:09:45,515667,827.3770809173584
1214,2021-09-29 04:09:17,515667,801.624059677124
1215,2021-09-29 04:09:48,515667,787.3640060424805
1216,2021-09-29 12:09:35,515667,840.8079147338867
1217,2021-09-30 01:09:34,515667,823.9321708679199
1218,2021-09-30 12:09:37,515667,864.6590709686279
1219,2021-09-30 12:09:43,515667,779.9539566040039
1220,2021-09-30 12:09:57,515667,850.3279685974121
1221,2021-09-29 01:09:55,515668,823.030948638916
1222,2021-09-29 02:09:07,515668,809.2820644378662
1223,2021-09-29 04:09:51,515668,799.4139194488525
1224,2021-09-29 02:09:06,515669,804.1009902954102
1225,2021-09-29 02:09:40,515669,799.3698120117188
1226,2021-09-29 02:09:58,515669,803.1730651855469
1227,2021-09-29 03:09:17,515669,824.2390155792236
1228,2021-09-29 04:09:32,515669,803.4698963165283
1229,2021-09-29 04:09:41,515669,798.7411022186279
1230,2021-09-29 05:09:43,515669,808.8929653167725
1231,2021-09-29 05:09:18,515672,808.2890510559082
1232,2021-09-29 05:09:40,515672,820.1301097869873
1233,2021-09-29 06:09:36,515672,888.8452053070068
1234,2021-09-29 06:09:37,515672,848.7751483917236
1235,2021-09-29 07:09:18,515672,813.7431144714355
1236,2021-09-29 07:09:27,515673,817.9521560668945
1237,2021-09-29 07:09:46,515673,807.4491024017334
1238,2021-09-29 08:09:35,515673,808.0039024353027
1239,2021-09-29 07:09:30,515674,835.3888988494873
1240,2021-09-29 08:09:27,515674,1378.6840438842773
1241,2021-09-29 08:09:40,515675,820.2469348907471
1242,2021-09-29 08:09:49,515675,823.4779834747314
1243,2021-09-29 08:09:52,515675,838.007926940918
1244,2021-09-29 09:09:02,515675,895.5738544464111
1245,2021-09-29 09:09:09,515675,829.1261196136475
1246,2021-09-29 09:09:17,515675,862.5571727752686
1247,2021-09-29 09:09:23,515675,1311.8751049041748
1248,2021-09-29 09:09:29,515675,852.2109985351562
1249,2021-09-29 09:09:31,515675,826.8008232116699
1250,2021-09-29 09:09:48,515675,855.6129932403564
1251,2021-09-29 10:09:03,515675,808.4001541137695
1252,2021-09-29 10:09:47,515676,835.6060981750488
1253,2021-09-29 11:09:57,515676,794.7909832000732
1254,2021-09-30 01:09:04,515679,821.1328983306885
1255,2021-09-30 01:09:46,515679,781.6431522369385
1256,2021-09-30 02:09:06,515679,821.760892868042
1257,2021-09-30 02:09:40,515679,796.4768409729004
1258,2021-09-30 01:09:29,515680,855.0169467926025
1259,2021-09-30 03:09:59,515682,800.764799118042
1260,2021-09-30 04:09:47,515684,786.4820957183838
1261,2021-09-30 05:09:30,515684,896.6269493103027
1262,2021-09-30 04:09:09,515685,885.0481510162354
1263,2021-09-30 05:09:40,515685,849.0509986877441
1264,2021-09-30 06:09:17,515687,845.6559181213379
1265,2021-09-30 06:09:53,515687,1364.9418354034424
1266,2021-09-30 07:09:01,515687,810.1630210876465
1267,2021-09-30 07:09:27,515687,800.6420135498047
1268,2021-09-30 11:09:23,515693,900.4349708557129
1269,2021-09-30 12:09:06,515693,766.381025314331
1270,2021-09-30 10:09:17,515694,886.6188526153564
1271,2021-09-30 11:09:16,515694,775.3841876983643
1272,2021-09-30 11:09:24,515694,1197.5219249725342
1273,2021-09-30 11:09:29,515694,788.646936416626
1274,2021-09-30 12:09:10,515694,803.3230304718018
1275,2021-09-30 12:09:45,515694,826.3499736785889
1276,2021-09-30 12:09:04,515695,788.7089252471924
1277,2021-09-30 12:09:46,515695,776.6001224517822
1278,2021-09-30 01:09:16,515696,805.354118347168
1279,2021-09-30 12:09:54,515696,827.0330429077148
1280,2021-09-30 01:09:31,515697,813.5619163513184
1281,2021-09-30 01:09:35,515697,848.0911254882812
1282,2021-09-30 01:09:43,515697,790.56715965271
1283,2021-09-30 01:09:58,515697,815.9599304199219
1284,2021-09-30 02:09:10,515697,802.2208213806152
1285,2021-09-30 03:09:39,515697,918.0901050567627
1286,2021-09-30 02:09:13,515698,804.6529293060303
1287,2021-09-30 02:09:57,515698,799.4132041931152
1288,2021-09-30 03:09:20,515698,803.3969402313232
1289,2021-09-30 03:09:52,515698,797.5239753723145
1290,2021-09-30 02:09:16,515699,809.7319602966309
1291,2021-09-30 03:09:25,515699,797.9021072387695
1292,2021-09-30 04:09:13,515700,802.8721809387207
1293,2021-09-30 04:09:24,515700,852.4229526519775
1294,2021-09-30 04:09:16,515701,815.8049583435059
1295,2021-09-30 05:09:15,515701,827.0599842071533
1296,2021-09-30 05:09:58,515701,800.3840446472168
1297,2021-09-30 05:09:26,515702,816.1640167236328
1298,2021-09-30 06:09:49,515702,798.2110977172852
1299,2021-09-30 06:09:33,515704,788.7990474700928
1300,2021-09-30 06:09:43,515704,812.798023223877
1301,2021-09-30 07:09:05,515704,785.9711647033691
1302,2021-09-30 07:09:22,515704,800.0650405883789
1303,2021-09-30 07:09:29,515704,807.8470230102539
1304,2021-09-30 08:09:09,515705,795.2589988708496
1305,2021-09-30 08:09:15,515705,887.0158195495605
1306,2021-09-30 10:09:16,515707,799.6129989624023
1307,2021-09-30 10:09:34,515707,790.942907333374
1308,2021-09-30 11:09:50,515710,833.6679935455322
1309,2021-10-01 12:10:16,515710,787.0497703552246
1310,2021-10-01 12:10:49,515710,813.6959075927734
1311,2021-10-01 12:10:51,515710,872.9650974273682
1312,2021-10-01 01:10:18,515711,793.2851314544678
1313,2021-10-01 12:10:36,515711,783.9980125427246
1314,2021-10-01 01:10:10,515713,822.9129314422607
1315,2021-10-01 11:10:24,515713,770.5531120300293
1316,2021-10-01 12:10:11,515713,838.8619422912598
1317,2021-10-01 12:10:44,515713,825.8481025695801
1318,2021-10-01 05:10:28,515717,1111.6228103637695
1319,2021-10-01 05:10:10,515718,783.3230495452881
1320,2021-10-01 06:10:44,515718,793.5960292816162
1321,2021-10-01 07:10:11,515718,841.9241905212402
1322,2021-10-01 07:10:57,515718,796.2610721588135
1323,2021-10-01 11:10:13,515728,1282.1381092071533
1324,2021-10-01 11:10:24,515728,787.971019744873
1325,2021-10-01 01:10:49,515730,797.7561950683594
1326,2021-10-01 02:10:50,515730,783.3099365234375
1327,2021-10-01 03:10:13,515730,812.9310607910156
1328,2021-10-01 04:10:05,515730,809.798002243042
1329,2021-10-01 05:10:06,515730,1134.2101097106934
1330,2021-10-01 05:10:40,515730,810.1770877838135
1331,2021-10-01 05:10:53,515730,796.720027923584
1332,2021-10-01 05:10:59,515730,852.9329299926758
1333,2021-10-01 07:10:29,515730,775.1550674438477
1334,2021-10-01 11:10:28,515730,793.0970191955566
1335,2021-10-01 11:10:40,515730,796.0538864135742
1336,2021-10-01 11:10:58,515730,776.8421173095703
1337,2021-10-01 12:10:28,515730,789.4120216369629
1338,2021-10-01 12:10:33,515730,800.814151763916
1339,2021-10-01 12:10:38,515730,789.3459796905518
1340,2021-10-01 12:10:41,515730,800.6439208984375
1341,2021-10-01 04:10:50,515731,946.4349746704102
1342,2021-10-01 05:10:53,515731,867.9990768432617
1343,2021-10-01 07:10:07,515732,865.0319576263428
1344,2021-10-01 07:10:34,515732,772.932767868042
1345,2021-10-01 08:10:30,515732,818.011999130249
1346,2021-10-01 08:10:31,515732,814.9130344390869
1347,2021-10-01 08:10:32,515732,874.6731281280518
1348,2021-10-01 08:10:58,515732,763.0882263183594
1349,2021-10-01 07:10:16,515733,860.8710765838623
1350,2021-10-01 08:10:56,515733,829.2758464813232
1351,2021-10-02 01:10:21,515735,797.4038124084473
1352,2021-10-02 01:10:32,515735,834.4829082489014
1353,2021-10-02 01:10:39,515735,822.0791816711426
1354,2021-10-02 02:10:30,515735,825.6368637084961
1355,2021-10-02 03:10:37,515735,1378.460168838501
1356,2021-10-02 03:10:42,515735,810.0309371948242
1357,2021-10-02 03:10:47,515735,798.6278533935547
1358,2021-10-02 01:10:36,515736,813.1520748138428
1359,2021-10-02 03:10:03,515736,802.1960258483887
1360,2021-10-02 03:10:13,515736,802.8929233551025
1361,2021-10-02 03:10:13,515736,806.635856628418
1362,2021-10-02 05:10:12,515736,827.6858329772949
1363,2021-10-02 05:10:35,515736,829.6771049499512
1364,2021-10-02 07:10:22,515736,862.7550601959229
1365,2021-10-02 07:10:49,515736,822.0369815826416
1366,2021-10-02 08:10:02,515736,788.783073425293
1367,2021-10-02 08:10:29,515736,835.1709842681885
1368,2021-10-02 08:10:40,515736,824.2781162261963
1369,2021-10-02 09:10:05,515736,847.985029220581
1370,2021-10-02 09:10:14,515736,800.9109497070312
1371,2021-10-02 10:10:46,515736,815.5229091644287
1372,2021-10-02 12:10:24,515736,1373.7001419067383
1373,2021-10-03 03:10:36,515737,973.761796951294
1374,2021-10-03 05:10:13,515737,830.2919864654541
1375,2021-10-03 07:10:39,515737,874.8729228973389
1376,2021-10-03 08:10:07,515737,825.1378536224365
1377,2021-10-03 12:10:45,515737,866.5769100189209
1378,2021-10-03 12:10:56,515737,796.7338562011719
1379,2021-10-03 03:10:06,515738,818.4630870819092
1380,2021-10-03 03:10:31,515738,803.9791584014893
1381,2021-10-03 03:10:55,515738,805.8640956878662
1382,2021-10-03 03:10:56,515738,851.9761562347412
1383,2021-10-03 04:10:19,515738,866.5571212768555
1384,2021-10-03 04:10:49,515738,809.453010559082
1385,2021-10-03 04:10:58,515738,817.9991245269775
1386,2021-10-03 05:10:08,515738,789.4070148468018
1387,2021-10-03 05:10:27,515738,1190.6490325927734
1388,2021-10-03 06:10:00,515738,883.2788467407227
1389,2021-10-03 06:10:55,515738,821.479082107544
1390,2021-10-03 03:10:35,515739,785.8531475067139
1391,2021-10-03 06:10:13,515739,764.7199630737305
1392,2021-10-03 08:10:13,515739,777.271032333374
1393,2021-10-03 08:10:35,515739,884.01198387146
1394,2021-10-03 10:10:07,515739,827.8501033782959
1395,2021-10-03 11:10:43,515739,795.9949970245361
1396,2021-10-04 01:10:57,515739,812.9558563232422
1397,2021-10-04 02:10:16,515739,780.0569534301758
1398,2021-10-04 03:10:31,515739,817.1319961547852
1399,2021-10-04 03:10:31,515739,822.7059841156006
1400,2021-10-04 01:10:03,515741,796.9961166381836
1401,2021-10-04 01:10:09,515741,1162.506103515625
1402,2021-10-04 01:10:11,515741,812.2889995574951
1403,2021-10-04 02:10:39,515741,798.1979846954346
1404,2021-10-04 02:10:51,515741,835.6010913848877
1405,2021-10-04 03:10:32,515741,1379.288911819458
1406,2021-10-04 03:10:44,515741,808.635950088501
1407,2021-10-04 10:10:01,515741,772.2659111022949
1408,2021-10-04 10:10:09,515741,802.9630184173584
1409,2021-10-04 11:10:14,515741,786.8101596832275
1410,2021-10-04 11:10:45,515741,778.7959575653076
1411,2021-10-04 11:10:50,515741,790.6091213226318
1412,2021-10-04 12:10:40,515741,770.474910736084
1413,2021-10-04 12:10:57,515741,787.9400253295898
1414,2021-10-04 03:10:06,515743,793.7099933624268
1415,2021-10-04 04:10:38,515743,840.9550189971924
1416,2021-10-04 05:10:18,515745,809.0550899505615
1417,2021-10-04 05:10:23,515747,816.8079853057861
1418,2021-10-04 06:10:27,515747,815.2120113372803
1419,2021-10-04 06:10:29,515747,847.5100994110107
1420,2021-10-04 06:10:59,515747,829.4291496276855
1421,2021-10-04 07:10:20,515747,805.9539794921875
1422,2021-10-04 07:10:42,515747,836.8308544158936
1423,2021-10-04 07:10:44,515747,786.2000465393066
1424,2021-10-04 08:10:19,515747,798.5060214996338
1425,2021-10-04 08:10:35,515747,860.9578609466553
1426,2021-10-04 07:10:01,515748,832.5669765472412
1427,2021-10-04 08:10:29,515748,789.8859977722168
1428,2021-10-04 09:10:00,515748,849.6191501617432
1429,2021-10-04 09:10:06,515748,834.0311050415039
1430,2021-10-04 09:10:26,515748,782.174825668335
1431,2021-10-04 09:10:58,515748,828.2179832458496
1432,2021-10-04 10:10:15,515748,786.6039276123047
1433,2021-10-04 10:10:25,515748,788.424015045166
1434,2021-10-04 10:10:55,515748,978.7349700927734
1435,2021-10-04 11:10:14,515748,797.112226486206
1436,2021-10-04 11:10:17,515748,804.5568466186523
1437,2021-10-04 11:10:19,515748,792.809009552002
1438,2021-10-04 11:10:40,515748,822.584867477417
1439,2021-10-05 01:10:15,515748,795.7251071929932
1440,2021-10-05 12:10:32,515748,823.5409259796143
1441,2021-10-05 01:10:28,515749,804.9139976501465
1442,2021-10-05 01:10:42,515749,825.2911567687988
1443,2021-10-05 12:10:00,515749,783.2679748535156
1444,2021-10-05 12:10:26,515749,805.9399127960205
1445,2021-10-05 01:10:24,515750,793.8578128814697
1446,2021-10-05 02:10:30,515750,796.442985534668
1447,2021-10-05 02:10:47,515750,848.6299514770508
1448,2021-10-05 03:10:13,515750,781.4218997955322
1449,2021-10-05 04:10:26,515750,782.8969955444336
1450,2021-10-05 04:10:49,515750,802.5140762329102
1451,2021-10-05 06:10:12,515753,860.4519367218018
1452,2021-10-05 06:10:22,515753,834.7289562225342
1453,2021-10-05 06:10:30,515753,880.6240558624268
1454,2021-10-05 06:10:43,515753,815.377950668335
1455,2021-10-05 06:10:52,515753,802.717924118042
1456,2021-10-05 08:10:16,515753,813.2460117340088
1457,2021-10-05 07:10:03,515754,780.6320190429688
1458,2021-10-05 07:10:04,515754,782.4530601501465
1459,2021-10-05 07:10:45,515754,1130.0280094146729
1460,2021-10-05 08:10:21,515754,801.1410236358643
1461,2021-10-05 08:10:45,515754,759.5860958099365
1462,2021-10-05 08:10:50,515754,794.9309349060059
1463,2021-10-05 09:10:20,515754,781.5799713134766
1464,2021-10-05 09:10:38,515754,785.8669757843018
1465,2021-10-05 10:10:24,515754,768.6641216278076
1466,2021-10-05 10:10:44,515754,798.9020347595215
1467,2021-10-05 01:10:10,515757,790.7118797302246
1468,2021-10-05 01:10:12,515757,780.7259559631348
1469,2021-10-05 01:10:18,515757,793.691873550415
1470,2021-10-05 01:10:21,515757,761.1839771270752
1471,2021-10-05 01:10:37,515757,762.3300552368164
1472,2021-10-05 01:10:38,515757,834.4919681549072
1473,2021-10-05 01:10:44,515757,794.0068244934082
1474,2021-10-05 01:10:49,515757,770.1358795166016
1475,2021-10-05 01:10:55,515757,790.4272079467773
1476,2021-10-05 02:10:11,515757,769.7820663452148
1477,2021-10-05 02:10:25,515757,762.8939151763916
1478,2021-10-05 02:10:34,515757,793.9858436584473
1479,2021-10-05 02:10:49,515757,804.3689727783203
1480,2021-10-05 02:10:49,515757,818.4070587158203
1481,2021-10-05 03:10:14,515757,756.5350532531738
1482,2021-10-05 03:10:29,515757,759.7200870513916
1483,2021-10-05 03:10:31,515757,764.0228271484375
1484,2021-10-05 03:10:39,515757,787.7631187438965
1485,2021-10-05 03:10:39,515757,786.1249446868896
1486,2021-10-05 03:10:46,515757,783.2891941070557
1487,2021-10-05 04:10:00,515757,763.8101577758789
1488,2021-10-05 04:10:20,515757,761.2080574035645
1489,2021-10-05 09:10:40,515757,765.3601169586182
1490,2021-10-05 09:10:57,515757,801.1059761047363
1491,2021-10-05 10:10:10,515757,805.9368133544922
1492,2021-10-05 10:10:41,515757,817.8601264953613
1493,2021-10-05 10:10:56,515757,794.1701412200928
1494,2021-10-05 11:10:07,515757,797.7910041809082
1495,2021-10-05 11:10:12,515757,817.9621696472168
1496,2021-10-05 11:10:16,515757,774.0919589996338
1497,2021-10-05 11:10:17,515757,801.6350269317627
1498,2021-10-05 11:10:53,515757,756.3810348510742
1499,2021-10-05 12:10:00,515757,807.0008754730225
1500,2021-10-05 12:10:00,515757,780.6229591369629
1501,2021-10-05 12:10:02,515757,794.3592071533203
1502,2021-10-05 12:10:02,515757,794.6710586547852
1503,2021-10-05 12:10:38,515757,790.3809547424316
1504,2021-10-05 12:10:47,515757,794.9399948120117
1505,2021-10-05 02:10:13,515758,1350.7649898529053
1506,2021-10-05 02:10:48,515758,830.665111541748
1507,2021-10-05 03:10:08,515758,780.7180881500244
1508,2021-10-05 04:10:21,515758,791.6259765625
1509,2021-10-05 04:10:50,515759,788.1131172180176
1510,2021-10-05 06:10:06,515759,782.7661037445068
1511,2021-10-05 05:10:53,515760,799.4909286499023
1512,2021-10-05 06:10:04,515761,780.3788185119629
1513,2021-10-05 08:10:07,515761,784.3329906463623
1514,2021-10-05 08:10:44,515764,836.6439342498779
1515,2021-10-05 09:10:33,515764,817.986011505127
1516,2021-10-05 10:10:48,515768,1114.1960620880127
1517,2021-10-05 10:10:50,515768,765.5448913574219
1518,2021-10-05 11:10:50,515768,795.1869964599609
1519,2021-10-05 11:10:24,515769,788.067102432251
1520,2021-10-06 12:10:59,515769,794.0289974212646
1521,2021-10-06 01:10:57,515770,819.7319507598877
1522,2021-10-06 02:10:18,515770,810.6949329376221
1523,2021-10-06 02:10:36,515770,806.9500923156738
1524,2021-10-06 12:10:08,515770,798.1870174407959
1525,2021-10-06 01:10:26,515772,792.3939228057861
1526,2021-10-06 02:10:42,515772,784.6519947052002
1527,2021-10-06 03:10:08,515772,798.7232208251953
1528,2021-10-06 03:10:19,515772,811.3348484039307
1529,2021-10-06 01:10:06,515779,838.0510807037354
1530,2021-10-06 01:10:15,515779,834.3920707702637
1531,2021-10-06 01:10:17,515779,858.583927154541
1532,2021-10-06 01:10:32,515779,838.0599021911621
1533,2021-10-06 01:10:37,515779,797.3778247833252
1534,2021-10-06 01:10:42,515779,803.6599159240723
1535,2021-10-06 01:10:53,515779,824.2330551147461
1536,2021-10-06 02:10:07,515779,832.8680992126465
1537,2021-10-06 02:10:10,515779,839.1399383544922
1538,2021-10-06 02:10:10,515779,811.3200664520264
1539,2021-10-06 02:10:12,515779,820.2638626098633
1540,2021-10-06 02:10:28,515779,812.0021820068359
1541,2021-10-06 02:10:53,515779,812.4620914459229
1542,2021-10-06 03:10:16,515779,822.3180770874023
1543,2021-10-06 06:10:09,515779,830.0938606262207
1544,2021-10-06 06:10:22,515779,815.6278133392334
1545,2021-10-06 07:10:12,515779,805.5210113525391
1546,2021-10-06 07:10:31,515779,827.4829387664795
1547,2021-10-06 07:10:56,515779,828.808069229126
1548,2021-10-06 07:10:58,515779,807.4939250946045
1549,2021-10-06 08:10:09,515779,768.347978591919
1550,2021-10-06 08:10:09,515779,818.4821605682373
1551,2021-10-06 08:10:12,515779,818.4700012207031
1552,2021-10-06 08:10:41,515779,789.607048034668
1553,2021-10-06 08:10:51,515779,795.8929538726807
1554,2021-10-06 08:10:52,515779,854.9840450286865
1555,2021-10-06 09:10:01,515779,830.2969932556152
1556,2021-10-06 09:10:46,515779,795.6750392913818
1557,2021-10-06 10:10:11,515779,830.5530548095703
1558,2021-10-06 10:10:29,515779,784.196138381958
1559,2021-10-06 11:10:04,515779,827.9068470001221
1560,2021-10-06 11:10:13,515779,804.0070533752441
1561,2021-10-06 11:10:43,515779,820.7869529724121
1562,2021-10-06 12:10:12,515779,813.852071762085
1563,2021-10-06 12:10:16,515779,836.2851142883301
1564,2021-10-06 12:10:19,515779,791.2728786468506
1565,2021-10-06 12:10:24,515779,829.1881084442139
1566,2021-10-06 12:10:42,515779,816.7009353637695
1567,2021-10-07 05:10:09,515779,845.4229831695557
1568,2021-10-07 05:10:15,515779,829.7030925750732
1569,2021-10-07 05:10:57,515779,815.1118755340576
1570,2021-10-06 03:10:05,515780,864.5639419555664
1571,2021-10-06 03:10:42,515780,771.8009948730469
1572,2021-10-06 03:10:49,515780,846.7020988464355
1573,2021-10-06 03:10:55,515780,803.9960861206055
1574,2021-10-06 04:10:08,515780,812.2940063476562
1575,2021-10-06 04:10:10,515780,790.1339530944824
1576,2021-10-06 04:10:38,515780,838.7401103973389
1577,2021-10-06 04:10:48,515780,790.1618480682373
1578,2021-10-06 04:10:48,515780,857.9609394073486
1579,2021-10-06 05:10:46,515780,817.9960250854492
1580,2021-10-06 05:10:54,515780,789.8950576782227
1581,2021-10-06 05:10:57,515780,808.3469867706299
1582,2021-10-06 05:10:47,515781,825.0558376312256
1583,2021-10-06 06:10:14,515781,807.0390224456787
1584,2021-10-06 06:10:30,515781,934.2710971832275
1585,2021-10-06 06:10:55,515781,866.6980266571045
1586,2021-10-06 07:10:42,515781,823.815107345581
1587,2021-10-06 08:10:52,515781,852.3311614990234
1588,2021-10-06 07:10:16,515783,779.4079780578613
1589,2021-10-06 07:10:54,515783,786.9420051574707
1590,2021-10-06 09:10:46,515783,767.2171592712402
1591,2021-10-06 09:10:59,515783,774.6291160583496
1592,2021-10-06 10:10:40,515784,827.53586769104
1593,2021-10-06 11:10:12,515784,829.1220664978027
1594,2021-10-06 11:10:45,515784,815.5810832977295
1595,2021-10-06 11:10:46,515784,805.4590225219727
1596,2021-10-07 04:10:16,515785,856.8952083587646
1597,2021-10-07 05:10:37,515785,811.0630512237549
1598,2021-10-07 06:10:35,515785,821.0439682006836
1599,2021-10-07 07:10:53,515785,786.6299152374268
1600,2021-10-07 08:10:01,515785,782.4490070343018
1601,2021-10-07 08:10:40,515785,779.1519165039062
1602,2021-10-07 06:10:21,515787,789.8240089416504
1603,2021-10-07 01:10:27,515791,843.6529636383057
1604,2021-10-07 02:10:46,515791,850.5508899688721
1605,2021-10-07 12:10:30,515791,827.5699615478516
1606,2021-10-07 05:10:01,515797,797.011137008667
1607,2021-10-07 06:10:14,515797,820.8138942718506
1608,2021-10-07 06:10:15,515797,864.0108108520508
1609,2021-10-07 06:10:24,515797,852.5998592376709
1610,2021-10-07 06:10:46,515797,849.7190475463867
1611,2021-10-07 06:10:48,515797,836.143970489502
1612,2021-10-07 07:10:02,515797,870.6789016723633
1613,2021-10-07 07:10:22,515797,852.1239757537842
1614,2021-10-07 07:10:55,515797,819.3409442901611
1615,2021-10-07 08:10:07,515797,821.1710453033447
1616,2021-10-07 08:10:15,515797,816.3959980010986
1617,2021-10-07 08:10:29,515797,803.1711578369141
1618,2021-10-07 08:10:43,515797,788.0949974060059
1619,2021-10-07 09:10:03,515797,803.2619953155518
1620,2021-10-07 09:10:35,515797,817.0690536499023
1621,2021-10-07 10:10:20,515797,774.6617794036865
1622,2021-10-07 10:10:51,515797,816.2431716918945
1623,2021-10-07 09:10:33,515798,854.6559810638428
1624,2021-10-07 10:10:57,515798,848.4179973602295
1625,2021-10-07 10:10:57,515798,791.4590835571289
1626,2021-10-08 12:10:17,515798,784.343957901001
1627,2021-10-07 11:10:54,515799,807.9941272735596
1628,2021-10-08 01:10:30,515799,867.2609329223633
1629,2021-10-08 02:10:17,515799,814.6328926086426
1630,2021-10-08 02:10:20,515799,803.718090057373
1631,2021-10-08 12:10:08,515799,871.5860843658447
1632,2021-10-08 12:10:37,515799,806.689977645874
1633,2021-10-08 12:10:42,515799,830.2531242370605
1634,2021-10-08 01:10:19,515800,844.5429801940918
1635,2021-10-08 02:10:30,515800,811.0160827636719
1636,2021-10-08 02:10:58,515800,1272.367000579834
1637,2021-10-08 03:10:47,515800,884.7489356994629
1638,2021-10-08 12:10:30,515800,822.3822116851807
1639,2021-10-08 04:10:43,515801,827.6510238647461
1640,2021-10-08 04:10:51,515801,819.3221092224121
1641,2021-10-08 04:10:59,515801,827.6419639587402
1642,2021-10-08 05:10:06,515801,828.6159038543701
1643,2021-10-08 05:10:15,515801,791.0020351409912
1644,2021-10-08 05:10:29,515801,893.4359550476074
1645,2021-10-08 05:10:39,515801,826.5800476074219
1646,2021-10-08 05:10:41,515801,1467.8699970245361
1647,2021-10-08 05:10:47,515801,852.8299331665039
1648,2021-10-08 06:10:10,515801,877.6259422302246
1649,2021-10-08 06:10:33,515801,809.542179107666
1650,2021-10-08 06:10:42,515801,796.1180210113525
1651,2021-10-08 06:10:55,515801,805.4749965667725
1652,2021-10-08 08:10:32,515802,828.08518409729
1653,2021-10-08 08:10:37,515802,807.3580265045166
1654,2021-10-08 08:10:55,515802,833.8220119476318
1655,2021-10-08 09:10:03,515802,801.6090393066406
1656,2021-10-08 09:10:06,515802,854.4220924377441
1657,2021-10-08 09:10:26,515802,827.7900218963623
1658,2021-10-08 09:10:39,515802,859.6961498260498
1659,2021-10-08 09:10:40,515802,800.7168769836426
1660,2021-10-08 09:10:54,515802,825.4280090332031
1661,2021-10-08 10:10:17,515802,820.796012878418
1662,2021-10-08 10:10:25,515802,809.3690872192383
1663,2021-10-08 10:10:30,515802,858.3388328552246
1664,2021-10-08 10:10:33,515802,802.9839992523193
1665,2021-10-08 10:10:47,515802,828.7780284881592
1666,2021-10-08 10:10:57,515802,786.8461608886719
1667,2021-10-08 12:10:06,515802,830.6491374969482
1668,2021-10-08 12:10:46,515802,839.1480445861816
1669,2021-10-08 12:10:55,515802,838.486909866333
1670,2021-10-08 12:10:59,515802,829.5459747314453
1671,2021-10-09 09:10:11,515802,824.1109848022461
1672,2021-10-09 09:10:25,515802,813.5719299316406
1673,2021-10-08 01:10:07,515803,824.2080211639404
1674,2021-10-08 01:10:17,515803,808.30979347229
1675,2021-10-08 01:10:29,515803,841.9380187988281
1676,2021-10-08 01:10:44,515803,776.6518592834473
1677,2021-10-08 01:10:51,515803,811.1419677734375
1678,2021-10-08 02:10:04,515803,838.5210037231445
1679,2021-10-08 02:10:06,515803,1064.573049545288
1680,2021-10-08 02:10:10,515803,815.6239986419678
1681,2021-10-08 02:10:39,515803,814.4898414611816
1682,2021-10-08 02:10:50,515803,775.1989364624023
1683,2021-10-08 03:10:00,515803,1471.817970275879
1684,2021-10-08 03:10:22,515803,781.7709445953369
1685,2021-10-08 03:10:29,515803,821.0248947143555
1686,2021-10-08 04:10:01,515803,796.9810962677002
1687,2021-10-08 04:10:16,515803,836.6339206695557
1688,2021-10-08 04:10:43,515803,811.4199638366699
1689,2021-10-08 07:10:39,515803,814.3970966339111
1690,2021-10-08 09:10:57,515803,811.0089302062988
1691,2021-10-08 10:10:57,515803,802.4230003356934
1692,2021-10-08 11:10:04,515803,804.351806640625
1693,2021-10-08 11:10:05,515803,854.2790412902832
1694,2021-10-08 12:10:34,515803,790.3048992156982
1695,2021-10-08 12:10:40,515803,845.6981182098389
1696,2021-10-08 12:10:52,515803,822.472095489502
1697,2021-10-08 12:10:59,515803,774.6498584747314
1698,2021-10-08 03:10:12,515804,793.7359809875488
1699,2021-10-08 03:10:51,515804,825.4859447479248
1700,2021-10-08 06:10:08,515804,822.545051574707
1701,2021-10-08 06:10:09,515804,782.5629711151123
1702,2021-10-08 01:10:34,515805,815.2768611907959
1703,2021-10-08 02:10:54,515805,885.6348991394043
1704,2021-10-08 04:10:53,515806,787.1780395507812
1705,2021-10-08 07:10:40,515806,825.5479335784912
1706,2021-10-09 03:10:28,515806,781.9499969482422
1707,2021-10-09 03:10:39,515806,827.4760246276855
1708,2021-10-08 07:10:11,515808,979.3388843536377
1709,2021-10-08 07:10:40,515808,826.9340991973877
1710,2021-10-08 07:10:48,515808,818.878173828125
1711,2021-10-08 09:10:54,515808,815.4098987579346
1712,2021-10-09 03:10:39,515808,786.1809730529785
1713,2021-10-09 05:10:15,515808,857.9869270324707
1714,2021-10-09 05:10:56,515808,775.1860618591309
1715,2021-10-09 05:10:58,515808,784.8238945007324
1716,2021-10-08 09:10:23,515809,815.4921531677246
1717,2021-10-09 03:10:58,515809,813.3749961853027
1718,2021-10-09 04:10:02,515811,819.8208808898926
1719,2021-10-09 07:10:41,515811,850.2480983734131
1720,2021-10-09 08:10:21,515811,857.072114944458
1721,2021-10-09 09:10:09,515811,839.1718864440918
1722,2021-10-09 09:10:38,515811,816.4961338043213
1723,2021-10-09 10:10:42,515811,817.5950050354004
1724,2021-10-09 10:10:45,515811,824.1901397705078
1725,2021-10-09 11:10:10,515811,824.1770267486572
1726,2021-10-09 11:10:55,515811,830.0521373748779
1727,2021-10-09 11:10:56,515811,816.1561489105225
1728,2021-10-09 12:10:10,515811,837.6679420471191
1729,2021-10-09 12:10:21,515811,870.8770275115967
1730,2021-10-09 12:10:34,515811,876.3539791107178
1731,2021-10-09 12:10:59,515811,832.9620361328125
1732,2021-10-09 01:10:48,515813,967.0159816741943
1733,2021-10-09 11:10:00,515813,822.9238986968994
1734,2021-10-09 12:10:19,515813,844.3207740783691
1735,2021-10-09 02:10:35,515814,806.1749935150146
1736,2021-10-09 04:10:31,515814,820.4519748687744
1737,2021-10-09 03:10:41,515816,823.1918811798096
1738,2021-10-09 05:10:30,515816,812.2730255126953
1739,2021-10-09 09:10:01,515818,786.5159511566162
1740,2021-10-09 09:10:35,515818,811.8681907653809
1741,2021-10-10 05:10:47,515818,806.9260120391846
1742,2021-10-10 07:10:06,515818,795.6199645996094
1743,2021-10-10 08:10:11,515818,871.6418743133545
1744,2021-10-10 08:10:21,515818,802.3340702056885
1745,2021-10-09 09:10:04,515819,837.2271060943604
1746,2021-10-09 10:10:29,515819,895.374059677124
1747,2021-10-09 10:10:50,515819,841.655969619751
1748,2021-10-10 09:10:17,515819,838.6321067810059
1749,2021-10-10 09:10:40,515819,837.7108573913574
1750,2021-10-10 11:10:09,515819,810.9428882598877
1751,2021-10-09 10:10:55,515820,827.6309967041016
1752,2021-10-10 06:10:57,515820,850.0900268554688
1753,2021-10-10 11:10:53,515820,829.6849727630615
1754,2021-10-09 10:10:14,515822,826.1570930480957
1755,2021-10-10 01:10:17,515822,786.0829830169678
1756,2021-10-10 09:10:04,515822,837.2290134429932
1757,2021-10-10 03:10:38,515825,878.2448768615723
1758,2021-10-10 04:10:15,515825,827.1579742431641
1759,2021-10-10 04:10:31,515825,819.3950653076172
1760,2021-10-10 10:10:04,515825,841.1509990692139
1761,2021-10-10 01:10:31,515827,768.7699794769287
1762,2021-10-10 04:10:18,515827,811.2270832061768
1763,2021-10-10 04:10:26,515827,820.5149173736572
1764,2021-10-10 04:10:55,515827,809.5479011535645
1765,2021-10-10 04:10:57,515827,836.4760875701904
1766,2021-10-10 05:10:52,515827,815.4609203338623
1767,2021-10-10 06:10:01,515827,823.2860565185547
1768,2021-10-10 06:10:57,515827,820.8780288696289
1769,2021-10-10 11:10:53,515827,797.584056854248
1770,2021-10-10 11:10:59,515827,817.4450397491455
1771,2021-10-10 01:10:12,515829,930.0329685211182
1772,2021-10-10 04:10:29,515829,827.6240825653076
1773,2021-10-10 06:10:37,515829,805.199146270752
1774,2021-10-10 06:10:49,515829,794.8200702667236
1775,2021-10-10 08:10:09,515829,803.4098148345947
1776,2021-10-10 08:10:10,515829,797.9660034179688
1777,2021-10-10 08:10:24,515829,804.473876953125
1778,2021-10-10 08:10:53,515829,810.7109069824219
1779,2021-10-10 10:10:55,515829,804.8298358917236
1780,2021-10-10 12:10:42,515829,769.7367668151855
1781,2021-10-10 06:10:27,515830,850.2421379089355
1782,2021-10-10 06:10:38,515830,832.5450420379639
1783,2021-10-10 08:10:31,515830,808.4990978240967
1784,2021-10-10 09:10:47,515830,818.9160823822021
1785,2021-10-10 09:10:51,515830,798.2900142669678
1786,2021-10-10 10:10:02,515830,896.5599536895752
1787,2021-10-10 10:10:06,515830,1163.5949611663818
1788,2021-10-10 11:10:12,515830,785.8829498291016
1789,2021-10-10 11:10:26,515830,775.3589153289795
1790,2021-10-11 12:10:23,515830,777.3709297180176
1791,2021-10-11 12:10:38,515830,794.809103012085
1792,2021-10-10 09:10:24,515832,870.7830905914307
1793,2021-10-10 10:10:15,515832,778.7158489227295
1794,2021-10-11 01:10:25,515832,803.1458854675293
1795,2021-10-11 12:10:07,515832,773.2589244842529
1796,2021-10-11 03:10:10,515835,797.7840900421143
1797,2021-10-11 04:10:46,515835,795.9020137786865
1798,2021-10-11 05:10:14,515835,773.8490104675293
1799,2021-10-11 05:10:40,515835,775.109052658081
1800,2021-10-11 05:10:40,515836,865.8080101013184
1801,2021-10-11 06:10:06,515836,803.5500049591064
1802,2021-10-11 01:10:15,515837,843.0941104888916
1803,2021-10-11 09:10:04,515837,787.4031066894531
1804,2021-10-11 09:10:59,515837,787.5840663909912
1805,2021-10-11 10:10:25,515837,803.0388355255127
1806,2021-10-11 10:10:30,515837,790.4231548309326
1807,2021-10-11 11:10:16,515837,784.9721908569336
1808,2021-10-11 11:10:30,515837,824.8238563537598
1809,2021-10-11 02:10:03,515838,801.9108772277832
1810,2021-10-11 02:10:13,515838,902.0500183105469
1811,2021-10-11 02:10:16,515838,798.9401817321777
1812,2021-10-11 05:10:42,515838,810.1341724395752
1813,2021-10-11 11:10:06,515838,789.3290519714355
1814,2021-10-12 07:10:03,515838,1043.7030792236328
1815,2021-10-11 11:10:09,515839,790.6310558319092
1816,2021-10-13 06:10:38,515839,816.8380260467529
1817,2021-10-12 07:10:35,515840,800.2490997314453
1818,2021-10-14 10:10:25,515840,778.0461311340332
1819,2021-10-12 08:10:00,515841,808.3188533782959
1820,2021-10-13 01:10:58,515841,809.0231418609619
1821,2021-10-12 04:10:04,515843,796.2660789489746
1822,2021-10-12 11:10:23,515843,818.5210227966309
1823,2021-10-12 11:10:50,515843,825.4480361938477
1824,2021-10-12 12:10:33,515843,791.6450500488281
1825,2021-10-12 12:10:37,515843,806.4799308776855
1826,2021-10-14 05:10:18,515843,798.504114151001
1827,2021-10-14 07:10:16,515843,799.9989986419678
1828,2021-10-14 07:10:54,515843,932.4610233306885
1829,2021-10-14 08:10:26,515843,816.9419765472412
1830,2021-10-14 10:10:07,515843,865.1528358459473
1831,2021-10-13 02:10:12,515846,808.5050582885742
1832,2021-10-13 02:10:31,515846,801.6650676727295
1833,2021-10-13 02:10:42,515846,838.435173034668
1834,2021-10-13 02:10:54,515846,784.7468852996826
1835,2021-10-13 03:10:54,515846,792.1559810638428
1836,2021-10-13 05:10:37,515846,817.0959949493408
1837,2021-10-14 06:10:58,515846,782.006025314331
1838,2021-10-14 07:10:34,515846,804.3069839477539
1839,2021-10-14 08:10:13,515846,780.9741497039795
1840,2021-10-14 08:10:36,515846,824.6619701385498
1841,2021-10-13 01:10:15,515852,775.8820056915283
1842,2021-10-13 01:10:39,515852,806.5600395202637
1843,2021-10-13 01:10:42,515852,812.1280670166016
1844,2021-10-13 05:10:24,515852,788.1970405578613
1845,2021-10-13 05:10:36,515852,792.1411991119385
1846,2021-10-13 05:10:40,515852,787.5020503997803
1847,2021-10-13 05:10:57,515852,786.1659526824951
1848,2021-10-13 06:10:38,515852,823.9598274230957
1849,2021-10-13 06:10:49,515852,821.0039138793945
1850,2021-10-13 11:10:20,515852,792.4611568450928
1851,2021-10-14 06:10:25,515852,826.6220092773438
1852,2021-10-14 06:10:25,515852,826.8828392028809
1853,2021-10-14 06:10:51,515852,826.5688419342041
1854,2021-10-14 08:10:10,515852,800.8759021759033
1855,2021-10-14 08:10:34,515852,814.7091865539551
1856,2021-10-14 08:10:54,515852,786.0410213470459
1857,2021-10-14 08:10:55,515852,878.5650730133057
1858,2021-10-14 08:10:58,515852,780.3571224212646
1859,2021-10-14 09:10:03,515852,822.9160308837891
1860,2021-10-14 09:10:12,515852,833.3830833435059
1861,2021-10-14 09:10:19,515852,804.9001693725586
1862,2021-10-14 09:10:30,515852,800.1739978790283
1863,2021-10-14 09:10:32,515852,799.8700141906738
1864,2021-10-14 09:10:33,515852,827.7041912078857
1865,2021-10-14 09:10:39,515852,780.9159755706787
1866,2021-10-14 09:10:39,515852,788.0721092224121
1867,2021-10-14 09:10:43,515852,781.9218635559082
1868,2021-10-14 09:10:45,515852,779.7329425811768
1869,2021-10-14 09:10:49,515852,849.3030071258545
1870,2021-10-14 09:10:49,515852,784.5640182495117
1871,2021-10-14 09:10:49,515852,795.1760292053223
1872,2021-10-14 10:10:00,515852,1405.1859378814697
1873,2021-10-14 10:10:22,515852,878.5810470581055
1874,2021-10-14 10:10:24,515852,795.8741188049316
1875,2021-10-14 10:10:35,515852,777.9898643493652
1876,2021-10-14 10:10:36,515852,795.4881191253662
1877,2021-10-14 10:10:52,515852,806.5061569213867
1878,2021-10-14 10:10:55,515852,824.3238925933838
1879,2021-10-14 11:10:21,515852,807.4080944061279
1880,2021-10-14 11:10:57,515852,792.2971248626709
1881,2021-10-15 12:10:09,515852,824.3470191955566
1882,2021-10-15 12:10:23,515852,793.6580181121826
1883,2021-10-15 12:10:28,515852,790.8439636230469
1884,2021-10-15 12:10:28,515852,808.4731101989746
1885,2021-10-14 11:10:25,515853,814.4497871398926
1886,2021-10-14 11:10:55,515853,820.8799362182617
1887,2021-10-15 01:10:26,515853,828.4299373626709
1888,2021-10-15 02:10:02,515853,806.5321445465088
1889,2021-10-15 02:10:22,515853,794.3868637084961
1890,2021-10-15 02:10:27,515853,827.8849124908447
1891,2021-10-15 02:10:41,515853,803.2538890838623
1892,2021-10-15 03:10:02,515853,848.1929302215576
1893,2021-10-15 03:10:19,515853,786.4799499511719
1894,2021-10-15 12:10:06,515853,829.9810886383057
1895,2021-10-15 12:10:33,515853,800.4550933837891
1896,2021-10-15 12:10:35,515853,756.7691802978516
1897,2021-10-13 02:10:22,515854,840.0008678436279
1898,2021-10-13 06:10:17,515854,821.8309879302979
1899,2021-10-13 06:10:27,515854,835.3137969970703
1900,2021-10-13 06:10:46,515854,821.6240406036377
1901,2021-10-14 08:10:13,515854,1263.3399963378906
1902,2021-10-14 09:10:06,515854,837.2330665588379
1903,2021-10-14 09:10:20,515854,803.8110733032227
1904,2021-10-15 01:10:09,515854,843.040943145752
1905,2021-10-15 01:10:16,515854,804.5439720153809
1906,2021-10-15 01:10:43,515854,791.3339138031006
1907,2021-10-15 01:10:45,515854,797.5199222564697
1908,2021-10-15 03:10:07,515854,816.8880939483643
1909,2021-10-15 03:10:12,515854,1340.2531147003174
1910,2021-10-15 03:10:29,515854,814.1498565673828
1911,2021-10-15 03:10:50,515854,762.67409324646
1912,2021-10-15 04:10:55,515854,836.1520767211914
1913,2021-10-15 05:10:00,515854,788.1391048431396
1914,2021-10-15 05:10:03,515854,811.9668960571289
1915,2021-10-15 05:10:12,515854,801.9390106201172
1916,2021-10-15 05:10:18,515854,833.7390422821045
1917,2021-10-15 05:10:56,515854,817.5950050354004
1918,2021-10-15 06:10:15,515854,815.9050941467285
1919,2021-10-15 06:10:35,515854,816.1361217498779
1920,2021-10-15 06:10:48,515854,808.6421489715576
1921,2021-10-15 06:10:50,515854,888.5378837585449
1922,2021-10-14 04:10:19,515855,821.282148361206
1923,2021-10-14 05:10:14,515855,779.1540622711182
1924,2021-10-15 05:10:09,515855,788.383960723877
1925,2021-10-15 05:10:45,515855,805.1600456237793
1926,2021-10-15 06:10:07,515855,786.3688468933105
1927,2021-10-15 06:10:24,515855,832.4179649353027
1928,2021-10-15 06:10:32,515855,1448.2500553131104
1929,2021-10-15 06:10:51,515855,850.7840633392334
1930,2021-10-15 07:10:27,515855,795.367956161499
1931,2021-10-15 07:10:31,515855,814.5298957824707
1932,2021-10-15 07:10:34,515855,817.270040512085
1933,2021-10-15 07:10:39,515855,799.3171215057373
1934,2021-10-15 07:10:50,515855,784.9879264831543
1935,2021-10-15 07:10:54,515855,782.3169231414795
1936,2021-10-15 08:10:01,515855,845.2811241149902
1937,2021-10-15 08:10:06,515855,801.9671440124512
1938,2021-10-15 08:10:07,515855,809.0081214904785
1939,2021-10-15 08:10:10,515855,807.0189952850342
1940,2021-10-15 08:10:22,515855,841.8519496917725
1941,2021-10-15 08:10:53,515855,828.9129734039307
1942,2021-10-15 09:10:05,515855,798.1021404266357
1943,2021-10-15 09:10:21,515855,822.174072265625
1944,2021-10-15 09:10:29,515855,825.5600929260254
1945,2021-10-15 09:10:48,515855,811.9621276855469
1946,2021-10-15 10:10:01,515855,819.7438716888428
1947,2021-10-15 10:10:06,515855,829.2191028594971
1948,2021-10-15 10:10:07,515855,826.6639709472656
1949,2021-10-15 10:10:12,515855,795.6490516662598
1950,2021-10-15 10:10:17,515855,820.8379745483398
1951,2021-10-15 10:10:48,515855,823.1339454650879
1952,2021-10-15 10:10:52,515855,863.5001182556152
1953,2021-10-15 10:10:56,515855,802.8099536895752
1954,2021-10-15 10:10:59,515855,812.7861022949219
1955,2021-10-15 11:10:17,515855,780.9047698974609
1956,2021-10-15 11:10:33,515855,801.5999794006348
1957,2021-10-15 12:10:39,515855,796.5991497039795
1958,2021-10-15 12:10:56,515855,795.2558994293213
1959,2021-10-15 01:10:04,515856,777.2409915924072
1960,2021-10-15 01:10:12,515856,798.3591556549072
1961,2021-10-15 01:10:15,515856,1392.6880359649658
1962,2021-10-15 01:10:41,515856,834.8338603973389
1963,2021-10-15 01:10:44,515856,786.31591796875
1964,2021-10-15 01:10:58,515856,816.0920143127441
1965,2021-10-15 01:10:59,515856,808.2840442657471
1966,2021-10-15 11:10:04,515856,790.3079986572266
1967,2021-10-15 11:10:19,515856,848.2308387756348
1968,2021-10-15 11:10:20,515856,797.1251010894775
1969,2021-10-15 11:10:21,515856,825.2060413360596
1970,2021-10-15 11:10:45,515856,776.2258052825928
1971,2021-10-15 11:10:52,515856,797.5780963897705
1972,2021-10-15 11:10:53,515856,1227.7231216430664
1973,2021-10-15 11:10:54,515856,781.3780307769775
1974,2021-10-15 12:10:03,515856,793.8971519470215
1975,2021-10-15 12:10:15,515856,800.1999855041504
1976,2021-10-15 12:10:21,515856,785.9899997711182
1977,2021-10-15 12:10:22,515856,763.0200386047363
1978,2021-10-15 12:10:23,515856,830.7850360870361
1979,2021-10-15 12:10:25,515856,793.3800220489502
1980,2021-10-15 12:10:32,515856,784.3170166015625
1981,2021-10-15 12:10:46,515856,801.1550903320312
1982,2021-10-15 12:10:49,515856,789.3970012664795
1983,2021-10-15 12:10:57,515856,806.5519332885742
1984,2021-10-15 12:10:58,515856,764.7550106048584
1985,2021-10-15 12:10:59,515856,822.1840858459473
1986,2021-10-15 01:10:02,515857,814.939022064209
1987,2021-10-15 01:10:11,515857,807.7061176300049
1988,2021-10-15 01:10:30,515857,815.3347969055176
1989,2021-10-15 01:10:51,515857,780.5609703063965
1990,2021-10-15 02:10:06,515857,797.5749969482422
1991,2021-10-15 02:10:49,515857,787.384033203125
1992,2021-10-15 02:10:50,515857,806.8981170654297
1993,2021-10-15 01:10:03,515874,830.9130668640137
1994,2021-10-15 02:10:06,515874,816.3609504699707
1995,2021-10-15 02:10:39,515874,798.2978820800781
1996,2021-10-15 02:10:50,515874,806.5831661224365
1997,2021-10-15 03:10:18,515874,811.0480308532715
1998,2021-10-15 03:10:24,515874,849.2119312286377
1999,2021-10-15 03:10:30,515874,802.278995513916
2000,2021-10-15 03:10:30,515874,809.7019195556641
2001,2021-10-15 03:10:33,515874,841.7930603027344
2002,2021-10-15 03:10:44,515874,815.850019454956
2003,2021-10-15 03:10:02,515879,809.9699020385742
2004,2021-10-15 04:10:28,515879,870.7470893859863
2005,2021-10-15 03:10:00,515880,837.9180431365967
2006,2021-10-15 04:10:05,515880,839.7238254547119
2007,2021-10-15 03:10:56,515881,852.9701232910156
2008,2021-10-15 04:10:27,515881,837.9251956939697
2009,2021-10-15 03:10:27,515882,819.6060657501221
2010,2021-10-15 04:10:07,515882,843.2731628417969
2011,2021-10-15 04:10:40,515882,846.3521003723145
2012,2021-10-15 04:10:58,515882,830.3830623626709
2013,2021-10-15 05:10:18,515882,1132.0040225982666
2014,2021-10-15 05:10:34,515882,816.9839382171631
2015,2021-10-15 04:10:19,515884,875.2110004425049
2016,2021-10-15 04:10:40,515884,823.4710693359375
2017,2021-10-15 09:10:04,515884,1422.9819774627686
2018,2021-10-15 09:10:19,515884,837.723970413208
2019,2021-10-15 04:10:35,515885,801.2797832489014
2020,2021-10-15 05:10:01,515885,791.8479442596436
2021,2021-10-15 05:10:11,515885,807.3079586029053
2022,2021-10-15 05:10:43,515885,818.6578750610352
2023,2021-10-15 09:10:35,515885,801.9309043884277
2024,2021-10-15 09:10:39,515885,833.5020542144775
2025,2021-10-15 09:10:48,515885,862.454891204834
2026,2021-10-16 01:10:04,515885,817.2340393066406
2027,2021-10-16 02:10:19,515885,799.2098331451416
2028,2021-10-16 02:10:24,515885,858.7582111358643
2029,2021-10-16 02:10:46,515885,811.898946762085
2030,2021-10-17 08:10:06,515885,839.8439884185791
2031,2021-10-17 08:10:24,515885,823.7588405609131
2032,2021-10-17 08:10:39,515885,829.0090560913086
2033,2021-10-17 08:10:45,515885,814.237117767334
2034,2021-10-15 05:10:10,515886,881.6330432891846
2035,2021-10-15 05:10:59,515886,811.715841293335
2036,2021-10-15 07:10:07,515886,830.1959037780762
2037,2021-10-15 05:10:30,515887,822.6449489593506
2038,2021-10-15 09:10:35,515887,812.9768371582031
2039,2021-10-15 09:10:47,515887,868.2029247283936
2040,2021-10-16 03:10:18,515887,846.4429378509521
2041,2021-10-16 03:10:19,515887,815.3979778289795
2042,2021-10-15 05:10:31,515888,819.0939426422119
2043,2021-10-15 10:10:41,515888,1103.7929058074951
2044,2021-10-16 03:10:34,515888,817.6171779632568
2045,2021-10-16 04:10:06,515888,807.7859878540039
2046,2021-10-16 04:10:07,515888,831.6531181335449
2047,2021-10-16 04:10:38,515888,861.5081310272217
2048,2021-10-15 10:10:57,515889,847.6910591125488
2049,2021-10-16 04:10:54,515889,806.027889251709
2050,2021-10-16 03:10:12,515890,802.3860454559326
2051,2021-10-16 03:10:14,515890,816.7130947113037
2052,2021-10-16 04:10:23,515890,797.1420288085938
2053,2021-10-16 04:10:47,515890,805.088996887207
2054,2021-10-16 05:10:07,515890,827.6538848876953
2055,2021-10-16 05:10:21,515890,895.3359127044678
2056,2021-10-15 10:10:01,515892,837.2969627380371
2057,2021-10-15 10:10:37,515892,1219.386100769043
2058,2021-10-16 03:10:15,515892,863.8319969177246
2059,2021-10-16 04:10:30,515892,841.9091701507568
2060,2021-10-16 04:10:58,515892,843.7480926513672
2061,2021-10-16 08:10:45,515892,818.8769817352295
2062,2021-10-15 10:10:07,515893,844.555139541626
2063,2021-10-15 11:10:04,515893,815.6018257141113
2064,2021-10-15 11:10:44,515893,846.5371131896973
2065,2021-10-16 05:10:46,515893,841.2759304046631
2066,2021-10-16 09:10:27,515893,1115.1080131530762
2067,2021-10-16 09:10:36,515893,805.5059909820557
2068,2021-10-16 09:10:39,515893,800.5170822143555
2069,2021-10-16 09:10:47,515893,877.4161338806152
2070,2021-10-16 12:10:05,515893,845.9188938140869
2071,2021-10-16 12:10:30,515893,839.4880294799805
2072,2021-10-16 01:10:04,515894,821.0680484771729
2073,2021-10-16 01:10:49,515894,818.7751770019531
2074,2021-10-16 05:10:55,515894,796.5991497039795
2075,2021-10-16 12:10:19,515894,822.0930099487305
2076,2021-10-17 08:10:05,515894,786.9491577148438
2077,2021-10-17 08:10:16,515894,795.1128482818604
2078,2021-10-17 08:10:50,515894,795.295000076294
2079,2021-10-17 08:10:50,515894,798.2008457183838
2080,2021-10-16 01:10:37,515895,781.6369533538818
2081,2021-10-16 02:10:20,515895,798.5241413116455
2082,2021-10-16 02:10:27,515895,787.5587940216064
2083,2021-10-16 05:10:49,515895,830.2090167999268
2084,2021-10-16 09:10:05,515895,816.688060760498
2085,2021-10-16 09:10:09,515895,811.5370273590088
2086,2021-10-16 11:10:20,515895,783.6329936981201
2087,2021-10-16 11:10:24,515895,836.2960815429688
2088,2021-10-16 12:10:13,515895,806.8029880523682
2089,2021-10-16 12:10:28,515895,788.5479927062988
2090,2021-10-16 12:10:36,515895,1177.217960357666
2091,2021-10-16 12:10:46,515895,827.9929161071777
2092,2021-10-16 02:10:14,515896,812.2038841247559
2093,2021-10-16 10:10:39,515896,845.9310531616211
2094,2021-10-16 12:10:22,515896,828.8798332214355
2095,2021-10-16 12:10:57,515896,829.8771381378174
2096,2021-10-17 08:10:10,515896,832.4801921844482
2097,2021-10-17 08:10:10,515896,843.0609703063965
2098,2021-10-17 08:10:11,515896,832.578182220459
2099,2021-10-17 08:10:50,515896,843.4529304504395
2100,2021-10-16 06:10:20,515897,839.5490646362305
2101,2021-10-16 06:10:23,515897,907.9258441925049
2102,2021-10-16 10:10:42,515897,863.0211353302002
2103,2021-10-16 11:10:14,515897,892.0800685882568
2104,2021-10-16 12:10:07,515897,837.9991054534912
2105,2021-10-16 12:10:40,515897,818.274974822998
2106,2021-10-16 01:10:00,515898,823.1840133666992
2107,2021-10-16 06:10:10,515898,831.3219547271729
2108,2021-10-16 06:10:29,515898,806.8292140960693
2109,2021-10-16 12:10:07,515898,815.9980773925781
2110,2021-10-16 06:10:12,515899,796.9200611114502
2111,2021-10-16 10:10:03,515899,817.302942276001
2112,2021-10-16 01:10:00,515905,787.2779369354248
2113,2021-10-16 03:10:11,515905,817.0061111450195
2114,2021-10-16 03:10:33,515905,829.7350406646729
2115,2021-10-16 10:10:51,515905,833.3539962768555
2116,2021-10-16 01:10:17,515910,829.0021419525146
2117,2021-10-16 03:10:43,515910,814.3401145935059
2118,2021-10-16 10:10:21,515910,794.5420742034912
2119,2021-10-16 11:10:38,515910,825.4659175872803
2120,2021-10-17 01:10:20,515911,854.9849987030029
2121,2021-10-17 12:10:42,515911,839.792013168335
2122,2021-10-17 02:10:12,515912,834.4249725341797
2123,2021-10-17 02:10:37,515912,846.714973449707
2124,2021-10-17 03:10:07,515912,862.9658222198486
2125,2021-10-17 04:10:39,515912,819.5178508758545
2126,2021-10-17 04:10:44,515912,842.2811031341553
2127,2021-10-17 08:10:12,515912,834.3250751495361
2128,2021-10-17 08:10:36,515912,846.6639518737793
2129,2021-10-17 08:10:42,515912,845.020055770874
2130,2021-10-17 08:10:48,515912,846.4288711547852
2131,2021-10-17 05:10:28,515918,824.9030113220215
2132,2021-10-17 06:10:03,515918,815.3550624847412
2133,2021-10-17 06:10:51,515921,809.36598777771
2134,2021-10-17 07:10:30,515921,811.9981288909912
2135,2021-10-17 01:10:13,515925,815.9339427947998
2136,2021-10-17 01:10:27,515926,790.7891273498535
2137,2021-10-17 02:10:39,515926,771.414041519165
2138,2021-10-17 04:10:36,515930,802.2470474243164
2139,2021-10-17 05:10:58,515930,815.4029846191406
2140,2021-10-17 07:10:50,515930,813.1659030914307
2141,2021-10-17 08:10:38,515930,880.4569244384766
2142,2021-10-18 01:10:37,515936,820.4410076141357
2143,2021-10-18 12:10:56,515936,797.3549365997314
2144,2021-10-18 04:10:58,515938,793.2889461517334
2145,2021-10-18 05:10:24,515938,830.6279182434082
2146,2021-10-18 05:10:49,515938,788.3648872375488
2147,2021-10-18 06:10:07,515938,820.7600116729736
2148,2021-10-18 06:10:14,515938,988.4519577026367
2149,2021-10-18 06:10:22,515938,807.4259757995605
2150,2021-10-18 06:10:29,515938,784.5430374145508
2151,2021-10-18 06:10:35,515938,805.2630424499512
2152,2021-10-18 07:10:19,515938,759.6828937530518
2153,2021-10-18 07:10:46,515938,830.8839797973633
2154,2021-10-18 07:10:46,515938,826.1170387268066
2155,2021-10-18 07:10:47,515938,839.3359184265137
2156,2021-10-18 07:10:53,515938,777.6749134063721
2157,2021-10-18 07:10:58,515938,814.3339157104492
2158,2021-10-18 08:10:04,515938,822.8540420532227
2159,2021-10-18 08:10:10,515938,818.8941478729248
2160,2021-10-18 08:10:17,515938,782.2978496551514
2161,2021-10-18 09:10:15,515938,841.3960933685303
2162,2021-10-18 09:10:17,515938,817.7900314331055
2163,2021-10-18 01:10:07,515939,803.8530349731445
2164,2021-10-18 01:10:18,515939,810.7030391693115
2165,2021-10-18 01:10:38,515939,783.9269638061523
2166,2021-10-18 01:10:46,515939,824.4469165802002
2167,2021-10-18 01:10:52,515939,776.4079570770264
2168,2021-10-18 01:10:56,515939,1361.9990348815918
2169,2021-10-18 02:10:44,515939,778.0590057373047
2170,2021-10-18 02:10:55,515939,821.1660385131836
2171,2021-10-18 02:10:57,515939,805.042028427124
2172,2021-10-18 03:10:01,515939,837.5170230865479
2173,2021-10-18 03:10:18,515939,839.6241664886475
2174,2021-10-18 04:10:31,515939,805.3209781646729
2175,2021-10-18 04:10:43,515939,843.8961505889893
2176,2021-10-18 04:10:49,515939,790.0211811065674
2177,2021-10-18 05:10:07,515939,772.5861072540283
2178,2021-10-18 09:10:36,515939,809.3609809875488
2179,2021-10-18 09:10:46,515939,780.1001071929932
2180,2021-10-18 10:10:16,515939,860.9969615936279
2181,2021-10-18 12:10:37,515939,773.414134979248
2182,2021-10-18 12:10:44,515939,803.617000579834
2183,2021-10-18 12:10:52,515939,788.2840633392334
2184,2021-10-18 03:10:12,515940,840.1329517364502
2185,2021-10-18 03:10:18,515940,816.525936126709
2186,2021-10-18 04:10:36,515940,827.2881507873535
2187,2021-10-18 04:10:55,515940,810.4898929595947
2188,2021-10-18 04:10:55,515940,846.520185470581
2189,2021-10-18 05:10:00,515940,820.281982421875
2190,2021-10-18 05:10:01,515940,803.0118942260742
2191,2021-10-18 05:10:03,515940,818.4618949890137
2192,2021-10-18 05:10:26,515940,837.2788429260254
2193,2021-10-18 05:10:32,515940,883.0831050872803
2194,2021-10-18 05:10:34,515940,804.2268753051758
2195,2021-10-18 06:10:09,515940,845.2658653259277
2196,2021-10-18 06:10:24,515940,804.7809600830078
2197,2021-10-18 06:10:59,515940,832.373857498169
2198,2021-10-18 07:10:11,515940,816.6499137878418
2199,2021-10-18 07:10:35,515940,820.3780651092529
2200,2021-10-18 07:10:17,515942,798.0279922485352
2201,2021-10-18 08:10:45,515942,804.5210838317871
2202,2021-10-18 08:10:21,515943,809.4511032104492
2203,2021-10-18 09:10:21,515943,829.7779560089111
2204,2021-10-18 09:10:15,515944,824.915885925293
2205,2021-10-18 10:10:33,515944,812.4420642852783
2206,2021-10-18 09:10:26,515945,818.5360431671143
2207,2021-10-18 09:10:45,515945,841.6850566864014
2208,2021-10-18 10:10:23,515945,829.0131092071533
2209,2021-10-18 10:10:22,515947,796.3380813598633
2210,2021-10-18 10:10:34,515947,863.0168437957764
2211,2021-10-18 10:10:38,515947,790.4210090637207
2212,2021-10-18 10:10:49,515947,802.7560710906982
2213,2021-10-18 11:10:23,515947,798.537015914917
2214,2021-10-18 11:10:23,515947,795.5679893493652
2215,2021-10-18 11:10:38,515947,810.9660148620605
2216,2021-10-19 01:10:15,515948,846.3177680969238
2217,2021-10-19 01:10:25,515948,825.4909515380859
2218,2021-10-19 01:10:44,515948,842.1242237091064
2219,2021-10-19 01:10:58,515948,835.9889984130859
2220,2021-10-19 12:10:27,515948,822.3178386688232
2221,2021-10-19 12:10:41,515948,835.6947898864746
2222,2021-10-19 01:10:37,515949,805.0808906555176
2223,2021-10-19 02:10:28,515949,807.420015335083
2224,2021-10-19 02:10:46,515949,825.9499073028564
2225,2021-10-19 03:10:15,515949,813.9941692352295
2226,2021-10-19 02:10:12,515950,835.8888626098633
2227,2021-10-19 03:10:21,515950,823.8091468811035
2228,2021-10-19 04:10:40,515953,801.2380599975586
2229,2021-10-19 04:10:41,515953,806.8928718566895
2230,2021-10-19 04:10:50,515953,820.2061653137207
2231,2021-10-19 05:10:07,515953,823.4870433807373
2232,2021-10-19 06:10:03,515953,829.9670219421387
2233,2021-10-19 06:10:13,515953,828.0220031738281
2234,2021-10-19 06:10:33,515953,806.4210414886475
2235,2021-10-19 05:10:24,515954,807.7428340911865
2236,2021-10-19 05:10:38,515954,777.4240970611572
2237,2021-10-19 06:10:03,515954,840.9039974212646
2238,2021-10-19 06:10:34,515954,789.5081043243408
2239,2021-10-19 06:10:37,515954,820.0361728668213
2240,2021-10-19 07:10:11,515954,803.1539916992188
2241,2021-10-19 07:10:57,515954,806.3249588012695
2242,2021-10-19 08:10:06,515956,825.4470825195312
2243,2021-10-19 09:10:07,515956,851.2909412384033
2244,2021-10-19 09:10:23,515958,804.7239780426025
2245,2021-10-19 10:10:19,515958,788.5360717773438
2246,2021-10-19 01:10:00,515959,791.8400764465332
2247,2021-10-19 10:10:07,515959,833.7359428405762
2248,2021-10-19 10:10:39,515959,856.0559749603271
2249,2021-10-19 11:10:05,515959,796.0898876190186
2250,2021-10-19 11:10:21,515959,839.9419784545898
2251,2021-10-19 11:10:41,515959,803.5340309143066
2252,2021-10-19 11:10:58,515959,867.6490783691406
2253,2021-10-19 12:10:31,515959,804.5620918273926
2254,2021-10-19 12:10:45,515959,841.1948680877686
2255,2021-10-19 01:10:14,515961,854.5300960540771
2256,2021-10-19 01:10:27,515961,794.2869663238525
2257,2021-10-19 01:10:44,515961,826.0810375213623
2258,2021-10-19 02:10:03,515961,808.9950084686279
2259,2021-10-19 02:10:29,515961,764.2829418182373
2260,2021-10-19 02:10:36,515961,749.3829727172852
2261,2021-10-19 01:10:03,515962,807.4829578399658
2262,2021-10-19 01:10:07,515962,828.253984451294
2263,2021-10-19 01:10:23,515962,814.3229484558105
2264,2021-10-19 01:10:30,515962,811.8531703948975
2265,2021-10-19 02:10:23,515962,810.6000423431396
2266,2021-10-19 02:10:36,515962,831.2649726867676
2267,2021-10-19 02:10:50,515962,816.6029453277588
2268,2021-10-19 04:10:54,515963,814.8190975189209
2269,2021-10-19 05:10:45,515963,793.0440902709961
2270,2021-10-19 05:10:53,515963,820.1491832733154
2271,2021-10-19 06:10:26,515963,830.8022022247314
2272,2021-10-19 03:10:03,515964,833.2269191741943
2273,2021-10-19 04:10:16,515964,831.3448429107666
2274,2021-10-19 04:10:21,515965,857.2378158569336
2275,2021-10-19 04:10:24,515965,817.0099258422852
2276,2021-10-19 04:10:57,515965,863.3661270141602
2277,2021-10-19 06:10:19,515967,837.5039100646973
2278,2021-10-19 07:10:09,515967,820.4631805419922
2279,2021-10-19 07:10:18,515968,804.293155670166
2280,2021-10-19 08:10:19,515968,820.5521106719971
2281,2021-10-19 08:10:22,515969,803.8568496704102
2282,2021-10-19 10:10:09,515969,823.0729103088379
2283,2021-10-19 11:10:10,515969,840.8551216125488
2284,2021-10-19 11:10:56,515969,827.5070190429688
2285,2021-10-19 08:10:18,515970,818.5100555419922
2286,2021-10-19 08:10:20,515970,825.4919052124023
2287,2021-10-19 08:10:30,515970,819.7379112243652
2288,2021-10-19 10:10:17,515970,844.5119857788086
2289,2021-10-19 11:10:02,515970,833.8229656219482
2290,2021-10-19 11:10:20,515970,844.7740077972412
2291,2021-10-19 11:10:50,515970,818.7930583953857
2292,2021-10-19 08:10:04,515971,831.1879634857178
2293,2021-10-19 11:10:01,515971,804.9790859222412
2294,2021-10-20 01:10:05,515971,854.0129661560059
2295,2021-10-20 01:10:09,515971,835.1700305938721
2296,2021-10-20 12:10:19,515971,817.6751136779785
2297,2021-10-20 12:10:37,515971,817.936897277832
2298,2021-10-20 01:10:41,515972,802.4489879608154
2299,2021-10-20 01:10:56,515972,795.1700687408447
2300,2021-10-20 02:10:26,515972,804.2688369750977
2301,2021-10-20 02:10:41,515972,835.4849815368652
2302,2021-10-20 12:10:20,515972,840.3470516204834
2303,2021-10-20 12:10:48,515972,794.9869632720947
2304,2021-10-20 12:10:16,515973,793.9369678497314
2305,2021-10-20 12:10:18,515977,866.7399883270264
2306,2021-10-20 02:10:04,515978,822.6809501647949
2307,2021-10-20 02:10:20,515978,838.2329940795898
2308,2021-10-20 02:10:25,515978,817.9659843444824
2309,2021-10-20 03:10:45,515978,842.7557945251465
2310,2021-10-20 02:10:07,515979,773.1838226318359
2311,2021-10-20 03:10:18,515979,832.1058750152588
2312,2021-10-20 05:10:29,515982,804.4688701629639
2313,2021-10-20 06:10:32,515982,836.310863494873
2314,2021-10-20 05:10:34,515983,800.5259037017822
2315,2021-10-20 06:10:54,515983,839.2739295959473
2316,2021-10-20 01:10:22,515984,772.6888656616211
2317,2021-10-20 01:10:29,515984,800.2190589904785
2318,2021-10-20 01:10:35,515984,819.4129467010498
2319,2021-10-20 01:10:38,515984,777.7719497680664
2320,2021-10-20 02:10:43,515984,846.0090160369873
2321,2021-10-20 07:10:01,515984,1413.0768775939941
2322,2021-10-20 07:10:37,515984,779.4618606567383
2323,2021-10-20 08:10:32,515984,831.6929340362549
2324,2021-10-20 08:10:45,515984,806.9479465484619
2325,2021-10-20 09:10:06,515984,825.2449035644531
2326,2021-10-20 09:10:28,515984,1430.2518367767334
2327,2021-10-20 10:10:01,515984,792.2830581665039
2328,2021-10-20 11:10:03,515984,789.8950576782227
2329,2021-10-20 11:10:16,515984,811.0949993133545
2330,2021-10-20 11:10:19,515984,773.1420993804932
2331,2021-10-20 11:10:46,515984,788.1669998168945
2332,2021-10-20 12:10:03,515984,781.1360359191895
2333,2021-10-20 12:10:33,515984,817.4281120300293
2334,2021-10-20 12:10:55,515984,779.4010639190674
2335,2021-10-20 02:10:04,515985,814.3210411071777
2336,2021-10-20 03:10:46,515985,845.7961082458496
2337,2021-10-20 03:10:57,515986,845.1080322265625
2338,2021-10-20 04:10:49,515986,814.3148422241211
2339,2021-10-20 04:10:07,515987,813.9619827270508
2340,2021-10-20 05:10:44,515988,802.3769855499268
2341,2021-10-20 06:10:07,515989,848.5009670257568
2342,2021-10-20 07:10:55,515989,803.5421371459961
2343,2021-10-20 06:10:47,515990,825.9899616241455
2344,2021-10-20 07:10:31,515990,859.0919971466064
2345,2021-10-20 08:10:15,515991,845.1011180877686
2346,2021-10-20 08:10:17,515992,816.4758682250977
2347,2021-10-20 09:10:04,515993,813.0149841308594
2348,2021-10-20 09:10:39,515993,815.1102066040039
2349,2021-10-20 09:10:46,515993,831.8471908569336
2350,2021-10-20 10:10:22,515993,804.9869537353516
2351,2021-10-20 10:10:26,515993,843.6119556427002
2352,2021-10-20 11:10:08,515995,806.9698810577393
2353,2021-10-20 11:10:55,515995,794.8648929595947
2354,2021-10-21 12:10:19,515995,815.1049613952637
2355,2021-10-21 01:10:38,515999,780.7819843292236
2356,2021-10-21 12:10:56,515999,814.8841857910156
2357,2021-10-21 02:10:59,516001,1329.0088176727295
2358,2021-10-21 03:10:35,516002,833.6751461029053
2359,2021-10-21 05:10:03,516005,825.7269859313965
2360,2021-10-21 05:10:42,516005,835.2301120758057
2361,2021-10-21 06:10:12,516005,831.2649726867676
2362,2021-10-21 05:10:02,516006,813.317060470581
2363,2021-10-21 06:10:10,516007,799.738883972168
2364,2021-10-21 06:10:12,516007,818.6099529266357
2365,2021-10-21 06:10:42,516007,811.8190765380859
2366,2021-10-21 08:10:00,516011,921.4010238647461
2367,2021-10-21 08:10:27,516011,811.0709190368652
2368,2021-10-21 09:10:37,516011,828.7820816040039
2369,2021-10-21 09:10:55,516011,821.0890293121338
2370,2021-10-21 10:10:27,516011,805.9601783752441
2371,2021-10-21 10:10:35,516011,884.7110271453857
2372,2021-10-21 09:10:32,516012,876.3527870178223
2373,2021-10-21 10:10:16,516012,815.5679702758789
2374,2021-10-21 10:10:37,516012,849.1008281707764
2375,2021-10-21 10:10:52,516012,810.2879524230957
2376,2021-10-21 11:10:14,516012,857.9328060150146
2377,2021-10-21 02:10:51,516013,811.4919662475586
2378,2021-10-21 03:10:05,516013,835.4268074035645
2379,2021-10-21 03:10:29,516013,859.6491813659668
2380,2021-10-21 03:10:44,516013,854.8719882965088
2381,2021-10-21 04:10:09,516013,788.8219356536865
2382,2021-10-21 04:10:10,516013,818.0320262908936
2383,2021-10-21 05:10:01,516013,842.6599502563477
2384,2021-10-21 12:10:01,516013,826.6110420227051
2385,2021-10-21 04:10:12,516015,834.5170021057129
2386,2021-10-21 05:10:10,516015,792.1512126922607
2387,2021-10-21 06:10:49,516015,821.2370872497559
2388,2021-10-21 05:10:49,516016,843.325138092041
2389,2021-10-21 05:10:58,516016,796.91481590271
2390,2021-10-21 06:10:06,516016,786.9760990142822
2391,2021-10-21 06:10:22,516016,826.0951042175293
2392,2021-10-21 06:10:35,516016,837.5449180603027
2393,2021-10-21 06:10:44,516016,819.6990489959717
2394,2021-10-21 07:10:21,516016,824.5360851287842
2395,2021-10-21 07:10:22,516016,827.1999359130859
2396,2021-10-21 08:10:00,516016,854.4111251831055
2397,2021-10-21 09:10:38,516016,815.2217864990234
2398,2021-10-21 07:10:17,516017,812.6678466796875
2399,2021-10-21 07:10:54,516018,794.152021408081
2400,2021-10-21 11:10:16,516018,830.8918476104736
2401,2021-10-21 07:10:23,516019,1008.314847946167
2402,2021-10-21 08:10:13,516019,823.354959487915
2403,2021-10-21 08:10:09,516020,825.8199691772461
2404,2021-10-21 11:10:26,516020,817.0599937438965
2405,2021-10-21 08:10:25,516021,792.5808429718018
2406,2021-10-21 08:10:44,516021,834.6230983734131
2407,2021-10-21 11:10:15,516021,799.6737957000732
2408,2021-10-21 11:10:44,516021,817.2330856323242
2409,2021-10-22 12:10:11,516021,851.6809940338135
2410,2021-10-22 12:10:46,516021,776.2401103973389
2411,2021-10-22 12:10:51,516021,1247.7481365203857
2412,2021-10-22 12:10:54,516021,869.5821762084961
2413,2021-10-22 01:10:00,516022,905.663013458252
2414,2021-10-22 01:10:41,516022,797.1830368041992
2415,2021-10-22 02:10:04,516022,820.3999996185303
2416,2021-10-22 02:10:18,516022,849.3540287017822
2417,2021-10-22 02:10:20,516022,792.9549217224121
2418,2021-10-22 02:10:27,516022,812.1910095214844
2419,2021-10-22 05:10:13,516022,810.3959560394287
2420,2021-10-22 05:10:41,516022,846.2982177734375
2421,2021-10-22 05:10:47,516022,820.6110000610352
2422,2021-10-22 05:10:52,516022,813.4191036224365
2423,2021-10-22 03:10:14,516023,833.582878112793
2424,2021-10-22 03:10:19,516023,811.8259906768799
2425,2021-10-22 06:10:13,516023,918.3709621429443
2426,2021-10-22 06:10:59,516027,849.4229316711426
2427,2021-10-22 07:10:11,516027,853.9509773254395
2428,2021-10-22 07:10:31,516027,802.8919696807861
2429,2021-10-22 07:10:35,516029,810.6429576873779
2430,2021-10-22 07:10:27,516030,844.0821170806885
2431,2021-10-22 08:10:56,516030,852.3268699645996
2432,2021-10-22 07:10:19,516031,844.4621562957764
2433,2021-10-22 08:10:12,516031,876.262903213501
2434,2021-10-22 08:10:47,516031,810.4269504547119
2435,2021-10-22 08:10:49,516031,838.8969898223877
2436,2021-10-22 08:10:54,516031,817.6720142364502
2437,2021-10-22 09:10:21,516031,1451.465129852295
2438,2021-10-22 09:10:42,516031,806.1931133270264
2439,2021-10-22 08:10:43,516032,830.9860229492188
2440,2021-10-22 09:10:55,516032,838.2039070129395
2441,2021-10-22 11:10:52,516036,842.7519798278809
2442,2021-10-22 11:10:23,516037,846.3969230651855
2443,2021-10-22 11:10:55,516038,865.4320240020752
2444,2021-10-22 12:10:39,516038,820.4829692840576
2445,2021-10-22 01:10:03,516039,1445.2240467071533
2446,2021-10-22 01:10:20,516039,862.9019260406494
2447,2021-10-22 02:10:00,516039,815.6538009643555
2448,2021-10-22 01:10:34,516040,852.4949550628662
2449,2021-10-22 02:10:23,516040,799.1180419921875
2450,2021-10-22 02:10:23,516040,861.9258403778076
2451,2021-10-22 02:10:33,516040,933.7599277496338
2452,2021-10-22 02:10:54,516040,815.9370422363281
2453,2021-10-22 03:10:06,516040,833.1198692321777
2454,2021-10-22 03:10:17,516040,782.3901176452637
2455,2021-10-22 02:10:01,516041,1153.156042098999
2456,2021-10-22 02:10:17,516041,821.8138217926025
2457,2021-10-22 03:10:26,516041,845.1528549194336
2458,2021-10-22 03:10:56,516041,826.786994934082
2459,2021-10-22 04:10:04,516041,834.3350887298584
2460,2021-10-22 03:10:21,516042,880.5968761444092
2461,2021-10-22 03:10:22,516042,841.062068939209
2462,2021-10-22 03:10:54,516042,814.9900436401367
2463,2021-10-22 04:10:23,516042,818.5820579528809
2464,2021-10-22 04:10:35,516042,818.6089992523193
2465,2021-10-22 05:10:05,516044,832.9081535339355
2466,2021-10-22 05:10:13,516044,794.809103012085
2467,2021-10-22 05:10:44,516044,830.7890892028809
2468,2021-10-22 06:10:53,516044,794.6100234985352
2469,2021-10-22 05:10:25,516045,807.8219890594482
2470,2021-10-22 05:10:52,516045,866.5740489959717
2471,2021-10-22 06:10:14,516045,811.8340969085693
2472,2021-10-22 06:10:44,516045,823.8499164581299
2473,2021-10-22 06:10:57,516045,856.3039302825928
2474,2021-10-22 07:10:35,516045,855.8719158172607
2475,2021-10-22 08:10:00,516045,818.7170028686523
2476,2021-10-22 08:10:58,516045,803.2989501953125
2477,2021-10-24 11:10:08,516045,850.9960174560547
2478,2021-10-24 11:10:13,516045,807.636022567749
2479,2021-10-24 11:10:15,516045,859.1310977935791
2480,2021-10-24 11:10:45,516045,857.6679229736328
2481,2021-10-25 08:10:04,516045,861.7970943450928
2482,2021-10-25 08:10:05,516045,826.0619640350342
2483,2021-10-25 08:10:07,516045,825.8540630340576
2484,2021-10-25 08:10:17,516045,808.2709312438965
2485,2021-10-25 08:10:28,516045,804.7008514404297
2486,2021-10-25 08:10:28,516045,821.8460083007812
2487,2021-10-25 08:10:30,516045,805.2310943603516
2488,2021-10-25 08:10:53,516045,836.9991779327393
2489,2021-10-22 05:10:22,516046,816.3330554962158
2490,2021-10-22 06:10:13,516046,807.013988494873
2491,2021-10-22 06:10:15,516046,1063.18998336792
2492,2021-10-22 06:10:33,516046,818.579912185669
2493,2021-10-22 06:10:46,516046,827.6348114013672
2494,2021-10-22 07:10:49,516046,896.557092666626
2495,2021-10-22 09:10:41,516046,838.0780220031738
2496,2021-10-22 07:10:29,516047,824.3660926818848
2497,2021-10-22 08:10:22,516047,828.0999660491943
2498,2021-10-22 08:10:35,516048,847.8319644927979
2499,2021-10-22 09:10:22,516049,819.9682235717773
2500,2021-10-22 09:10:57,516050,777.9510021209717
2501,2021-10-22 11:10:17,516050,832.3149681091309
2502,2021-10-22 11:10:06,516051,817.2309398651123
2503,2021-10-23 01:10:13,516051,834.5258235931396
2504,2021-10-22 11:10:31,516053,814.201831817627
2505,2021-10-23 01:10:33,516054,799.7739315032959
2506,2021-10-23 01:10:50,516054,1447.7870464324951
2507,2021-10-23 12:10:03,516054,826.7419338226318
2508,2021-10-23 12:10:18,516054,822.3118782043457
2509,2021-10-23 01:10:37,516055,827.9650211334229
2510,2021-10-23 03:10:56,516055,811.3222122192383
2511,2021-10-23 01:10:45,516056,845.0899124145508
2512,2021-10-23 02:10:13,516056,828.8509845733643
2513,2021-10-23 02:10:16,516056,827.8839588165283
2514,2021-10-23 02:10:33,516056,822.8878974914551
2515,2021-10-23 03:10:20,516056,853.7619113922119
2516,2021-10-23 03:10:48,516056,820.6038475036621
2517,2021-10-23 03:10:51,516056,827.59690284729
2518,2021-10-23 04:10:01,516056,833.7090015411377
2519,2021-10-23 02:10:31,516058,838.1369113922119
2520,2021-10-23 02:10:46,516066,826.7951011657715
2521,2021-10-23 04:10:31,516066,850.1889705657959
2522,2021-10-23 05:10:12,516066,853.6169528961182
2523,2021-10-23 05:10:53,516066,823.1120109558105
2524,2021-10-23 06:10:52,516066,825.3078460693359
2525,2021-10-23 07:10:32,516066,1395.0369358062744
2526,2021-10-23 07:10:57,516066,885.4880332946777
2527,2021-10-23 09:10:45,516066,876.6541481018066
2528,2021-10-23 11:10:13,516066,816.7028427124023
2529,2021-10-23 11:10:13,516066,847.8920459747314
2530,2021-10-24 05:10:44,516066,857.7358722686768
2531,2021-10-24 06:10:22,516066,822.9880332946777
2532,2021-10-24 10:10:06,516066,845.5259799957275
2533,2021-10-24 10:10:56,516066,822.6499557495117
2534,2021-10-24 11:10:27,516066,808.7399005889893
2535,2021-10-24 11:10:53,516066,791.3520336151123
2536,2021-10-24 12:10:33,516066,812.187910079956
2537,2021-10-24 12:10:39,516066,841.4468765258789
2538,2021-10-24 01:10:22,516067,814.4841194152832
2539,2021-10-25 10:10:07,516076,818.3929920196533
2540,2021-10-25 10:10:43,516076,854.2079925537109
2541,2021-10-25 11:10:29,516076,825.8819580078125
2542,2021-10-25 11:10:35,516076,838.798999786377
2543,2021-10-25 01:10:06,516079,855.7710647583008
2544,2021-10-25 01:10:13,516079,784.3899726867676
2545,2021-10-25 01:10:22,516079,824.0671157836914
2546,2021-10-25 01:10:59,516079,798.1929779052734
2547,2021-10-25 02:10:18,516079,836.1210823059082
2548,2021-10-25 02:10:26,516079,883.4190368652344
2549,2021-10-25 02:10:49,516079,802.8528690338135
2550,2021-10-25 03:10:05,516079,800.3711700439453
2551,2021-10-25 03:10:27,516079,847.5520610809326
2552,2021-10-25 03:10:28,516079,802.2351264953613
2553,2021-10-25 03:10:33,516079,815.51194190979
2554,2021-10-25 03:10:35,516079,867.6509857177734
2555,2021-10-25 03:10:36,516079,825.9611129760742
2556,2021-10-25 03:10:56,516079,799.595832824707
2557,2021-10-25 04:10:36,516079,1422.6059913635254
2558,2021-10-25 05:10:34,516079,820.3179836273193
2559,2021-10-25 05:10:50,516079,850.2299785614014
2560,2021-10-25 05:10:53,516079,856.5809726715088
2561,2021-10-25 11:10:28,516079,863.0189895629883
2562,2021-10-25 02:10:38,516080,827.1980285644531
2563,2021-10-25 02:10:56,516080,838.3970260620117
2564,2021-10-25 03:10:11,516080,848.3569622039795
2565,2021-10-25 06:10:12,516080,815.3090476989746
2566,2021-10-25 06:10:20,516080,844.7120189666748
2567,2021-10-25 02:10:56,516081,814.4221305847168
2568,2021-10-25 03:10:12,516081,870.5880641937256
2569,2021-10-25 03:10:43,516081,810.4078769683838
2570,2021-10-25 04:10:15,516081,821.0899829864502
2571,2021-10-25 06:10:08,516081,797.8661060333252
2572,2021-10-25 06:10:21,516081,813.5509490966797
2573,2021-10-25 06:10:28,516081,1489.5949363708496
2574,2021-10-25 06:10:32,516081,806.7319393157959
2575,2021-10-25 06:10:53,516081,813.5371208190918
2576,2021-10-25 07:10:14,516081,853.2321453094482
2577,2021-10-25 07:10:24,516081,820.5990791320801
2578,2021-10-25 07:10:33,516081,843.1930541992188
2579,2021-10-25 07:10:41,516081,828.2458782196045
2580,2021-10-25 07:10:47,516081,848.4151363372803
2581,2021-10-25 08:10:27,516081,832.6890468597412
2582,2021-10-25 08:10:46,516081,846.2791442871094
2583,2021-10-25 09:10:09,516081,820.9898471832275
2584,2021-10-25 06:10:01,516082,822.0219612121582
2585,2021-10-25 07:10:30,516082,874.4499683380127
2586,2021-10-25 09:10:51,516082,845.4461097717285
2587,2021-10-25 10:10:07,516082,834.3901634216309
2588,2021-10-25 10:10:21,516082,796.7450618743896
2589,2021-10-25 07:10:05,516083,830.286979675293
2590,2021-10-25 07:10:28,516083,841.1428928375244
2591,2021-10-25 07:10:35,516083,820.4660415649414
2592,2021-10-25 07:10:53,516083,865.9369945526123
2593,2021-10-25 07:10:53,516083,816.1060810089111
2594,2021-10-25 09:10:14,516083,792.2239303588867
2595,2021-10-25 10:10:19,516083,838.6690616607666
2596,2021-10-25 10:10:22,516083,805.6340217590332
2597,2021-10-25 07:10:35,516084,823.7149715423584
2598,2021-10-25 11:10:44,516084,831.974983215332
2599,2021-10-26 12:10:48,516084,819.2918300628662
2600,2021-10-26 12:10:24,516085,833.49609375
2601,2021-10-26 12:10:28,516085,842.2720432281494
2602,2021-10-26 12:10:37,516085,856.5268516540527
2603,2021-10-26 12:10:46,516085,803.6670684814453
2604,2021-10-26 01:10:02,516086,839.1749858856201
2605,2021-10-26 12:10:26,516086,851.5210151672363
2606,2021-10-26 01:10:19,516087,1500.370979309082
2607,2021-10-26 01:10:36,516087,864.6860122680664
2608,2021-10-26 02:10:31,516087,1477.457046508789
2609,2021-10-26 01:10:24,516090,824.9709606170654
2610,2021-10-26 03:10:05,516090,815.3951168060303
2611,2021-10-26 01:10:01,516091,827.0421028137207
2612,2021-10-26 02:10:20,516092,856.4691543579102
2613,2021-10-26 03:10:55,516092,838.8710021972656
2614,2021-10-26 02:10:10,516093,844.2580699920654
2615,2021-10-26 02:10:38,516093,838.4788036346436
2616,2021-10-26 03:10:02,516094,797.4040508270264
2617,2021-10-26 04:10:18,516096,816.1721229553223
2618,2021-10-26 04:10:37,516096,869.6389198303223
2619,2021-10-26 05:10:21,516096,859.4059944152832
2620,2021-10-26 04:10:56,516097,872.2989559173584
2621,2021-10-26 07:10:12,516098,832.1008682250977
2622,2021-10-26 07:10:13,516098,841.559886932373
2623,2021-10-26 07:10:31,516098,808.6910247802734
2624,2021-10-26 07:10:42,516098,843.6741828918457
2625,2021-10-26 07:10:52,516098,834.5739841461182
2626,2021-10-26 08:10:00,516098,817.1989917755127
2627,2021-10-26 08:10:01,516098,890.6490802764893
2628,2021-10-26 08:10:15,516098,1156.749963760376
2629,2021-10-26 08:10:23,516098,857.0489883422852
2630,2021-10-26 08:10:35,516098,909.804105758667
2631,2021-10-26 08:10:40,516098,1221.8751907348633
2632,2021-10-26 09:10:29,516098,856.1899662017822
2633,2021-10-26 09:10:33,516098,810.7070922851562
2634,2021-10-26 11:10:11,516098,808.6941242218018
2635,2021-10-26 01:10:21,516099,883.7699890136719
2636,2021-10-26 02:10:16,516099,1426.8898963928223
2637,2021-10-26 02:10:31,516099,846.6389179229736
2638,2021-10-26 02:10:44,516099,799.3490695953369
2639,2021-10-26 03:10:22,516099,1448.9569664001465
2640,2021-10-26 12:10:15,516099,844.9680805206299
2641,2021-10-26 12:10:46,516099,868.1340217590332
2642,2021-10-26 12:10:58,516099,833.7359428405762
2643,2021-10-26 02:10:11,516100,801.8360137939453
2644,2021-10-26 02:10:20,516100,849.3390083312988
2645,2021-10-26 03:10:23,516100,879.1749477386475
2646,2021-10-26 03:10:09,516101,839.7738933563232
2647,2021-10-26 03:10:27,516102,803.0328750610352
2648,2021-10-26 05:10:45,516102,798.5310554504395
2649,2021-10-26 03:10:02,516103,838.737964630127
2650,2021-10-26 03:10:25,516103,804.4869899749756
2651,2021-10-26 04:10:16,516103,809.0319633483887
2652,2021-10-26 04:10:22,516103,797.5780963897705
2653,2021-10-26 04:10:26,516103,799.8499870300293
2654,2021-10-26 06:10:29,516103,819.9210166931152
2655,2021-10-26 06:10:40,516103,820.5029964447021
2656,2021-10-26 06:10:47,516103,1450.711965560913
2657,2021-10-26 05:10:33,516104,805.3741455078125
2658,2021-10-26 05:10:39,516104,844.8951244354248
2659,2021-10-26 06:10:15,516104,805.4289817810059
2660,2021-10-26 07:10:31,516104,811.7289543151855
2661,2021-10-26 06:10:07,516107,821.0771083831787
2662,2021-10-26 07:10:32,516108,847.7818965911865
2663,2021-10-26 09:10:25,516108,815.2649402618408
2664,2021-10-26 09:10:32,516109,847.538948059082
2665,2021-10-26 09:10:40,516109,866.2281036376953
2666,2021-10-26 09:10:43,516109,852.3540496826172
2667,2021-10-26 10:10:07,516112,865.8580780029297
2668,2021-10-26 10:10:37,516112,846.6618061065674
2669,2021-10-26 11:10:22,516112,834.4559669494629
2670,2021-10-26 11:10:56,516112,810.7960224151611
2671,2021-10-26 09:10:18,516114,850.4638671875
2672,2021-10-26 11:10:18,516116,827.7161121368408
2673,2021-10-26 11:10:20,516116,816.8840408325195
2674,2021-10-26 11:10:04,516117,893.867015838623
2675,2021-10-26 11:10:52,516117,831.3870429992676
2676,2021-10-27 01:10:18,516117,800.4670143127441
2677,2021-10-27 12:10:27,516117,831.0060501098633
2678,2021-10-27 12:10:38,516117,826.6911506652832
2679,2021-10-27 01:10:02,516119,898.8020420074463
2680,2021-10-27 01:10:18,516119,814.7950172424316
2681,2021-10-27 02:10:49,516119,810.7759952545166
2682,2021-10-27 03:10:12,516119,816.612958908081
2683,2021-10-27 04:10:45,516122,835.6351852416992
2684,2021-10-27 05:10:50,516122,865.1440143585205
2685,2021-10-27 04:10:18,516124,831.9699764251709
2686,2021-10-27 05:10:57,516124,818.4430599212646
2687,2021-10-27 06:10:20,516126,825.2570629119873
2688,2021-10-27 07:10:30,516126,842.0000076293945
2689,2021-10-27 06:10:03,516127,831.6540718078613
2690,2021-10-27 07:10:40,516127,807.1680068969727
2691,2021-10-27 07:10:04,516128,825.7060050964355
2692,2021-10-27 07:10:23,516128,829.0340900421143
2693,2021-10-27 07:10:29,516128,845.1628684997559
2694,2021-10-27 08:10:24,516128,878.5631656646729
2695,2021-10-27 08:10:44,516128,845.2608585357666
2696,2021-10-27 09:10:40,516128,825.8979320526123
2697,2021-10-27 09:10:54,516128,816.1108493804932
2698,2021-10-27 08:10:38,516129,844.6028232574463
2699,2021-10-27 09:10:08,516129,885.6730461120605
2700,2021-10-27 09:10:47,516130,837.4240398406982
2701,2021-10-27 10:10:17,516130,877.8300285339355
2702,2021-10-27 01:10:09,516133,839.5209312438965
2703,2021-10-27 01:10:37,516133,849.4839668273926
2704,2021-10-27 01:10:58,516133,801.832914352417
2705,2021-10-27 02:10:30,516133,826.6940116882324
2706,2021-10-27 03:10:31,516133,813.6391639709473
2707,2021-10-27 03:10:47,516133,854.8848628997803
2708,2021-10-27 03:10:53,516133,859.3881130218506
2709,2021-10-27 04:10:41,516133,843.2857990264893
2710,2021-10-27 04:10:57,516133,839.6270275115967
2711,2021-10-27 05:10:08,516133,836.5821838378906
2712,2021-10-27 12:10:28,516133,838.6468887329102
2713,2021-10-27 12:10:49,516133,849.6150970458984
2714,2021-10-27 04:10:15,516134,821.6860294342041
2715,2021-10-27 04:10:23,516134,838.4599685668945
2716,2021-10-27 04:10:30,516134,861.8440628051758
2717,2021-10-27 05:10:25,516134,822.2439289093018
2718,2021-10-27 10:10:03,516134,815.9770965576172
2719,2021-10-27 06:10:52,516136,796.4239120483398
2720,2021-10-27 07:10:20,516136,824.570894241333
2721,2021-10-27 06:10:08,516138,789.3209457397461
2722,2021-10-27 09:10:13,516138,820.6741809844971
2723,2021-10-27 07:10:02,516139,785.8500480651855
2724,2021-10-27 07:10:49,516139,826.0760307312012
2725,2021-10-27 10:10:16,516139,863.563060760498
2726,2021-10-27 11:10:11,516139,796.9970703125
2727,2021-10-28 01:10:45,516140,802.8919696807861
2728,2021-10-28 01:10:50,516140,832.3299884796143
2729,2021-10-28 03:10:58,516144,835.6759548187256
2730,2021-10-28 04:10:20,516146,1314.0699863433838
2731,2021-10-28 04:10:50,516146,843.0910110473633
2732,2021-10-28 04:10:16,516149,863.8529777526855
2733,2021-10-28 05:10:52,516149,900.7701873779297
2734,2021-10-28 04:10:18,516150,828.3581733703613
2735,2021-10-28 06:10:17,516150,816.2868022918701
2736,2021-10-28 05:10:55,516151,833.9388370513916
2737,2021-10-28 06:10:59,516151,841.0298824310303
2738,2021-10-28 05:10:57,516152,799.0410327911377
2739,2021-10-28 06:10:06,516152,829.4689655303955
2740,2021-10-28 05:10:31,516153,823.5671520233154
2741,2021-10-28 06:10:03,516159,848.919153213501
2742,2021-10-28 07:10:11,516159,890.2239799499512
2743,2021-10-28 07:10:48,516159,825.7849216461182
2744,2021-10-28 07:10:53,516159,851.2330055236816
2745,2021-10-28 07:10:00,516163,841.5799140930176
2746,2021-10-28 08:10:21,516163,811.4519119262695
2747,2021-10-28 08:10:38,516163,835.9620571136475
2748,2021-10-28 09:10:16,516163,1308.3631992340088
2749,2021-10-28 09:10:40,516163,838.9391899108887
2750,2021-10-28 09:10:58,516163,831.7961692810059
2751,2021-10-28 10:10:07,516163,837.1548652648926
2752,2021-10-28 10:10:17,516163,820.7471370697021
2753,2021-10-28 10:10:20,516163,864.1848564147949
2754,2021-10-28 11:10:02,516163,831.2711715698242
2755,2021-10-28 11:10:16,516163,830.1239013671875
2756,2021-10-28 04:10:01,516164,805.2530288696289
2757,2021-10-28 05:10:22,516164,862.6141548156738
2758,2021-10-28 06:10:13,516164,903.7270545959473
2759,2021-10-28 06:10:32,516164,831.7787647247314
2760,2021-10-28 06:10:39,516164,812.7379417419434
2761,2021-10-28 11:10:42,516164,875.7319450378418
2762,2021-10-28 12:10:26,516164,872.8458881378174
2763,2021-10-28 05:10:18,516165,819.2927837371826
2764,2021-10-28 05:10:58,516165,825.2599239349365
2765,2021-10-28 06:10:11,516165,800.8201122283936
2766,2021-10-28 06:10:47,516165,802.954912185669
2767,2021-10-28 05:10:11,516166,793.9541339874268
2768,2021-10-28 07:10:34,516166,817.7978992462158
2769,2021-10-28 09:10:35,516166,830.3060531616211
2770,2021-10-28 09:10:40,516166,788.2587909698486
2771,2021-10-28 06:10:17,516168,820.1131820678711
2772,2021-10-28 06:10:28,516168,829.2560577392578
2773,2021-10-28 08:10:37,516168,849.7629165649414
2774,2021-10-28 07:10:35,516169,845.6990718841553
2775,2021-10-28 11:10:08,516169,846.1809158325195
2776,2021-10-28 06:10:51,516170,827.2340297698975
2777,2021-10-28 07:10:05,516170,815.6449794769287
2778,2021-10-28 09:10:45,516170,840.4061794281006
2779,2021-10-28 11:10:11,516170,846.4112281799316
2780,2021-10-29 01:10:29,516171,861.1531257629395
2781,2021-10-29 02:10:23,516171,857.2630882263184
2782,2021-10-29 02:10:24,516171,917.4878597259521
2783,2021-10-29 02:10:31,516171,831.6571712493896
2784,2021-10-29 03:10:15,516171,857.2790622711182
2785,2021-10-29 03:10:55,516171,832.3090076446533
2786,2021-10-29 02:10:56,516172,826.1339664459229
2787,2021-10-29 04:10:32,516172,823.0609893798828
2788,2021-10-29 03:10:32,516174,862.8401756286621
2789,2021-10-29 06:10:07,516174,853.931188583374
2790,2021-10-29 08:10:39,516174,860.353946685791
2791,2021-10-29 08:10:14,516175,831.6440582275391
2792,2021-10-29 09:10:26,516175,845.3428745269775
2793,2021-10-29 01:10:12,516176,795.4778671264648
2794,2021-10-29 08:10:38,516176,848.7210273742676
2795,2021-10-29 08:10:41,516176,863.9678955078125
2796,2021-10-29 09:10:13,516176,818.3372020721436
2797,2021-10-29 09:10:28,516176,815.3018951416016
2798,2021-10-29 09:10:50,516176,856.328010559082
2799,2021-10-29 09:10:52,516176,788.6049747467041
2800,2021-10-29 10:10:14,516176,821.0690021514893
2801,2021-10-29 10:10:19,516176,834.4049453735352
2802,2021-10-29 10:10:31,516176,911.0450744628906
2803,2021-10-29 11:10:15,516176,840.6269550323486
2804,2021-10-29 11:10:25,516176,811.7930889129639
2805,2021-10-29 11:10:31,516176,830.0139904022217
2806,2021-10-29 11:10:55,516176,823.401927947998
2807,2021-10-29 12:10:42,516176,809.6098899841309
2808,2021-10-29 01:10:30,516177,826.0390758514404
2809,2021-10-29 02:10:17,516177,801.318883895874
2810,2021-10-29 04:10:36,516177,824.5739936828613
2811,2021-10-29 07:10:31,516177,809.5459938049316
2812,2021-10-29 07:10:52,516177,804.0561676025391
2813,2021-10-29 09:10:06,516177,961.6901874542236
2814,2021-10-29 09:10:25,516177,796.1821556091309
2815,2021-10-29 09:10:48,516177,864.4721508026123
2816,2021-10-29 10:10:41,516177,820.2881813049316
2817,2021-10-29 02:10:55,516178,851.9840240478516
2818,2021-10-29 03:10:17,516178,817.4331188201904
2819,2021-10-29 04:10:48,516178,826.2131214141846
2820,2021-10-29 04:10:52,516178,805.088996887207
2821,2021-10-29 06:10:30,516178,808.8967800140381
2822,2021-10-29 07:10:05,516178,823.8160610198975
2823,2021-10-29 07:10:26,516178,834.9630832672119
2824,2021-10-29 05:10:05,516179,815.5210018157959
2825,2021-10-29 06:10:39,516179,818.0620670318604
2826,2021-10-29 10:10:05,516179,949.3298530578613
2827,2021-10-29 10:10:21,516179,797.3349094390869
2828,2021-10-29 11:10:01,516179,878.3338069915771
2829,2021-10-30 12:10:05,516179,812.2339248657227
2830,2021-10-29 11:10:25,516180,818.4809684753418
2831,2021-10-30 01:10:06,516180,810.0340366363525
2832,2021-10-30 12:10:53,516180,835.0429534912109
2833,2021-10-29 09:10:15,516181,888.685941696167
2834,2021-10-29 10:10:55,516181,843.1870937347412
2835,2021-10-30 01:10:29,516181,879.3909549713135
2836,2021-10-30 01:10:38,516181,806.4839839935303
2837,2021-10-30 02:10:38,516181,821.1419582366943
2838,2021-10-30 04:10:39,516181,807.3949813842773
2839,2021-10-30 05:10:02,516181,826.3452053070068
2840,2021-10-30 05:10:17,516181,862.6048564910889
2841,2021-10-30 06:10:28,516181,840.4779434204102
2842,2021-10-30 07:10:07,516181,818.7339305877686
2843,2021-10-30 07:10:26,516181,837.0788097381592
2844,2021-10-30 07:10:32,516181,806.0159683227539
2845,2021-10-30 08:10:49,516181,802.2959232330322
2846,2021-10-30 07:10:06,516182,828.2771110534668
2847,2021-10-30 07:10:20,516182,822.4959373474121
2848,2021-10-30 07:10:28,516182,794.9099540710449
2849,2021-10-30 08:10:17,516182,828.7239074707031
2850,2021-10-30 08:10:21,516182,796.4599132537842
2851,2021-10-30 08:10:43,516182,822.1371173858643
2852,2021-10-30 08:10:06,516184,880.4359436035156
2853,2021-10-30 08:10:32,516184,822.0889568328857
2854,2021-10-30 09:10:17,516184,832.064151763916
2855,2021-10-30 09:10:28,516184,835.3879451751709
2856,2021-10-30 09:10:21,516187,824.376106262207
2857,2021-10-30 10:10:54,516187,838.8330936431885
2858,2021-10-30 10:10:00,516189,821.1560249328613
2859,2021-10-30 11:10:39,516189,810.7101917266846
2860,2021-10-30 02:10:18,516190,830.6319713592529
2861,2021-10-30 03:10:34,516190,821.8691349029541
2862,2021-10-30 03:10:20,516193,779.3641090393066
2863,2021-10-30 05:10:26,516193,804.3439388275146
2864,2021-10-30 05:10:45,516193,804.8880100250244
2865,2021-10-30 06:10:02,516193,780.3030014038086
2866,2021-10-30 07:10:46,516193,803.394079208374
2867,2021-10-30 08:10:42,516194,792.2759056091309
2868,2021-10-30 09:10:55,516194,807.9538345336914
2869,2021-10-31 05:10:51,516194,801.9249439239502
2870,2021-10-31 11:10:18,516195,811.5711212158203
2871,2021-10-31 12:10:27,516195,815.0439262390137
2872,2021-10-31 04:10:43,516199,814.6190643310547
2873,2021-10-31 05:10:38,516199,824.6021270751953
2874,2021-10-31 06:10:53,516199,817.7452087402344
2875,2021-10-31 07:10:34,516199,840.5489921569824
2876,2021-10-31 07:10:57,516199,831.885814666748
2877,2021-10-31 09:10:04,516199,819.1540241241455
2878,2021-10-31 09:10:24,516199,1053.1790256500244
2879,2021-10-31 09:10:28,516199,877.2389888763428
2880,2021-10-31 09:10:49,516199,830.5728435516357
2881,2021-10-31 09:10:54,516199,831.6550254821777
2882,2021-10-31 09:10:56,516199,865.6129837036133
2883,2021-10-31 10:10:04,516199,901.3919830322266
2884,2021-10-31 10:10:20,516199,798.051118850708
2885,2021-10-31 10:10:55,516199,859.3590259552002
2886,2021-10-31 11:10:15,516199,882.7459812164307
2887,2021-10-31 11:10:33,516199,848.7911224365234
2888,2021-10-31 11:10:47,516199,832.8189849853516
2889,2021-10-31 11:10:53,516199,828.855037689209
2890,2021-10-31 11:10:54,516199,811.8031024932861
2891,2021-11-01 06:11:58,516207,796.8320846557617
2892,2021-11-01 07:11:48,516207,1484.574794769287
2893,2021-11-01 01:11:45,516217,879.5778751373291
2894,2021-11-01 01:11:47,516217,811.2280368804932
2895,2021-11-01 01:11:48,516217,833.2860469818115
2896,2021-11-01 03:11:39,516217,831.8979740142822
2897,2021-11-01 10:11:32,516217,811.7408752441406
2898,2021-11-01 11:11:24,516217,811.5031719207764
2899,2021-11-01 11:11:37,516217,820.9819793701172
2900,2021-11-01 11:11:49,516217,819.5400238037109
2901,2021-11-01 11:11:52,516217,826.1640071868896
2902,2021-11-01 11:11:57,516217,793.377161026001
2903,2021-11-01 12:11:22,516217,802.9429912567139
2904,2021-11-01 12:11:26,516217,806.2429428100586
2905,2021-11-01 12:11:52,516217,819.6020126342773
2906,2021-11-01 12:11:54,516217,832.834005355835
2907,2021-11-01 03:11:37,516219,796.2989807128906
2908,2021-11-01 05:11:12,516219,804.6290874481201
2909,2021-11-01 06:11:45,516219,816.580057144165
2910,2021-11-01 07:11:30,516219,818.4800148010254
2911,2021-11-01 07:11:35,516219,805.7031631469727
2912,2021-11-01 05:11:52,516221,785.0911617279053
2913,2021-11-01 06:11:22,516221,802.8860092163086
2914,2021-11-01 06:11:23,516222,812.9541873931885
2915,2021-11-01 07:11:43,516222,822.023868560791
2916,2021-11-01 09:11:08,516223,831.7899703979492
2917,2021-11-02 01:11:58,516223,798.0670928955078
2918,2021-11-02 03:11:55,516223,1432.4750900268555
2919,2021-11-02 03:11:08,516224,829.0219306945801
2920,2021-11-02 04:11:22,516224,824.0678310394287
2921,2021-11-02 06:11:03,516225,828.5989761352539
2922,2021-11-02 06:11:02,516226,815.310001373291
2923,2021-11-02 08:11:04,516226,834.2139720916748
2924,2021-11-02 10:11:41,516227,870.5518245697021
2925,2021-11-02 10:11:55,516227,844.8200225830078
2926,2021-11-02 11:11:08,516227,800.853967666626
2927,2021-11-02 01:11:06,516228,805.0899505615234
2928,2021-11-02 02:11:06,516228,822.1280574798584
2929,2021-11-02 02:11:43,516228,788.8870239257812
2930,2021-11-02 02:11:59,516228,815.1988983154297
2931,2021-11-02 03:11:42,516228,817.0840740203857
2932,2021-11-02 03:11:59,516228,802.8888702392578
2933,2021-11-02 12:11:01,516228,833.9128494262695
2934,2021-11-02 12:11:16,516228,827.8319835662842
2935,2021-11-02 12:11:21,516228,842.1571254730225
2936,2021-11-02 12:11:46,516228,805.9260845184326
2937,2021-11-02 12:11:52,516228,826.4310359954834
2938,2021-11-02 01:11:08,516229,861.4199161529541
2939,2021-11-02 01:11:36,516229,807.6598644256592
2940,2021-11-02 01:11:59,516229,856.482982635498
2941,2021-11-02 02:11:11,516229,795.4881191253662
2942,2021-11-02 02:11:25,516229,836.5399837493896
2943,2021-11-02 03:11:09,516229,841.9208526611328
2944,2021-11-02 03:11:19,516229,833.9879512786865
2945,2021-11-02 03:11:42,516229,845.6380367279053
2946,2021-11-02 03:11:49,516229,870.6610202789307
2947,2021-11-02 03:11:57,516229,800.0669479370117
2948,2021-11-02 04:11:22,516229,855.8659553527832
2949,2021-11-02 04:11:53,516229,827.59690284729
2950,2021-11-02 04:11:57,516229,802.5040626525879
2951,2021-11-02 05:11:05,516229,833.8918685913086
2952,2021-11-02 05:11:18,516229,847.5008010864258
2953,2021-11-02 05:11:58,516229,813.715934753418
2954,2021-11-02 06:11:09,516229,796.2729930877686
2955,2021-11-02 05:11:22,516231,806.9310188293457
2956,2021-11-02 06:11:46,516231,881.0629844665527
2957,2021-11-02 07:11:18,516231,826.8489837646484
2958,2021-11-02 07:11:37,516231,822.2799301147461
2959,2021-11-02 06:11:20,516232,802.1531105041504
2960,2021-11-02 06:11:37,516232,832.4298858642578
2961,2021-11-02 07:11:07,516232,809.9629878997803
2962,2021-11-02 07:11:09,516232,823.0199813842773
2963,2021-11-02 07:11:10,516232,798.5310554504395
2964,2021-11-02 07:11:16,516232,808.4008693695068
2965,2021-11-02 07:11:45,516232,855.0529479980469
2966,2021-11-02 07:11:58,516232,798.0198860168457
2967,2021-11-02 08:11:45,516232,849.1508960723877
2968,2021-11-02 09:11:07,516232,858.7968349456787
2969,2021-11-02 09:11:23,516232,844.5830345153809
2970,2021-11-02 09:11:25,516232,814.7060871124268
2971,2021-11-02 09:11:47,516232,835.2200984954834
2972,2021-11-02 10:11:04,516232,842.5650596618652
2973,2021-11-02 10:11:09,516232,835.0560665130615
2974,2021-11-02 10:11:58,516232,823.1649398803711
2975,2021-11-02 11:11:13,516232,839.3080234527588
2976,2021-11-03 12:11:09,516232,825.1588344573975
2977,2021-11-03 12:11:46,516232,809.1340065002441
2978,2021-11-02 10:11:57,516233,813.4980201721191
2979,2021-11-02 11:11:11,516233,821.1076259613037
2980,2021-11-03 01:11:21,516233,819.7662830352783
2981,2021-11-03 01:11:23,516233,851.433515548706
2982,2021-11-03 12:11:06,516233,795.1545715332031
2983,2021-11-03 12:11:13,516233,809.7081184387207
2984,2021-11-03 12:11:35,516233,862.7569675445557
2985,2021-11-03 12:11:40,516233,813.8916492462158
2986,2021-11-03 12:11:14,516236,782.7811241149902
2987,2021-11-03 01:11:46,516237,801.9251823425293
2988,2021-11-03 12:11:11,516237,808.1378936767578
2989,2021-11-03 02:11:16,516239,842.7999019622803
2990,2021-11-03 02:11:34,516239,804.1460514068604
2991,2021-11-03 12:11:13,516239,846.3590145111084
2992,2021-11-03 12:11:51,516239,778.5658836364746
2993,2021-11-03 05:11:05,516243,773.6268043518066
2994,2021-11-03 05:11:31,516243,773.5280990600586
2995,2021-11-03 06:11:03,516243,783.6270332336426
2996,2021-11-03 06:11:12,516243,793.5309410095215
2997,2021-11-03 06:11:57,516243,777.022123336792
2998,2021-11-03 06:11:18,516244,765.4891014099121
2999,2021-11-03 07:11:03,516244,773.751974105835
3000,2021-11-03 07:11:24,516244,800.2889156341553
3001,2021-11-03 07:11:25,516244,838.0858898162842
3002,2021-11-03 08:11:30,516244,783.8099002838135
3003,2021-11-03 08:11:58,516244,804.4250011444092
3004,2021-11-03 09:11:53,516244,823.0881690979004
3005,2021-11-03 10:11:27,516244,800.3678321838379
3006,2021-11-03 10:11:35,516244,868.8600063323975
3007,2021-11-03 11:11:55,516244,805.7680130004883
3008,2021-11-03 01:11:45,516245,870.5480098724365
3009,2021-11-03 10:11:09,516245,840.6341075897217
3010,2021-11-03 11:11:13,516245,778.270959854126
3011,2021-11-03 11:11:27,516245,784.8479747772217
3012,2021-11-03 12:11:06,516245,782.7789783477783
3013,2021-11-03 12:11:21,516245,805.5539131164551
3014,2021-11-03 12:11:32,516245,785.3798866271973
3015,2021-11-03 12:11:50,516245,786.5979671478271
3016,2021-11-03 01:11:30,516246,849.3311405181885
3017,2021-11-03 03:11:35,516246,812.406063079834
3018,2021-11-03 03:11:39,516246,808.3992004394531
3019,2021-11-03 03:11:41,516246,817.795991897583
3020,2021-11-03 02:11:02,516247,857.5518131256104
3021,2021-11-03 02:11:55,516247,803.7509918212891
3022,2021-11-03 03:11:40,516247,808.1099987030029
3023,2021-11-03 04:11:23,516247,1206.0861587524414
3024,2021-11-03 04:11:38,516247,788.0909442901611
3025,2021-11-03 02:11:52,516248,860.1508140563965
3026,2021-11-03 03:11:05,516248,790.172815322876
3027,2021-11-03 03:11:11,516248,831.8507671356201
3028,2021-11-03 03:11:38,516248,821.0320472717285
3029,2021-11-03 05:11:28,516248,820.9660053253174
3030,2021-11-03 03:11:20,516249,800.4491329193115
3031,2021-11-03 04:11:07,516249,820.3270435333252
3032,2021-11-03 04:11:48,516249,817.6388740539551
3033,2021-11-03 05:11:02,516249,829.9081325531006
3034,2021-11-03 05:11:03,516249,800.5368709564209
3035,2021-11-03 06:11:56,516249,766.9129371643066
3036,2021-11-03 04:11:51,516250,797.0988750457764
3037,2021-11-03 06:11:02,516250,794.0030097961426
3038,2021-11-03 05:11:44,516251,834.3319892883301
3039,2021-11-03 05:11:48,516251,824.4678974151611
3040,2021-11-03 06:11:37,516251,832.0660591125488
3041,2021-11-03 06:11:54,516251,839.2939567565918
3042,2021-11-03 05:11:54,516252,804.1739463806152
3043,2021-11-03 06:11:30,516252,816.8370723724365
3044,2021-11-03 06:11:30,516252,807.7671527862549
3045,2021-11-03 07:11:04,516252,798.1598377227783
3046,2021-11-03 06:11:15,516253,810.7619285583496
3047,2021-11-03 06:11:24,516253,820.0209140777588
3048,2021-11-03 06:11:42,516253,803.8249015808105
3049,2021-11-03 07:11:47,516253,838.2790088653564
3050,2021-11-03 08:11:11,516253,811.0017776489258
3051,2021-11-03 08:11:12,516253,779.7110080718994
3052,2021-11-03 08:11:15,516253,824.1169452667236
3053,2021-11-03 08:11:30,516253,796.6561317443848
3054,2021-11-03 09:11:29,516253,800.6579875946045
3055,2021-11-03 09:11:41,516253,803.1091690063477
3056,2021-11-03 07:11:56,516254,813.9328956604004
3057,2021-11-03 09:11:11,516254,833.3010673522949
3058,2021-11-03 09:11:30,516254,829.2009830474854
3059,2021-11-03 09:11:53,516254,800.3180027008057
3060,2021-11-03 09:11:57,516254,792.712926864624
3061,2021-11-03 10:11:05,516254,1093.994140625
3062,2021-11-03 10:11:45,516254,784.0161323547363
3063,2021-11-03 10:11:51,516254,835.5178833007812
3064,2021-11-03 11:11:07,516254,810.8210563659668
3065,2021-11-03 11:11:18,516254,807.8949451446533
3066,2021-11-03 11:11:40,516254,802.8910160064697
3067,2021-11-03 11:11:42,516254,789.5081043243408
3068,2021-11-03 11:11:54,516254,822.3600387573242
3069,2021-11-03 10:11:17,516256,816.087007522583
3070,2021-11-03 11:11:02,516256,831.2268257141113
3071,2021-11-03 11:11:46,516256,834.2361450195312
3072,2021-11-04 12:11:45,516256,835.3190422058105
3073,2021-11-04 01:11:27,516258,815.5858516693115
3074,2021-11-04 03:11:41,516258,797.8181838989258
3075,2021-11-04 12:11:12,516258,801.5420436859131
3076,2021-11-04 12:11:34,516258,848.567008972168
3077,2021-11-04 12:11:41,516258,820.9319114685059
3078,2021-11-04 04:11:20,516262,814.27001953125
3079,2021-11-04 04:11:51,516262,857.5038909912109
3080,2021-11-04 05:11:35,516262,816.7791366577148
3081,2021-11-04 05:11:00,516263,783.9860916137695
3082,2021-11-04 06:11:59,516263,796.0150241851807
3083,2021-11-04 07:11:41,516263,849.8821258544922
3084,2021-11-04 07:11:44,516263,804.8648834228516
3085,2021-11-04 06:11:07,516264,802.4370670318604
3086,2021-11-04 06:11:17,516264,809.0910911560059
3087,2021-11-04 06:11:59,516264,827.1830081939697
3088,2021-11-04 07:11:13,516264,781.8269729614258
3089,2021-11-04 07:11:19,516264,833.7609767913818
3090,2021-11-04 06:11:30,516265,840.6062126159668
3091,2021-11-04 07:11:48,516265,859.1079711914062
3092,2021-11-04 08:11:06,516267,832.9939842224121
3093,2021-11-04 08:11:08,516267,816.119909286499
3094,2021-11-04 08:11:55,516267,838.068962097168
3095,2021-11-04 09:11:31,516267,876.8789768218994
3096,2021-11-04 09:11:33,516267,868.4780597686768
3097,2021-11-04 09:11:45,516267,845.404863357544
3098,2021-11-04 09:11:21,516268,834.1929912567139
3099,2021-11-04 11:11:19,516268,828.5810947418213
3100,2021-11-04 11:11:24,516268,836.378812789917
3101,2021-11-04 11:11:53,516268,824.0089416503906
3102,2021-11-04 10:11:37,516270,812.9119873046875
3103,2021-11-04 11:11:03,516270,1083.441972732544
3104,2021-11-04 11:11:46,516270,828.8559913635254
3105,2021-11-04 12:11:17,516270,800.8699417114258
3106,2021-11-04 12:11:25,516270,823.0171203613281
3107,2021-11-04 02:11:52,516271,808.6271286010742
3108,2021-11-04 12:11:17,516271,828.6950588226318
3109,2021-11-04 01:11:27,516272,809.6230030059814
3110,2021-11-04 01:11:39,516272,840.33203125
3111,2021-11-04 03:11:12,516272,917.4618721008301
3112,2021-11-04 03:11:56,516272,844.9079990386963
3113,2021-11-04 05:11:09,516272,795.3529357910156
3114,2021-11-04 12:11:03,516272,818.8271522521973
3115,2021-11-04 04:11:06,516274,822.4349021911621
3116,2021-11-04 06:11:08,516274,816.7941570281982
3117,2021-11-04 06:11:45,516274,848.0029106140137
3118,2021-11-04 07:11:12,516274,846.4460372924805
3119,2021-11-04 07:11:34,516274,825.859785079956
3120,2021-11-04 11:11:00,516274,850.6050109863281
3121,2021-11-04 11:11:29,516274,809.4429969787598
3122,2021-11-04 07:11:11,516275,821.4340209960938
3123,2021-11-04 07:11:30,516275,886.1711025238037
3124,2021-11-04 07:11:55,516275,839.5750522613525
3125,2021-11-04 08:11:22,516275,834.9199295043945
3126,2021-11-05 01:11:18,516275,831.5279483795166
3127,2021-11-05 01:11:45,516275,797.7960109710693
3128,2021-11-05 05:11:19,516275,810.8839988708496
3129,2021-11-05 04:11:21,516276,827.3489475250244
3130,2021-11-05 05:11:04,516278,827.9869556427002
3131,2021-11-05 05:11:26,516278,780.0700664520264
3132,2021-11-05 05:11:56,516278,821.0251331329346
3133,2021-11-05 06:11:24,516278,841.9489860534668
3134,2021-11-05 07:11:43,516278,843.8169956207275
3135,2021-11-05 07:11:54,516278,791.0130023956299
3136,2021-11-05 08:11:03,516278,813.0378723144531
3137,2021-11-05 08:11:24,516278,809.4110488891602
3138,2021-11-05 06:11:37,516279,883.8710784912109
3139,2021-11-05 09:11:41,516279,816.3900375366211
3140,2021-11-05 02:11:22,516281,836.0400199890137
3141,2021-11-05 10:11:11,516281,833.8601589202881
3142,2021-11-05 12:11:46,516281,866.4729595184326
3143,2021-11-05 12:11:59,516281,860.835075378418
3144,2021-11-05 01:11:24,516282,807.7540397644043
3145,2021-11-05 01:11:46,516282,803.678035736084
3146,2021-11-05 04:11:56,516282,843.0759906768799
3147,2021-11-05 01:11:51,516284,794.7258949279785
3148,2021-11-05 04:11:47,516284,822.7648735046387
3149,2021-11-05 01:11:04,516285,866.4529323577881
3150,2021-11-05 01:11:48,516285,817.0390129089355
3151,2021-11-05 04:11:24,516285,808.7189197540283
3152,2021-11-05 01:11:14,516286,804.0671348571777
3153,2021-11-05 01:11:41,516286,825.279951095581
3154,2021-11-05 03:11:30,516286,819.2000389099121
3155,2021-11-05 05:11:16,516286,801.2840747833252
3156,2021-11-05 05:11:22,516286,865.635871887207
3157,2021-11-05 02:11:43,516290,806.1800003051758
3158,2021-11-05 03:11:29,516290,790.0180816650391
3159,2021-11-05 05:11:45,516290,861.5620136260986
3160,2021-11-05 06:11:40,516290,786.7341041564941
3161,2021-11-05 06:11:49,516290,781.0831069946289
3162,2021-11-05 02:11:29,516292,826.4479637145996
3163,2021-11-05 02:11:49,516292,786.6919040679932
3164,2021-11-05 02:11:53,516292,798.4659671783447
3165,2021-11-05 03:11:36,516292,767.5201892852783
3166,2021-11-05 03:11:54,516292,845.5328941345215
3167,2021-11-05 05:11:19,516292,829.5071125030518
3168,2021-11-05 06:11:07,516292,823.2061862945557
3169,2021-11-05 06:11:11,516292,811.2120628356934
3170,2021-11-05 06:11:28,516292,803.5469055175781
3171,2021-11-05 06:11:32,516292,804.0130138397217
3172,2021-11-05 06:11:32,516292,800.5938529968262
3173,2021-11-05 07:11:02,516292,819.7689056396484
3174,2021-11-05 07:11:15,516292,826.1768817901611
3175,2021-11-05 07:11:22,516292,797.2450256347656
3176,2021-11-05 07:11:40,516292,1119.9350357055664
3177,2021-11-05 07:11:41,516292,818.0131912231445
3178,2021-11-05 07:11:43,516292,790.0910377502441
3179,2021-11-05 09:11:12,516292,797.9729175567627
3180,2021-11-05 09:11:33,516292,781.074047088623
3181,2021-11-05 09:11:58,516292,803.3928871154785
3182,2021-11-05 10:11:53,516292,787.2838973999023
3183,2021-11-05 10:11:59,516292,768.5589790344238
3184,2021-11-05 11:11:12,516292,799.8108863830566
3185,2021-11-05 11:11:48,516292,823.6110210418701
3186,2021-11-05 07:11:48,516293,799.846887588501
3187,2021-11-05 07:11:52,516293,833.8418006896973
3188,2021-11-05 08:11:33,516293,795.7568168640137
3189,2021-11-05 10:11:35,516293,820.3980922698975
3190,2021-11-06 12:11:18,516293,803.48801612854
3191,2021-11-06 12:11:35,516293,875.4329681396484
3192,2021-11-05 02:11:01,516294,795.5849170684814
3193,2021-11-05 10:11:07,516294,832.988977432251
3194,2021-11-05 10:11:54,516294,812.7779960632324
3195,2021-11-05 11:11:03,516294,801.4171123504639
3196,2021-11-05 11:11:25,516294,806.66184425354
3197,2021-11-05 11:11:43,516294,835.0222110748291
3198,2021-11-06 01:11:09,516294,796.1678504943848
3199,2021-11-06 01:11:23,516294,805.3009510040283
3200,2021-11-06 02:11:08,516294,819.2980289459229
3201,2021-11-06 02:11:13,516294,794.6388721466064
3202,2021-11-06 12:11:22,516294,793.1768894195557
3203,2021-11-06 12:11:30,516294,934.7090721130371
3204,2021-11-06 12:11:32,516294,807.513952255249
3205,2021-11-06 12:11:32,516294,1413.0370616912842
3206,2021-11-06 01:11:30,516295,791.5029525756836
3207,2021-11-06 02:11:43,516295,840.8370018005371
3208,2021-11-06 04:11:38,516295,805.6240081787109
3209,2021-11-06 02:11:01,516296,807.9500198364258
3210,2021-11-06 02:11:15,516296,805.5620193481445
3211,2021-11-06 03:11:59,516296,829.8699855804443
3212,2021-11-06 04:11:05,516296,797.5289821624756
3213,2021-11-06 04:11:15,516296,790.870189666748
3214,2021-11-06 03:11:53,516298,788.4891033172607
3215,2021-11-06 04:11:13,516298,830.5249214172363
3216,2021-11-06 04:11:00,516299,818.2480335235596
3217,2021-11-06 05:11:31,516299,843.6720371246338
3218,2021-11-06 04:11:57,516300,823.8599300384521
3219,2021-11-06 05:11:42,516300,760.2260112762451
3220,2021-11-06 06:11:26,516300,811.100959777832
3221,2021-11-06 06:11:48,516300,805.6252002716064
3222,2021-11-06 06:11:37,516301,786.5078449249268
3223,2021-11-06 07:11:51,516301,807.5408935546875
3224,2021-11-06 08:11:42,516301,789.6080017089844
3225,2021-11-06 07:11:38,516302,815.3111934661865
3226,2021-11-06 08:11:10,516302,863.1892204284668
3227,2021-11-06 09:11:23,516302,833.9760303497314
3228,2021-11-06 09:11:49,516302,805.3398132324219
3229,2021-11-08 07:11:06,516302,842.7560329437256
3230,2021-11-08 07:11:19,516302,819.5497989654541
3231,2021-11-08 07:11:21,516302,867.110013961792
3232,2021-11-08 07:11:40,516302,816.2720203399658
3233,2021-11-06 08:11:24,516304,812.9639625549316
3234,2021-11-06 08:11:34,516304,794.9309349060059
3235,2021-11-06 09:11:45,516304,759.9761486053467
3236,2021-11-06 08:11:38,516308,810.3740215301514
3237,2021-11-06 09:11:56,516308,829.2129039764404
3238,2021-11-06 09:11:24,516313,796.7989444732666
3239,2021-11-06 10:11:20,516313,817.594051361084
3240,2021-11-06 09:11:07,516316,799.3040084838867
3241,2021-11-06 01:11:43,516318,827.9030323028564
3242,2021-11-06 01:11:59,516318,812.4809265136719
3243,2021-11-06 11:11:18,516318,817.2378540039062
3244,2021-11-06 12:11:24,516318,796.381950378418
3245,2021-11-07 01:11:05,516322,823.6122131347656
3246,2021-11-07 04:11:12,516322,870.9869384765625
3247,2021-11-07 05:11:45,516322,1425.5931377410889
3248,2021-11-07 06:11:02,516322,870.1529502868652
3249,2021-11-07 06:11:18,516322,827.1329402923584
3250,2021-11-07 10:11:51,516322,808.2458972930908
3251,2021-11-07 11:11:23,516322,836.000919342041
3252,2021-11-07 12:11:04,516322,858.0329418182373
3253,2021-11-07 12:11:05,516322,835.8440399169922
3254,2021-11-07 12:11:51,516322,814.2459392547607
3255,2021-11-07 02:11:18,516323,812.608003616333
3256,2021-11-07 03:11:00,516323,820.9900856018066
3257,2021-11-07 04:11:07,516323,789.7439002990723
3258,2021-11-07 04:11:23,516323,809.9310398101807
3259,2021-11-07 06:11:54,516326,779.9310684204102
3260,2021-11-07 08:11:39,516326,779.1318893432617
3261,2021-11-07 09:11:44,516326,835.608959197998
3262,2021-11-08 03:11:07,516326,779.2339324951172
3263,2021-11-08 04:11:37,516326,800.4639148712158
3264,2021-11-08 05:11:03,516326,812.3769760131836
3265,2021-11-08 05:11:46,516326,845.0441360473633
3266,2021-11-08 05:11:48,516326,841.8819904327393
3267,2021-11-08 05:11:58,516326,824.4380950927734
3268,2021-11-08 06:11:05,516326,822.8790760040283
3269,2021-11-08 06:11:41,516326,831.416130065918
3270,2021-11-08 06:11:57,516326,816.9529438018799
3271,2021-11-08 07:11:12,516326,832.9880237579346
3272,2021-11-08 07:11:14,516326,855.2489280700684
3273,2021-11-08 07:11:30,516326,822.070837020874
3274,2021-11-08 07:11:44,516326,821.1030960083008
3275,2021-11-08 07:11:56,516326,800.2610206604004
3276,2021-11-08 08:11:13,516326,800.8460998535156
3277,2021-11-08 08:11:44,516326,793.9531803131104
3278,2021-11-08 08:11:57,516326,797.0778942108154
3279,2021-11-08 09:11:07,516326,790.2340888977051
3280,2021-11-08 09:11:10,516326,788.0117893218994
3281,2021-11-08 09:11:11,516326,809.2820644378662
3282,2021-11-08 09:11:15,516326,823.505163192749
3283,2021-11-08 09:11:16,516326,801.353931427002
3284,2021-11-08 09:11:42,516326,783.505916595459
3285,2021-11-08 10:11:21,516326,807.1300983428955
3286,2021-11-08 10:11:33,516326,850.3179550170898
3287,2021-11-08 10:11:34,516326,777.9920101165771
3288,2021-11-08 11:11:06,516326,791.2099361419678
3289,2021-11-08 11:11:22,516326,819.4952011108398
3290,2021-11-08 11:11:36,516326,804.3739795684814
3291,2021-11-08 10:11:22,516327,821.4139938354492
3292,2021-11-08 11:11:36,516327,824.6080875396729
3293,2021-11-08 01:11:21,516328,785.6020927429199
3294,2021-11-08 02:11:13,516328,779.4499397277832
3295,2021-11-08 11:11:24,516328,800.584077835083
3296,2021-11-08 02:11:15,516329,780.6088924407959
3297,2021-11-08 12:11:17,516329,857.050895690918
3298,2021-11-08 02:11:07,516330,811.2568855285645
3299,2021-11-08 02:11:46,516330,849.1358757019043
3300,2021-11-08 02:11:52,516330,802.4411201477051
3301,2021-11-08 03:11:06,516330,775.4709720611572
3302,2021-11-08 04:11:49,516330,805.7839870452881
3303,2021-11-08 12:11:27,516330,806.236982345581
3304,2021-11-08 03:11:03,516332,799.0529537200928
3305,2021-11-08 03:11:26,516332,798.54416847229
3306,2021-11-08 03:11:38,516332,817.6400661468506
3307,2021-11-08 03:11:51,516333,787.7390384674072
3308,2021-11-08 04:11:56,516333,786.4508628845215
3309,2021-11-08 05:11:11,516333,1422.8568077087402
3310,2021-11-08 05:11:40,516333,790.0869846343994
3311,2021-11-08 04:11:05,516334,780.6379795074463
3312,2021-11-08 06:11:13,516335,813.9529228210449
3313,2021-11-08 06:11:29,516336,802.901029586792
3314,2021-11-08 06:11:39,516336,769.2010402679443
3315,2021-11-08 06:11:50,516336,1400.649070739746
3316,2021-11-08 07:11:02,516336,785.301923751831
3317,2021-11-08 07:11:06,516336,780.4961204528809
3318,2021-11-08 07:11:37,516336,783.4298610687256
3319,2021-11-08 08:11:30,516336,773.4208106994629
3320,2021-11-08 06:11:46,516338,821.9931125640869
3321,2021-11-08 07:11:15,516338,798.6979484558105
3322,2021-11-08 07:11:24,516338,797.2681522369385
3323,2021-11-08 07:11:33,516338,800.7409572601318
3324,2021-11-08 07:11:34,516338,784.2681407928467
3325,2021-11-08 08:11:15,516338,817.0680999755859
3326,2021-11-08 08:11:42,516338,803.4181594848633
3327,2021-11-08 08:11:57,516338,783.9479446411133
3328,2021-11-08 08:11:59,516338,807.6109886169434
3329,2021-11-08 08:11:30,516340,843.4600830078125
3330,2021-11-08 09:11:18,516340,830.8429718017578
3331,2021-11-08 09:11:34,516340,823.0359554290771
3332,2021-11-08 10:11:49,516340,810.3740215301514
3333,2021-11-08 10:11:06,516343,894.4449424743652
3334,2021-11-08 10:11:30,516343,838.7870788574219
3335,2021-11-09 12:11:41,516343,810.9660148620605
3336,2021-11-08 11:11:59,516345,884.8838806152344
3337,2021-11-09 01:11:39,516345,805.0141334533691
3338,2021-11-09 01:11:50,516345,813.7450218200684
3339,2021-11-09 12:11:35,516345,808.6490631103516
3340,2021-11-09 02:11:12,516349,1417.475938796997
3341,2021-11-09 03:11:30,516349,811.6769790649414
3342,2021-11-09 03:11:48,516349,837.1608257293701
3343,2021-11-09 04:11:00,516349,795.0839996337891
3344,2021-11-09 04:11:56,516349,832.0231437683105
3345,2021-11-09 05:11:09,516349,829.2498588562012
3346,2021-11-09 05:11:10,516349,820.5797672271729
3347,2021-11-09 05:11:55,516349,815.561056137085
3348,2021-11-09 06:11:20,516349,825.6270885467529
3349,2021-11-09 06:11:28,516349,908.9531898498535
3350,2021-11-09 06:11:44,516349,832.0279121398926
3351,2021-11-09 07:11:20,516349,795.0479984283447
3352,2021-11-09 07:11:39,516349,819.4191455841064
3353,2021-11-09 08:11:45,516349,792.0389175415039
3354,2021-11-09 08:11:50,516349,823.5809803009033
3355,2021-11-09 08:11:54,516349,807.7130317687988
3356,2021-11-09 09:11:11,516349,792.9930686950684
3357,2021-11-09 09:11:54,516349,804.9540519714355
3358,2021-11-09 08:11:48,516350,789.3538475036621
3359,2021-11-09 09:11:03,516350,757.3010921478271
3360,2021-11-09 09:11:44,516350,776.2742042541504
3361,2021-11-09 10:11:03,516350,771.2640762329102
3362,2021-11-09 10:11:19,516350,812.5870227813721
3363,2021-11-09 10:11:48,516350,762.0580196380615
3364,2021-11-09 11:11:19,516350,783.5431098937988
3365,2021-11-09 01:11:17,516351,791.7771339416504
3366,2021-11-09 01:11:28,516351,782.3340892791748
3367,2021-11-09 01:11:29,516351,893.625020980835
3368,2021-11-09 01:11:52,516351,880.4919719696045
3369,2021-11-09 02:11:43,516351,1388.3709907531738
3370,2021-11-09 02:11:48,516351,791.1720275878906
3371,2021-11-09 02:11:52,516351,797.8768348693848
3372,2021-11-09 03:11:13,516351,795.81618309021
3373,2021-11-09 03:11:19,516351,782.6569080352783
3374,2021-11-09 12:11:15,516351,777.3540019989014
3375,2021-11-09 12:11:47,516351,794.1238880157471
3376,2021-11-09 02:11:56,516352,775.8018970489502
3377,2021-11-09 03:11:09,516353,1378.0930042266846
3378,2021-11-09 04:11:16,516353,802.8020858764648
3379,2021-11-09 04:11:34,516353,791.100025177002
3380,2021-11-09 04:11:58,516353,794.7819232940674
3381,2021-11-09 05:11:15,516353,785.3178977966309
3382,2021-11-09 05:11:50,516353,799.4060516357422
3383,2021-11-09 05:11:47,516356,783.7948799133301
3384,2021-11-09 07:11:36,516358,814.1748905181885
3385,2021-11-09 08:11:37,516358,799.048900604248
3386,2021-11-09 06:11:54,516359,778.419017791748
3387,2021-11-09 07:11:39,516359,791.5229797363281
3388,2021-11-09 08:11:20,516359,801.2421131134033
3389,2021-11-09 09:11:19,516359,781.0289859771729
3390,2021-11-09 10:11:49,516359,802.253007888794
3391,2021-11-09 11:11:20,516359,781.8570137023926
3392,2021-11-10 01:11:16,516361,790.7850742340088
3393,2021-11-10 12:11:22,516361,1508.336067199707
3394,2021-11-10 02:11:15,516362,771.2199687957764
3395,2021-11-10 12:11:04,516362,812.8008842468262
3396,2021-11-10 01:11:03,516363,889.394998550415
3397,2021-11-10 12:11:37,516363,857.3281764984131
3398,2021-11-10 03:11:26,516365,781.4750671386719
3399,2021-11-10 04:11:18,516365,817.1851634979248
3400,2021-11-10 05:11:16,516368,785.681962966919
3401,2021-11-10 08:11:09,516371,832.348108291626
3402,2021-11-10 09:11:28,516371,838.3181095123291
3403,2021-11-10 11:11:58,516371,826.9259929656982
3404,2021-11-10 11:11:59,516371,829.4100761413574
3405,2021-11-10 09:11:11,516372,871.6719150543213
3406,2021-11-10 09:11:13,516372,827.5220394134521
3407,2021-11-10 10:11:18,516372,857.6879501342773
3408,2021-11-10 10:11:47,516372,810.3179931640625
3409,2021-11-10 10:11:39,516374,818.3920383453369
3410,2021-11-10 11:11:34,516374,819.9679851531982
3411,2021-11-10 11:11:56,516374,831.8500518798828
3412,2021-11-10 12:11:17,516374,1425.076961517334
3413,2021-11-10 01:11:01,516375,825.329065322876
3414,2021-11-10 01:11:21,516375,822.2260475158691
3415,2021-11-10 12:11:37,516375,1426.2399673461914
3416,2021-11-10 12:11:56,516375,841.8028354644775
3417,2021-11-10 01:11:40,516376,800.8780479431152
3418,2021-11-10 01:11:54,516376,876.7321109771729
3419,2021-11-10 02:11:41,516376,843.5158729553223
3420,2021-11-10 02:11:58,516376,794.8129177093506
3421,2021-11-10 01:11:17,516377,860.5561256408691
3422,2021-11-10 02:11:03,516377,823.6360549926758
3423,2021-11-10 02:11:31,516377,814.5840167999268
3424,2021-11-10 02:11:43,516377,833.442211151123
3425,2021-11-10 02:11:43,516377,814.9828910827637
3426,2021-11-10 03:11:10,516377,806.5237998962402
3427,2021-11-10 03:11:56,516377,802.1559715270996
3428,2021-11-10 02:11:33,516378,858.410120010376
3429,2021-11-10 03:11:11,516378,794.2719459533691
3430,2021-11-10 03:11:48,516379,885.8909606933594
3431,2021-11-10 05:11:29,516379,831.1100006103516
3432,2021-11-10 04:11:07,516380,854.5610904693604
3433,2021-11-10 04:11:19,516380,826.8928527832031
3434,2021-11-10 05:11:55,516380,829.1280269622803
3435,2021-11-10 04:11:32,516381,813.737154006958
3436,2021-11-10 05:11:13,516381,843.2788848876953
3437,2021-11-10 06:11:01,516381,794.2569255828857
3438,2021-11-10 06:11:03,516381,823.538064956665
3439,2021-11-10 06:11:48,516381,827.4331092834473
3440,2021-11-10 07:11:32,516381,830.6698799133301
3441,2021-11-10 06:11:24,516382,806.4589500427246
3442,2021-11-10 08:11:30,516382,799.5290756225586
3443,2021-11-10 08:11:14,516383,843.2180881500244
3444,2021-11-10 08:11:30,516383,827.8567790985107
3445,2021-11-10 09:11:00,516383,809.0591430664062
3446,2021-11-10 09:11:10,516385,826.1878490447998
3447,2021-11-10 09:11:30,516385,867.0260906219482
3448,2021-11-10 09:11:37,516385,837.9909992218018
3449,2021-11-10 10:11:18,516385,824.3920803070068
3450,2021-11-10 10:11:55,516385,800.1060485839844
3451,2021-11-10 11:11:48,516385,859.0960502624512
3452,2021-11-10 09:11:22,516386,823.7581253051758
3453,2021-11-10 10:11:45,516386,819.1611766815186
3454,2021-11-10 10:11:47,516386,858.9620590209961
3455,2021-11-10 11:11:53,516386,831.0179710388184
3456,2021-11-10 11:11:54,516386,841.5651321411133
3457,2021-11-11 12:11:22,516386,847.6550579071045
3458,2021-11-11 12:11:45,516386,842.9679870605469
3459,2021-11-11 12:11:49,516386,807.563066482544
3460,2021-11-10 11:11:45,516387,816.368818283081
3461,2021-11-10 11:11:45,516387,818.5770511627197
3462,2021-11-11 01:11:02,516387,795.3400611877441
3463,2021-11-11 01:11:47,516387,797.1749305725098
3464,2021-11-11 12:11:35,516390,845.6370830535889
3465,2021-11-11 01:11:31,516391,816.3177967071533
3466,2021-11-11 02:11:37,516391,790.0760173797607
3467,2021-11-11 02:11:34,516392,802.570104598999
3468,2021-11-11 02:11:50,516392,806.3249588012695
3469,2021-11-11 03:11:18,516392,793.4708595275879
3470,2021-11-11 03:11:53,516392,800.9519577026367
3471,2021-11-11 06:11:39,516397,821.9220638275146
3472,2021-11-11 07:11:36,516397,796.3531017303467
3473,2021-11-11 06:11:01,516398,817.6300525665283
3474,2021-11-11 06:11:36,516398,882.0250034332275
3475,2021-11-11 07:11:14,516398,841.0470485687256
3476,2021-11-11 07:11:30,516399,781.0161113739014
3477,2021-11-11 09:11:34,516400,829.5481204986572
3478,2021-11-11 10:11:02,516401,808.5379600524902
3479,2021-11-11 10:11:08,516401,861.6299629211426
3480,2021-11-11 11:11:45,516401,796.81396484375
3481,2021-11-11 11:11:57,516401,806.8909645080566
3482,2021-11-11 10:11:36,516402,821.7611312866211
3483,2021-11-11 11:11:34,516402,825.2460956573486
3484,2021-11-11 12:11:13,516403,829.8289775848389
3485,2021-11-11 12:11:17,516403,803.3881187438965
3486,2021-11-11 12:11:54,516403,839.379072189331
3487,2021-11-11 01:11:24,516404,1452.7947902679443
3488,2021-11-11 01:11:25,516404,775.2571105957031
3489,2021-11-11 01:11:26,516404,830.5718898773193
3490,2021-11-11 01:11:29,516404,1350.456953048706
3491,2021-11-11 02:11:11,516404,831.6278457641602
3492,2021-11-11 02:11:44,516404,801.2771606445312
3493,2021-11-11 02:11:52,516404,864.6421432495117
3494,2021-11-11 12:11:04,516404,844.5940017700195
3495,2021-11-11 12:11:28,516404,847.3179340362549
3496,2021-11-11 12:11:34,516404,775.5639553070068
3497,2021-11-11 01:11:09,516405,827.8851509094238
3498,2021-11-11 01:11:27,516405,836.8899822235107
3499,2021-11-11 03:11:56,516405,803.7209510803223
3500,2021-11-11 02:11:12,516406,860.2340221405029
3501,2021-11-11 02:11:28,516406,840.0239944458008
3502,2021-11-11 03:11:06,516406,808.5379600524902
3503,2021-11-11 03:11:07,516406,826.1971473693848
3504,2021-11-11 03:11:01,516408,824.2120742797852
3505,2021-11-11 03:11:20,516408,873.6982345581055
3506,2021-11-11 03:11:38,516408,868.1318759918213
3507,2021-11-11 04:11:11,516408,856.9328784942627
3508,2021-11-11 04:11:58,516408,858.5779666900635
3509,2021-11-11 05:11:01,516408,861.1819744110107
3510,2021-11-11 05:11:09,516408,828.9139270782471
3511,2021-11-11 05:11:21,516408,812.3960494995117
3512,2021-11-11 05:11:47,516408,832.2868347167969
3513,2021-11-11 04:11:56,516409,834.6340656280518
3514,2021-11-11 05:11:03,516409,794.1641807556152
3515,2021-11-11 06:11:19,516409,791.1319732666016
3516,2021-11-11 06:11:20,516409,843.5900211334229
3517,2021-11-11 04:11:47,516411,787.4550819396973
3518,2021-11-11 05:11:42,516411,806.2031269073486
3519,2021-11-11 06:11:01,516411,827.1670341491699
3520,2021-11-11 06:11:16,516411,777.9040336608887
3521,2021-11-11 08:11:08,516411,1123.9731311798096
3522,2021-11-11 08:11:37,516411,871.3669776916504
3523,2021-11-11 05:11:08,516412,839.975118637085
3524,2021-11-11 06:11:45,516412,831.5489292144775
3525,2021-11-11 06:11:48,516412,1410.3071689605713
3526,2021-11-11 07:11:04,516412,814.9950504302979
3527,2021-11-11 07:11:37,516413,794.5430278778076
3528,2021-11-11 07:11:51,516413,812.6118183135986
3529,2021-11-11 08:11:23,516413,807.2571754455566
3530,2021-11-11 08:11:26,516413,799.3419170379639
3531,2021-11-11 07:11:01,516414,802.0830154418945
3532,2021-11-11 09:11:52,516414,782.8009128570557
3533,2021-11-11 10:11:21,516414,790.863037109375
3534,2021-11-11 11:11:12,516414,827.3019790649414
3535,2021-11-12 12:11:11,516414,799.1528511047363
3536,2021-11-12 12:11:39,516414,872.1129894256592
3537,2021-11-11 08:11:25,516415,796.2191104888916
3538,2021-11-11 10:11:13,516415,793.4010028839111
3539,2021-11-11 10:11:19,516415,781.1098098754883
3540,2021-11-11 10:11:22,516415,786.8249416351318
3541,2021-11-11 11:11:29,516415,817.1219825744629
3542,2021-11-11 11:11:49,516415,806.0958385467529
3543,2021-11-12 01:11:04,516415,767.43483543396
3544,2021-11-12 01:11:20,516415,805.5639266967773
3545,2021-11-12 12:11:10,516415,779.0186405181885
3546,2021-11-12 12:11:10,516415,794.3949699401855
3547,2021-11-12 12:11:24,516415,785.3729724884033
3548,2021-11-12 12:11:36,516415,792.5710678100586
3549,2021-11-12 12:11:48,516415,788.3164882659912
3550,2021-11-12 12:11:52,516415,805.8319091796875
3551,2021-11-12 12:11:56,516415,787.7750396728516
3552,2021-11-12 12:11:57,516415,782.0501327514648
3553,2021-11-11 11:11:48,516416,846.433162689209
3554,2021-11-12 12:11:41,516416,802.5858402252197
3555,2021-11-12 01:11:03,516419,800.915002822876
3556,2021-11-12 01:11:03,516420,889.7750377655029
3557,2021-11-12 02:11:24,516420,858.5948944091797
3558,2021-11-12 02:11:15,516421,797.4908351898193
3559,2021-11-12 02:11:22,516421,801.1398315429688
3560,2021-11-12 06:11:20,516424,822.2458362579346
3561,2021-11-12 07:11:03,516424,1412.7907752990723
3562,2021-11-12 07:11:56,516424,815.779447555542
3563,2021-11-12 08:11:02,516424,813.1351470947266
3564,2021-11-12 08:11:20,516424,782.5257778167725
3565,2021-11-12 09:11:16,516424,794.5864200592041
3566,2021-11-12 09:11:50,516424,809.2918395996094
3567,2021-11-12 08:11:23,516425,825.5348205566406
3568,2021-11-12 09:11:09,516425,842.6196575164795
3569,2021-11-12 09:11:06,516426,830.2059173583984
3570,2021-11-12 09:11:20,516426,1279.4020175933838
3571,2021-11-12 09:11:51,516426,820.2419281005859
3572,2021-11-12 11:11:01,516426,825.6099224090576
3573,2021-11-12 11:11:25,516426,1387.1228694915771
3574,2021-11-12 12:11:11,516426,787.3516082763672
3575,2021-11-12 12:11:17,516426,816.0548210144043
3576,2021-11-12 01:11:02,516427,789.785623550415
3577,2021-11-12 01:11:05,516427,808.0024719238281
3578,2021-11-12 01:11:06,516427,800.0969886779785
3579,2021-11-12 01:11:14,516427,846.2440967559814
3580,2021-11-12 01:11:27,516427,838.2956981658936
3581,2021-11-12 01:11:41,516427,825.5817890167236
3582,2021-11-12 01:11:46,516427,812.2739791870117
3583,2021-11-12 01:11:57,516427,793.1945323944092
3584,2021-11-12 10:11:53,516427,819.5364475250244
3585,2021-11-12 11:11:04,516427,814.2380714416504
3586,2021-11-12 12:11:01,516427,822.9780197143555
3587,2021-11-12 12:11:03,516427,863.8479709625244
3588,2021-11-12 12:11:07,516427,812.4094009399414
3589,2021-11-12 12:11:24,516427,818.8631534576416
3590,2021-11-12 12:11:50,516427,1056.9348335266113
3591,2021-11-12 12:11:53,516427,813.4846687316895
3592,2021-11-12 01:11:03,516428,805.572509765625
3593,2021-11-12 01:11:30,516428,767.1868801116943
3594,2021-11-12 01:11:36,516428,810.7764720916748
3595,2021-11-12 01:11:54,516428,822.746992111206
3596,2021-11-12 02:11:11,516428,815.5264854431152
3597,2021-11-12 02:11:52,516428,851.0282039642334
3598,2021-11-12 03:11:03,516428,851.7546653747559
3599,2021-11-12 03:11:13,516428,838.6209011077881
3600,2021-11-12 04:11:34,516428,824.3362903594971
3601,2021-11-12 04:11:55,516428,808.3930015563965
3602,2021-11-12 03:11:08,516429,859.0371608734131
3603,2021-11-12 03:11:14,516429,827.4881839752197
3604,2021-11-12 03:11:36,516429,816.9031143188477
3605,2021-11-12 04:11:24,516429,821.3357925415039
3606,2021-11-12 04:11:31,516429,811.7687702178955
3607,2021-11-12 05:11:26,516429,807.0518970489502
3608,2021-11-12 06:11:19,516429,800.898551940918
3609,2021-11-12 06:11:22,516429,796.0355281829834
3610,2021-11-12 04:11:01,516430,851.4478206634521
3611,2021-11-12 04:11:54,516430,806.9262504577637
3612,2021-11-12 05:11:10,516430,811.509370803833
3613,2021-11-12 05:11:20,516430,786.9079113006592
3614,2021-11-12 04:11:20,516431,833.7922096252441
3615,2021-11-12 05:11:21,516431,832.0767879486084
3616,2021-11-12 05:11:11,516433,810.556173324585
3617,2021-11-12 07:11:20,516433,787.0028018951416
3618,2021-11-12 06:11:11,516434,799.0617752075195
3619,2021-11-12 08:11:23,516434,780.5731296539307
3620,2021-11-12 09:11:10,516434,797.3661422729492
3621,2021-11-12 09:11:54,516434,793.1549549102783
3622,2021-11-12 07:11:33,516436,845.5822467803955
3623,2021-11-12 07:11:38,516436,831.8195343017578
3624,2021-11-12 09:11:11,516436,909.4481468200684
3625,2021-11-12 09:11:19,516436,817.9435729980469
3626,2021-11-12 08:11:00,516437,810.1754188537598
3627,2021-11-12 08:11:21,516437,808.1808090209961
3628,2021-11-12 08:11:52,516437,837.5444412231445
3629,2021-11-12 10:11:26,516437,833.4383964538574
3630,2021-11-12 11:11:14,516437,831.1557769775391
3631,2021-11-12 11:11:27,516437,836.8027210235596
3632,2021-11-12 11:11:43,516437,855.1311492919922
3633,2021-11-12 11:11:58,516437,914.8485660552979
3634,2021-11-12 10:11:02,516440,843.1346416473389
3635,2021-11-12 10:11:13,516440,789.2560958862305
3636,2021-11-13 01:11:01,516440,814.7037029266357
3637,2021-11-13 01:11:30,516440,829.8466205596924
3638,2021-11-13 09:11:04,516440,797.6367473602295
3639,2021-11-13 09:11:33,516440,787.2216701507568
3640,2021-11-13 09:11:44,516440,825.7908821105957
3641,2021-11-13 09:11:45,516440,781.8343639373779
3642,2021-11-13 12:11:36,516440,835.3803157806396
3643,2021-11-13 12:11:51,516440,838.2716178894043
3644,2021-11-13 01:11:21,516447,855.2999496459961
3645,2021-11-13 03:11:39,516447,819.0000057220459
3646,2021-11-13 03:11:49,516447,837.486982345581
3647,2021-11-13 04:11:29,516447,882.0898532867432
3648,2021-11-13 02:11:34,516448,858.2274913787842
3649,2021-11-13 04:11:14,516448,853.7328243255615
3650,2021-11-13 02:11:30,516453,856.863260269165
3651,2021-11-13 03:11:32,516453,811.6412162780762
3652,2021-11-13 06:11:48,516453,814.0206336975098
3653,2021-11-13 09:11:58,516453,817.2714710235596
3654,2021-11-13 10:11:47,516453,808.5472583770752
3655,2021-11-14 04:11:50,516453,806.0297966003418
3656,2021-11-14 05:11:42,516453,812.3383522033691
3657,2021-11-14 03:11:43,516456,880.3167343139648
3658,2021-11-14 04:11:33,516456,872.2372055053711
3659,2021-11-14 07:11:34,516456,887.8681659698486
3660,2021-11-14 08:11:31,516456,1472.3989963531494
3661,2021-11-14 09:11:02,516456,835.6280326843262
3662,2021-11-14 09:11:39,516456,821.0444450378418
3663,2021-11-15 04:11:35,516456,814.3935203552246
3664,2021-11-15 04:11:36,516456,802.9885292053223
3665,2021-11-15 05:11:00,516456,868.5002326965332
3666,2021-11-15 05:11:13,516456,823.7664699554443
3667,2021-11-15 06:11:04,516456,862.4486923217773
3668,2021-11-15 06:11:09,516456,874.3040561676025
3669,2021-11-15 06:11:24,516456,825.1938819885254
3670,2021-11-15 06:11:34,516456,841.3975238800049
3671,2021-11-15 06:11:49,516456,836.1451625823975
3672,2021-11-15 07:11:00,516456,820.6450939178467
3673,2021-11-15 07:11:01,516456,805.4449558258057
3674,2021-11-15 07:11:11,516456,864.4094467163086
3675,2021-11-15 07:11:13,516456,839.1234874725342
3676,2021-11-15 07:11:29,516456,1436.849594116211
3677,2021-11-15 07:11:30,516456,835.1387977600098
3678,2021-11-15 07:11:35,516456,809.9989891052246
3679,2021-11-15 07:11:56,516456,826.4062404632568
3680,2021-11-15 08:11:03,516456,825.5882263183594
3681,2021-11-15 08:11:04,516456,820.5811977386475
3682,2021-11-15 08:11:06,516456,824.8097896575928
3683,2021-11-15 08:11:18,516456,813.2832050323486
3684,2021-11-15 08:11:28,516456,828.8760185241699
3685,2021-11-15 08:11:42,516456,1435.6634616851807
3686,2021-11-15 08:11:46,516456,804.5125007629395
3687,2021-11-15 08:11:49,516456,807.4367046356201
3688,2021-11-15 08:11:54,516456,1431.3137531280518
3689,2021-11-15 08:11:55,516456,832.3206901550293
3690,2021-11-15 09:11:13,516456,852.750301361084
3691,2021-11-15 09:11:29,516456,821.3315010070801
3692,2021-11-15 09:11:31,516456,780.8115482330322
3693,2021-11-15 09:11:53,516456,794.4591045379639
3694,2021-11-15 09:11:55,516456,819.9286460876465
3695,2021-11-15 09:11:55,516456,831.8655490875244
3696,2021-11-15 08:11:26,516458,823.2519626617432
3697,2021-11-15 08:11:54,516458,822.2541809082031
3698,2021-11-15 09:11:03,516458,793.1668758392334
3699,2021-11-15 09:11:09,516458,794.6560382843018
3700,2021-11-15 09:11:12,516458,788.4223461151123
3701,2021-11-15 09:11:13,516458,845.4837799072266
3702,2021-11-15 10:11:29,516458,824.17893409729
3703,2021-11-15 10:11:48,516458,825.0396251678467
3704,2021-11-15 11:11:18,516458,800.4705905914307
3705,2021-11-15 11:11:35,516458,1451.4710903167725
3706,2021-11-15 11:11:28,516459,882.2834491729736
3707,2021-11-15 11:11:54,516459,751.600980758667
3708,2021-11-15 11:11:56,516459,835.0515365600586
3709,2021-11-15 12:11:07,516459,798.7208366394043
3710,2021-11-15 12:11:17,516459,789.9818420410156
3711,2021-11-15 01:11:14,516460,808.7971210479736
3712,2021-11-15 01:11:35,516460,862.2548580169678
3713,2021-11-15 01:11:43,516460,781.5873622894287
3714,2021-11-15 02:11:27,516460,874.9513626098633
3715,2021-11-15 02:11:45,516460,826.3745307922363
3716,2021-11-15 12:11:14,516460,859.6391677856445
3717,2021-11-15 12:11:21,516460,833.399772644043
3718,2021-11-15 01:11:10,516461,845.8106517791748
3719,2021-11-15 01:11:14,516461,854.8984527587891
3720,2021-11-15 01:11:14,516461,821.6321468353271
3721,2021-11-15 02:11:29,516461,816.4572715759277
3722,2021-11-15 02:11:40,516461,859.8589897155762
3723,2021-11-15 02:11:44,516461,1437.166452407837
3724,2021-11-15 03:11:05,516461,818.1512355804443
3725,2021-11-15 03:11:29,516461,814.0914440155029
3726,2021-11-15 02:11:36,516462,825.3350257873535
3727,2021-11-15 02:11:43,516462,808.9702129364014
3728,2021-11-15 03:11:21,516462,772.2413539886475
3729,2021-11-15 03:11:45,516462,824.8867988586426
3730,2021-11-15 03:11:57,516462,834.805965423584
3731,2021-11-15 03:11:58,516462,851.8965244293213
3732,2021-11-15 03:11:59,516462,865.9508228302002
3733,2021-11-15 03:11:59,516462,798.1863021850586
3734,2021-11-15 04:11:01,516462,805.0894737243652
3735,2021-11-15 04:11:08,516462,769.3147659301758
3736,2021-11-15 04:11:20,516462,805.0305843353271
3737,2021-11-15 04:11:22,516462,844.0523147583008
3738,2021-11-15 04:11:35,516462,821.2857246398926
3739,2021-11-15 04:11:48,516462,791.0346984863281
3740,2021-11-15 03:11:48,516463,828.3936977386475
3741,2021-11-15 05:11:34,516463,936.969518661499
3742,2021-11-15 05:11:43,516463,865.5693531036377
3743,2021-11-15 06:11:05,516463,923.1126308441162
3744,2021-11-15 04:11:37,516464,1357.8171730041504
3745,2021-11-15 05:11:15,516464,850.6119251251221
3746,2021-11-15 06:11:08,516464,889.4863128662109
3747,2021-11-15 07:11:34,516464,826.6947269439697
3748,2021-11-15 05:11:03,516466,806.2777519226074
3749,2021-11-15 06:11:25,516466,849.229097366333
3750,2021-11-15 07:11:34,516467,834.4123363494873
3751,2021-11-15 07:11:51,516467,848.9663600921631
3752,2021-11-15 08:11:11,516467,830.7855129241943
3753,2021-11-15 08:11:46,516467,808.6984157562256
3754,2021-11-15 07:11:08,516468,809.3338012695312
3755,2021-11-15 09:11:46,516468,875.0596046447754
3756,2021-11-15 07:11:05,516469,813.9474391937256
3757,2021-11-15 08:11:19,516469,858.7477207183838
3758,2021-11-15 09:11:00,516469,830.4629325866699
3759,2021-11-15 09:11:34,516469,826.6010284423828
3760,2021-11-15 09:11:59,516472,874.488353729248
3761,2021-11-15 10:11:02,516472,876.5039443969727
3762,2021-11-16 04:11:31,516480,822.5500583648682
3763,2021-11-16 05:11:08,516480,800.6851673126221
3764,2021-11-16 07:11:50,516480,842.3211574554443
3765,2021-11-16 07:11:59,516480,873.0483055114746
3766,2021-11-16 08:11:17,516480,838.8862609863281
3767,2021-11-16 08:11:36,516480,893.9008712768555
3768,2021-11-17 11:11:47,516480,930.6135177612305
3769,2021-11-16 08:11:29,516481,805.2945137023926
3770,2021-11-16 08:11:55,516481,792.3316955566406
3771,2021-11-16 09:11:06,516481,802.1888732910156
3772,2021-11-16 09:11:52,516481,831.7902088165283
3773,2021-11-16 09:11:53,516481,783.1785678863525
3774,2021-11-16 10:11:53,516481,783.4687232971191
3775,2021-11-16 01:11:02,516485,812.3407363891602
3776,2021-11-16 01:11:04,516485,769.1996097564697
3777,2021-11-16 01:11:14,516485,761.9082927703857
3778,2021-11-16 01:11:22,516485,786.252498626709
3779,2021-11-16 01:11:23,516485,809.1347217559814
3780,2021-11-16 01:11:28,516485,800.6842136383057
3781,2021-11-16 01:11:35,516485,789.6542549133301
3782,2021-11-16 01:11:47,516485,810.5437755584717
3783,2021-11-16 01:11:50,516485,775.2151489257812
3784,2021-11-16 02:11:00,516485,774.554967880249
3785,2021-11-16 02:11:07,516485,775.6075859069824
3786,2021-11-16 02:11:42,516485,784.2144966125488
3787,2021-11-16 02:11:45,516485,898.6215591430664
3788,2021-11-16 02:11:55,516485,817.8567886352539
3789,2021-11-16 03:11:10,516485,781.5804481506348
3790,2021-11-16 03:11:17,516485,788.144588470459
3791,2021-11-16 03:11:20,516485,850.1875400543213
3792,2021-11-16 03:11:33,516485,842.1659469604492
3793,2021-11-16 03:11:35,516485,832.4463367462158
3794,2021-11-16 03:11:44,516485,758.230447769165
3795,2021-11-16 03:11:56,516485,848.0193614959717
3796,2021-11-16 04:11:22,516485,809.4453811645508
3797,2021-11-16 04:11:24,516485,832.1661949157715
3798,2021-11-16 04:11:39,516485,793.3628559112549
3799,2021-11-16 04:11:42,516485,808.1872463226318
3800,2021-11-16 04:11:47,516485,779.5109748840332
3801,2021-11-16 05:11:04,516485,818.335771560669
3802,2021-11-16 05:11:41,516485,833.9755535125732
3803,2021-11-16 05:11:44,516485,825.5736827850342
3804,2021-11-16 11:11:00,516485,797.736406326294
3805,2021-11-16 11:11:05,516485,807.6715469360352
3806,2021-11-16 12:11:01,516485,790.203332901001
3807,2021-11-16 12:11:05,516485,1366.199254989624
3808,2021-11-16 12:11:07,516485,813.4667873382568
3809,2021-11-16 05:11:29,516487,824.347734451294
3810,2021-11-16 05:11:39,516487,795.5543994903564
3811,2021-11-16 07:11:12,516487,800.2924919128418
3812,2021-11-16 07:11:48,516488,831.4993381500244
3813,2021-11-16 10:11:55,516488,783.606767654419
3814,2021-11-16 09:11:34,516489,823.8968849182129
3815,2021-11-16 10:11:57,516489,977.9176712036133
3816,2021-11-16 11:11:21,516489,770.2898979187012
3817,2021-11-16 11:11:37,516489,790.0881767272949
3818,2021-11-16 10:11:42,516490,832.0274353027344
3819,2021-11-16 11:11:03,516490,786.1368656158447
3820,2021-11-16 11:11:28,516490,771.414041519165
3821,2021-11-16 11:11:42,516490,805.8547973632812
3822,2021-11-17 01:11:34,516490,803.8840293884277
3823,2021-11-17 01:11:39,516490,1371.4704513549805
3824,2021-11-17 01:11:40,516490,807.8498840332031
3825,2021-11-17 12:11:07,516490,806.19215965271
3826,2021-11-17 12:11:16,516490,786.1263751983643
3827,2021-11-17 12:11:57,516490,778.5487174987793
3828,2021-11-17 01:11:29,516493,791.2523746490479
3829,2021-11-17 12:11:16,516493,841.1824703216553
3830,2021-11-17 01:11:04,516494,801.1724948883057
3831,2021-11-17 04:11:43,516494,817.3816204071045
3832,2021-11-17 02:11:48,516495,825.3748416900635
3833,2021-11-17 05:11:43,516497,791.8925285339355
3834,2021-11-17 06:11:01,516497,810.903787612915
3835,2021-11-17 05:11:13,516498,765.5327320098877
3836,2021-11-17 05:11:23,516498,807.0027828216553
3837,2021-11-17 06:11:38,516498,849.3287563323975
3838,2021-11-17 06:11:55,516498,820.4832077026367
3839,2021-11-17 05:11:31,516499,819.2939758300781
3840,2021-11-17 05:11:33,516499,779.1600227355957
3841,2021-11-17 06:11:09,516499,785.0532531738281
3842,2021-11-17 06:11:23,516499,813.8246536254883
3843,2021-11-17 06:11:53,516499,790.3077602386475
3844,2021-11-17 07:11:00,516499,784.2037677764893
3845,2021-11-17 07:11:16,516499,796.0152626037598
3846,2021-11-17 07:11:23,516499,828.0210494995117
3847,2021-11-17 06:11:41,516500,791.5794849395752
3848,2021-11-17 07:11:05,516500,772.6414203643799
3849,2021-11-17 07:11:41,516500,825.2444267272949
3850,2021-11-17 07:11:52,516500,788.4604930877686
3851,2021-11-17 07:11:57,516500,805.9794902801514
3852,2021-11-17 08:11:01,516500,810.4395866394043
3853,2021-11-17 08:11:08,516500,818.4521198272705
3854,2021-11-17 08:11:35,516500,781.482458114624
3855,2021-11-17 09:11:38,516500,780.6885242462158
3856,2021-11-17 01:11:22,516503,790.1365756988525
3857,2021-11-17 01:11:25,516503,817.8215026855469
3858,2021-11-17 01:11:55,516503,837.899923324585
3859,2021-11-17 02:11:04,516503,793.2398319244385
3860,2021-11-17 02:11:09,516503,879.5418739318848
3861,2021-11-17 02:11:13,516503,855.3462028503418
3862,2021-11-17 02:11:15,516503,851.783275604248
3863,2021-11-17 02:11:27,516503,774.1005420684814
3864,2021-11-17 02:11:40,516503,820.8868503570557
3865,2021-11-17 03:11:15,516503,789.1924381256104
3866,2021-11-17 03:11:20,516503,778.36012840271
3867,2021-11-17 03:11:42,516503,784.6901416778564
3868,2021-11-17 03:11:43,516503,784.4514846801758
3869,2021-11-17 04:11:19,516503,802.4692535400391
3870,2021-11-17 05:11:24,516503,793.4918403625488
3871,2021-11-17 06:11:14,516503,765.1815414428711
3872,2021-11-17 06:11:17,516503,1288.16556930542
3873,2021-11-17 06:11:35,516503,777.0426273345947
3874,2021-11-17 07:11:31,516503,824.1610527038574
3875,2021-11-17 07:11:35,516503,815.2124881744385
3876,2021-11-17 07:11:42,516503,793.9174175262451
3877,2021-11-17 08:11:04,516503,806.5531253814697
3878,2021-11-17 08:11:13,516503,862.5218868255615
3879,2021-11-17 09:11:02,516503,791.9881343841553
3880,2021-11-17 09:11:03,516503,884.2406272888184
3881,2021-11-17 09:11:37,516503,795.6125736236572
3882,2021-11-17 09:11:51,516503,1099.6284484863281
3883,2021-11-17 10:11:12,516503,809.3705177307129
3884,2021-11-17 11:11:30,516503,809.4050884246826
3885,2021-11-17 11:11:58,516503,767.1327590942383
3886,2021-11-17 12:11:50,516503,764.7013664245605
3887,2021-11-18 03:11:16,516503,772.0954418182373
3888,2021-11-18 04:11:18,516503,784.337043762207
3889,2021-11-19 09:11:58,516503,767.9667472839355
3890,2021-11-19 10:11:44,516503,803.4031391143799
3891,2021-11-19 10:11:50,516503,769.1051959991455
3892,2021-11-20 02:11:14,516503,795.9954738616943
3893,2021-11-20 03:11:39,516503,792.248010635376
3894,2021-11-20 04:11:56,516503,795.0901985168457
3895,2021-11-20 12:11:56,516503,792.0145988464355
3896,2021-11-18 07:11:26,516507,804.8951625823975
3897,2021-11-19 07:11:07,516507,776.5650749206543
3898,2021-11-19 09:11:17,516509,792.6697731018066
3899,2021-11-19 09:11:27,516509,829.8351764678955
3900,2021-11-19 11:11:20,516509,813.1356239318848
3901,2021-11-19 11:11:25,516509,786.7627143859863
3902,2021-11-19 10:11:00,516510,789.0698909759521
3903,2021-11-19 12:11:06,516510,775.2320766448975
3904,2021-11-19 12:11:20,516510,806.7638874053955
3905,2021-11-19 12:11:30,516510,806.4620494842529
3906,2021-11-18 03:11:50,516511,783.301591873169
3907,2021-11-18 04:11:27,516511,822.0510482788086
3908,2021-11-18 06:11:22,516511,805.0224781036377
3909,2021-11-18 06:11:23,516511,780.1051139831543
3910,2021-11-18 06:11:24,516511,763.5836601257324
3911,2021-11-19 09:11:46,516511,810.5983734130859
3912,2021-11-19 10:11:00,516511,801.6607761383057
3913,2021-11-19 10:11:57,516511,800.9021282196045
3914,2021-11-19 12:11:05,516511,837.2340202331543
3915,2021-11-19 12:11:38,516511,861.8323802947998
3916,2021-11-18 04:11:34,516512,800.5368709564209
3917,2021-11-18 05:11:36,516512,784.7862243652344
3918,2021-11-19 09:11:50,516512,784.0180397033691
3919,2021-11-18 06:11:19,516517,788.1813049316406
3920,2021-11-19 01:11:10,516518,1236.5303039550781
3921,2021-11-19 01:11:16,516518,798.0549335479736
3922,2021-11-19 01:11:32,516518,839.7653102874756
3923,2021-11-19 01:11:37,516518,841.4223194122314
3924,2021-11-19 01:11:38,516518,844.4545269012451
3925,2021-11-19 02:11:33,516518,832.7867984771729
3926,2021-11-19 02:11:43,516518,859.8949909210205
3927,2021-11-19 02:11:56,516518,816.1838054656982
3928,2021-11-19 02:11:59,516518,852.2119522094727
3929,2021-11-19 03:11:12,516518,835.4253768920898
3930,2021-11-19 04:11:09,516518,1347.8398323059082
3931,2021-11-19 04:11:38,516518,822.218656539917
3932,2021-11-19 04:11:44,516518,798.9158630371094
3933,2021-11-19 04:11:56,516518,847.1190929412842
3934,2021-11-19 05:11:05,516518,804.8536777496338
3935,2021-11-19 05:11:20,516518,817.3642158508301
3936,2021-11-19 05:11:22,516518,1426.8896579742432
3937,2021-11-19 05:11:26,516518,825.3462314605713
3938,2021-11-19 07:11:37,516518,809.4813823699951
3939,2021-11-19 08:11:34,516518,832.5436115264893
3940,2021-11-19 08:11:51,516518,828.1974792480469
3941,2021-11-19 09:11:24,516518,806.5378665924072
3942,2021-11-19 09:11:37,516518,829.2109966278076
3943,2021-11-19 10:11:06,516518,806.201696395874
3944,2021-11-19 10:11:09,516518,909.806489944458
3945,2021-11-19 10:11:13,516518,845.839262008667
3946,2021-11-19 10:11:22,516518,809.9122047424316
3947,2021-11-19 10:11:35,516518,796.8554496765137
3948,2021-11-19 10:11:45,516518,811.5460872650146
3949,2021-11-19 10:11:52,516518,812.932014465332
3950,2021-11-19 10:11:52,516518,853.8796901702881
3951,2021-11-19 11:11:09,516518,819.1492557525635
3952,2021-11-19 11:11:13,516518,828.9153575897217
3953,2021-11-19 11:11:16,516518,787.78076171875
3954,2021-11-19 11:11:21,516518,822.59202003479
3955,2021-11-19 01:11:12,516520,801.4483451843262
3956,2021-11-19 01:11:17,516520,820.0147151947021
3957,2021-11-19 01:11:23,516520,846.2727069854736
3958,2021-11-19 01:11:53,516520,814.3415451049805
3959,2021-11-19 02:11:36,516520,828.3376693725586
3960,2021-11-19 02:11:41,516520,850.8620262145996
3961,2021-11-19 02:11:44,516520,835.7839584350586
3962,2021-11-19 02:11:47,516520,851.9856929779053
3963,2021-11-19 02:11:47,516520,825.9742259979248
3964,2021-11-19 02:11:50,516520,805.2489757537842
3965,2021-11-19 03:11:05,516520,815.4017925262451
3966,2021-11-19 03:11:38,516520,894.8893547058105
3967,2021-11-19 03:11:48,516520,814.4900798797607
3968,2021-11-19 03:11:53,516520,811.1152648925781
3969,2021-11-19 04:11:02,516520,808.1068992614746
3970,2021-11-19 04:11:20,516520,806.8709373474121
3971,2021-11-19 04:11:29,516520,833.1191539764404
3972,2021-11-19 04:11:31,516520,833.4355354309082
3973,2021-11-19 04:11:53,516520,828.533411026001
3974,2021-11-19 05:11:02,516520,824.3274688720703
3975,2021-11-19 05:11:35,516520,798.8018989562988
3976,2021-11-19 05:11:49,516520,869.0893650054932
3977,2021-11-19 06:11:18,516520,824.2979049682617
3978,2021-11-19 06:11:25,516520,856.0900688171387
3979,2021-11-19 06:11:26,516520,802.0305633544922
3980,2021-11-19 06:11:49,516520,785.8462333679199
3981,2021-11-19 07:11:08,516520,806.3397407531738
3982,2021-11-19 07:11:35,516520,789.6358966827393
3983,2021-11-19 08:11:24,516520,806.215763092041
3984,2021-11-19 09:11:01,516520,814.5122528076172
3985,2021-11-19 09:11:07,516520,830.4698467254639
3986,2021-11-19 09:11:33,516520,832.8135013580322
3987,2021-11-19 09:11:33,516520,830.601692199707
3988,2021-11-19 09:11:33,516520,807.964563369751
3989,2021-11-19 09:11:57,516520,841.22633934021
3990,2021-11-19 10:11:25,516520,847.0194339752197
3991,2021-11-19 10:11:32,516520,799.6609210968018
3992,2021-11-19 10:11:43,516520,837.146520614624
3993,2021-11-19 10:11:45,516520,820.878267288208
3994,2021-11-19 10:11:49,516520,808.0556392669678
3995,2021-11-19 10:11:54,516520,815.0944709777832
3996,2021-11-19 11:11:19,516520,815.3772354125977
3997,2021-11-19 11:11:19,516520,813.2205009460449
3998,2021-11-19 11:11:39,516520,804.1181564331055
3999,2021-11-19 12:11:03,516520,831.0902118682861
4000,2021-11-19 12:11:19,516520,793.7009334564209
4001,2021-11-19 12:11:19,516520,796.9951629638672
4002,2021-11-19 12:11:23,516520,829.8676013946533
4003,2021-11-19 12:11:24,516520,798.4521389007568
4004,2021-11-19 12:11:30,516520,779.4797420501709
4005,2021-11-19 12:11:56,516520,807.0693016052246
4006,2021-11-20 01:11:00,516520,792.9835319519043
4007,2021-11-20 01:11:03,516520,799.9701499938965
4008,2021-11-20 01:11:39,516520,808.9690208435059
4009,2021-11-20 01:11:47,516520,829.8373222351074
4010,2021-11-20 01:11:58,516520,817.5313472747803
4011,2021-11-20 12:11:04,516520,809.6489906311035
4012,2021-11-20 12:11:30,516520,799.2181777954102
4013,2021-11-20 12:11:46,516520,854.7732830047607
4014,2021-11-20 12:11:56,516520,801.0873794555664
4015,2021-11-19 01:11:17,516521,853.2288074493408
4016,2021-11-19 02:11:01,516521,809.5908164978027
4017,2021-11-19 06:11:04,516521,841.0830497741699
4018,2021-11-19 06:11:26,516521,820.7862377166748
4019,2021-11-19 08:11:07,516521,796.0107326507568
4020,2021-11-19 08:11:20,516521,790.8086776733398
4021,2021-11-19 08:11:56,516521,856.7080497741699
4022,2021-11-19 10:11:07,516521,819.7000026702881
4023,2021-11-19 10:11:40,516521,818.7680244445801
4024,2021-11-19 11:11:37,516521,792.8602695465088
4025,2021-11-19 11:11:48,516521,804.8110008239746
4026,2021-11-20 02:11:06,516521,835.1526260375977
4027,2021-11-20 02:11:16,516521,802.7307987213135
4028,2021-11-20 02:11:18,516521,803.964376449585
4029,2021-11-20 02:11:19,516521,830.5833339691162
4030,2021-11-20 02:11:22,516521,823.9805698394775
4031,2021-11-20 03:11:20,516521,815.3359889984131
4032,2021-11-20 03:11:31,516521,777.6172161102295
4033,2021-11-20 03:11:33,516521,848.6411571502686
4034,2021-11-20 03:11:39,516521,806.8125247955322
4035,2021-11-20 03:11:41,516521,840.792179107666
4036,2021-11-20 04:11:21,516521,833.9896202087402
4037,2021-11-20 04:11:31,516521,805.0796985626221
4038,2021-11-20 04:11:33,516521,798.457145690918
4039,2021-11-20 04:11:46,516521,1050.4920482635498
4040,2021-11-20 05:11:19,516521,812.2818470001221
4041,2021-11-20 05:11:20,516521,790.6641960144043
4042,2021-11-20 05:11:28,516521,788.3806228637695
4043,2021-11-20 05:11:34,516521,846.4467525482178
4044,2021-11-20 05:11:51,516521,806.5571784973145
4045,2021-11-20 06:11:04,516521,810.6236457824707
4046,2021-11-20 06:11:09,516521,810.7659816741943
4047,2021-11-20 06:11:10,516521,811.2502098083496
4048,2021-11-20 06:11:36,516521,793.4436798095703
4049,2021-11-20 06:11:37,516521,854.1910648345947
4050,2021-11-20 06:11:41,516521,788.6316776275635
4051,2021-11-20 06:11:45,516521,805.9418201446533
4052,2021-11-20 06:11:46,516521,844.3138599395752
4053,2021-11-20 06:11:47,516521,809.4339370727539
4054,2021-11-20 07:11:06,516521,797.5165843963623
4055,2021-11-20 07:11:12,516521,822.373628616333
4056,2021-11-20 12:11:11,516521,794.6581840515137
4057,2021-11-20 12:11:22,516521,818.6502456665039
4058,2021-11-20 12:11:58,516521,872.3156452178955
4059,2021-11-20 05:11:14,516523,818.6743259429932
4060,2021-11-20 06:11:44,516523,816.1044120788574
4061,2021-11-20 03:11:05,516525,813.173770904541
4062,2021-11-20 03:11:27,516525,816.265344619751
4063,2021-11-20 03:11:56,516525,817.2581195831299
4064,2021-11-20 05:11:08,516525,1426.1729717254639
4065,2021-11-20 06:11:18,516525,821.1853504180908
4066,2021-11-20 06:11:59,516525,818.7475204467773
4067,2021-11-20 07:11:13,516525,839.8768901824951
4068,2021-11-20 08:11:10,516525,796.241283416748
4069,2021-11-20 08:11:36,516525,794.1229343414307
4070,2021-11-19 10:11:02,516527,819.0441131591797
4071,2021-11-20 01:11:34,516527,838.7706279754639
4072,2021-11-20 01:11:55,516527,784.5778465270996
4073,2021-11-20 06:11:41,516527,829.4119834899902
4074,2021-11-20 07:11:41,516527,802.4449348449707
4075,2021-11-20 08:11:22,516527,786.6296768188477
4076,2021-11-20 08:11:49,516527,1200.3872394561768
4077,2021-11-20 12:11:50,516527,829.2155265808105
4078,2021-11-20 07:11:16,516528,790.8580303192139
4079,2021-11-20 08:11:57,516528,867.7780628204346
4080,2021-11-20 09:11:17,516528,794.0499782562256
4081,2021-11-20 09:11:22,516528,781.5568447113037
4082,2021-11-20 07:11:41,516529,805.7262897491455
4083,2021-11-20 07:11:43,516529,829.6377658843994
4084,2021-11-20 08:11:52,516529,796.1597442626953
4085,2021-11-20 09:11:35,516529,832.2813510894775
4086,2021-11-20 09:11:41,516529,801.4960289001465
4087,2021-11-20 09:11:53,516529,799.0531921386719
4088,2021-11-20 10:11:53,516529,841.3717746734619
4089,2021-11-20 10:11:54,516529,827.279806137085
4090,2021-11-20 08:11:55,516530,826.3237476348877
4091,2021-11-20 09:11:55,516530,866.3735389709473
4092,2021-11-20 02:11:26,516532,814.8787021636963
4093,2021-11-20 03:11:47,516532,803.8716316223145
4094,2021-11-20 08:11:14,516533,1388.4148597717285
4095,2021-11-20 09:11:04,516533,802.2134304046631
4096,2021-11-20 10:11:27,516533,991.2662506103516
4097,2021-11-20 10:11:48,516533,815.2000904083252
4098,2021-11-20 09:11:49,516534,789.1678810119629
4099,2021-11-20 10:11:54,516534,796.4794635772705
4100,2021-11-20 11:11:17,516534,801.5627861022949
4101,2021-11-20 11:11:58,516534,796.4136600494385
4102,2021-11-20 09:11:05,516538,817.4886703491211
4103,2021-11-20 10:11:16,516538,793.076753616333
4104,2021-11-20 11:11:00,516538,801.9089698791504
4105,2021-11-20 11:11:02,516538,814.995527267456
4106,2021-11-20 12:11:03,516538,795.264482498169
4107,2021-11-20 12:11:11,516538,812.8111362457275
4108,2021-11-20 12:11:53,516538,850.3360748291016
4109,2021-11-20 01:11:18,516541,772.2814083099365
4110,2021-11-20 02:11:04,516541,797.9240417480469
4111,2021-11-20 02:11:59,516541,766.6764259338379
4112,2021-11-20 03:11:02,516541,821.6750621795654
4113,2021-11-20 04:11:31,516541,1276.1428356170654
4114,2021-11-20 12:11:42,516541,865.0882244110107
4115,2021-11-20 11:11:53,516547,809.884786605835
4116,2021-11-21 01:11:29,516547,828.0794620513916
4117,2021-11-21 01:11:41,516547,828.6926746368408
4118,2021-11-21 12:11:00,516547,852.1032333374023
4119,2021-11-21 02:11:42,516550,860.388994216919
4120,2021-11-21 04:11:05,516550,845.9563255310059
4121,2021-11-21 05:11:14,516550,847.7151393890381
4122,2021-11-21 05:11:16,516550,832.416296005249
4123,2021-11-21 06:11:09,516550,799.2908954620361
4124,2021-11-21 07:11:52,516550,800.2352714538574
4125,2021-11-21 08:11:18,516550,791.5704250335693
4126,2021-11-21 08:11:21,516550,812.8693103790283
4127,2021-11-21 02:11:28,516551,793.2004928588867
4128,2021-11-21 02:11:38,516551,792.4761772155762
4129,2021-11-21 02:11:53,516551,811.2962245941162
4130,2021-11-21 03:11:46,516551,767.5580978393555
4131,2021-11-21 04:11:30,516551,801.2692928314209
4132,2021-11-21 04:11:48,516551,795.8359718322754
4133,2021-11-21 05:11:03,516551,1405.8823585510254
4134,2021-11-21 05:11:26,516551,800.0352382659912
4135,2021-11-21 10:11:55,516556,803.0993938446045
4136,2021-11-22 01:11:24,516556,791.3358211517334
4137,2021-11-22 01:11:42,516556,861.2289428710938
4138,2021-11-22 01:11:43,516556,808.7244033813477
4139,2021-11-22 02:11:06,516556,798.7127304077148
4140,2021-11-22 02:11:12,516556,868.1795597076416
4141,2021-11-22 02:11:14,516556,1007.4422359466553
4142,2021-11-22 02:11:34,516556,798.6667156219482
4143,2021-11-22 02:11:45,516556,804.9163818359375
4144,2021-11-22 03:11:16,516556,819.1380500793457
4145,2021-11-22 04:11:46,516556,857.5994968414307
4146,2021-11-22 06:11:27,516556,817.8339004516602
4147,2021-11-22 07:11:01,516556,830.8579921722412
4148,2021-11-22 07:11:11,516556,794.9216365814209
4149,2021-11-22 08:11:25,516556,805.753231048584
4150,2021-11-22 08:11:58,516556,811.9523525238037
4151,2021-11-22 09:11:10,516556,806.8051338195801
4152,2021-11-22 10:11:17,516556,799.2558479309082
4153,2021-11-22 10:11:37,516556,797.600269317627
4154,2021-11-22 08:11:21,516557,815.8097267150879
4155,2021-11-22 08:11:56,516557,820.3368186950684
4156,2021-11-22 09:11:55,516557,790.5275821685791
4157,2021-11-22 05:11:30,516558,826.608419418335
4158,2021-11-22 08:11:06,516558,816.0548210144043
4159,2021-11-22 08:11:11,516558,791.2428379058838
4160,2021-11-22 09:11:49,516558,832.9837322235107
4161,2021-11-22 10:11:55,516558,785.9795093536377
4162,2021-11-22 11:11:05,516558,832.9453468322754
4163,2021-11-22 11:11:51,516558,828.8145065307617
4164,2021-11-22 12:11:53,516558,797.4197864532471
4165,2021-11-22 01:11:36,516559,886.3918781280518
4166,2021-11-22 03:11:06,516559,785.1457595825195
4167,2021-11-22 04:11:55,516559,798.9871501922607
4168,2021-11-22 06:11:22,516559,817.6538944244385
4169,2021-11-22 08:11:19,516559,807.5356483459473
4170,2021-11-22 08:11:41,516559,830.0023078918457
4171,2021-11-22 05:11:03,516561,806.8692684173584
4172,2021-11-22 07:11:30,516561,795.9027290344238
4173,2021-11-22 05:11:13,516562,847.4154472351074
4174,2021-11-22 05:11:36,516562,833.6012363433838
4175,2021-11-22 05:11:43,516562,789.3087863922119
4176,2021-11-22 07:11:06,516562,824.9795436859131
4177,2021-11-22 08:11:03,516562,822.9084014892578
4178,2021-11-22 08:11:52,516562,806.035041809082
4179,2021-11-22 09:11:03,516562,822.6122856140137
4180,2021-11-22 09:11:16,516562,814.4996166229248
4181,2021-11-22 07:11:10,516564,848.2117652893066
4182,2021-11-22 07:11:40,516564,819.5843696594238
4183,2021-11-22 09:11:25,516564,848.2873439788818
4184,2021-11-22 10:11:29,516564,821.8333721160889
4185,2021-11-22 11:11:08,516564,825.29616355896
4186,2021-11-23 12:11:48,516564,808.9382648468018
4187,2021-11-22 07:11:24,516565,847.4023342132568
4188,2021-11-22 08:11:55,516565,791.7807102203369
4189,2021-11-22 09:11:20,516565,854.1984558105469
4190,2021-11-22 10:11:19,516565,804.4157028198242
4191,2021-11-22 08:11:20,516567,835.0484371185303
4192,2021-11-22 08:11:32,516567,946.641206741333
4193,2021-11-23 12:11:12,516567,804.5821189880371
4194,2021-11-23 12:11:18,516567,842.7698612213135
4195,2021-11-23 12:11:47,516567,867.422342300415
4196,2021-11-23 12:11:55,516567,835.1449966430664
4197,2021-11-22 07:11:10,516569,803.0581474304199
4198,2021-11-22 08:11:41,516569,818.6695575714111
4199,2021-11-22 09:11:52,516569,821.4356899261475
4200,2021-11-22 10:11:42,516569,843.5120582580566
4201,2021-11-22 11:11:59,516569,828.9213180541992
4202,2021-11-23 12:11:37,516569,814.1772747039795
4203,2021-11-23 12:11:58,516569,805.0627708435059
4204,2021-11-23 12:11:59,516569,864.5987510681152
4205,2021-11-22 11:11:49,516570,841.8755531311035
4206,2021-11-23 12:11:59,516570,816.1580562591553
4207,2021-11-22 11:11:11,516571,855.5014133453369
4208,2021-11-22 11:11:43,516571,832.6289653778076
4209,2021-11-23 01:11:42,516571,786.3624095916748
4210,2021-11-23 01:11:49,516571,799.9045848846436
4211,2021-11-23 02:11:02,516571,822.8845596313477
4212,2021-11-23 02:11:25,516571,803.642749786377
4213,2021-11-23 12:11:05,516571,805.3364753723145
4214,2021-11-23 12:11:36,516571,819.3061351776123
4215,2021-11-22 09:11:24,516572,877.0091533660889
4216,2021-11-22 11:11:28,516572,1525.947093963623
4217,2021-11-23 11:11:37,516572,836.7114067077637
4218,2021-11-23 12:11:43,516572,822.1890926361084
4219,2021-11-23 12:11:59,516572,825.8600234985352
4220,2021-11-23 01:11:08,516573,825.6590366363525
4221,2021-11-23 01:11:56,516573,1308.7162971496582
4222,2021-11-23 02:11:07,516573,873.0456829071045
4223,2021-11-23 02:11:39,516573,860.1219654083252
4224,2021-11-23 01:11:45,516574,979.2916774749756
4225,2021-11-23 03:11:33,516574,798.5572814941406
4226,2021-11-23 01:11:48,516575,861.504316329956
4227,2021-11-23 04:11:20,516575,816.9529438018799
4228,2021-11-23 06:11:04,516575,808.2923889160156
4229,2021-11-23 06:11:08,516575,1388.8983726501465
4230,2021-11-23 02:11:51,516576,809.0460300445557
4231,2021-11-23 05:11:42,516576,778.3854007720947
4232,2021-11-23 05:11:08,516578,802.0734786987305
4233,2021-11-23 05:11:58,516578,828.697681427002
4234,2021-11-23 06:11:42,516578,845.9999561309814
4235,2021-11-23 07:11:02,516578,790.1520729064941
4236,2021-11-23 05:11:19,516579,833.698034286499
4237,2021-11-23 06:11:06,516579,808.1691265106201
4238,2021-11-23 06:11:11,516579,788.8290882110596
4239,2021-11-23 06:11:13,516579,836.4076614379883
4240,2021-11-23 06:11:43,516579,843.5955047607422
4241,2021-11-23 07:11:28,516579,812.7214908599854
4242,2021-11-23 07:11:33,516579,783.3518981933594
4243,2021-11-23 07:11:44,516579,815.453290939331
4244,2021-11-23 08:11:11,516579,824.4874477386475
4245,2021-11-23 08:11:13,516579,792.2472953796387
4246,2021-11-23 08:11:28,516579,799.0591526031494
4247,2021-11-23 08:11:57,516579,798.3903884887695
4248,2021-11-23 09:11:16,516579,1178.156852722168
4249,2021-11-23 09:11:23,516579,820.7507133483887
4250,2021-11-23 09:11:35,516579,803.5197257995605
4251,2021-11-23 09:11:35,516582,835.6361389160156
4252,2021-11-23 11:11:04,516582,799.1654872894287
4253,2021-11-23 01:11:23,516583,820.8737373352051
4254,2021-11-23 01:11:57,516583,806.751012802124
4255,2021-11-23 01:11:58,516583,813.6353492736816
4256,2021-11-23 02:11:46,516583,798.6311912536621
4257,2021-11-23 03:11:54,516583,778.1989574432373
4258,2021-11-23 03:11:56,516583,813.8778209686279
4259,2021-11-23 10:11:03,516583,780.5402278900146
4260,2021-11-23 10:11:39,516583,810.7454776763916
4261,2021-11-23 10:11:44,516583,809.398889541626
4262,2021-11-23 10:11:56,516583,816.1728382110596
4263,2021-11-23 11:11:12,516583,805.7208061218262
4264,2021-11-23 11:11:27,516583,861.7582321166992
4265,2021-11-23 11:11:38,516583,804.8639297485352
4266,2021-11-23 12:11:04,516583,803.3156394958496
4267,2021-11-23 12:11:17,516583,774.9500274658203
4268,2021-11-23 12:11:38,516583,852.3681163787842
4269,2021-11-23 12:11:42,516583,806.581974029541
4270,2021-11-23 12:11:46,516583,851.5944480895996
4271,2021-11-23 12:11:55,516583,821.0997581481934
4272,2021-11-23 12:11:57,516583,857.3765754699707
4273,2021-11-23 01:11:41,516585,794.7368621826172
4274,2021-11-23 01:11:48,516585,796.3035106658936
4275,2021-11-23 02:11:40,516585,793.8792705535889
4276,2021-11-23 03:11:09,516585,805.9952259063721
4277,2021-11-23 02:11:24,516586,798.5467910766602
4278,2021-11-23 02:11:45,516586,819.9722766876221
4279,2021-11-23 03:11:40,516586,813.9779567718506
4280,2021-11-23 04:11:48,516586,818.1781768798828
4281,2021-11-23 04:11:36,516588,837.8567695617676
4282,2021-11-23 04:11:02,516589,765.1026248931885
4283,2021-11-23 06:11:31,516589,762.8233432769775
4284,2021-11-23 06:11:51,516590,795.569896697998
4285,2021-11-23 07:11:42,516590,817.3847198486328
4286,2021-11-23 08:11:11,516592,804.011344909668
4287,2021-11-23 11:11:17,516592,1401.9408226013184
4288,2021-11-23 07:11:52,516593,838.294267654419
4289,2021-11-23 08:11:58,516593,800.6298542022705
4290,2021-11-23 09:11:00,516593,804.2266368865967
4291,2021-11-23 09:11:58,516593,882.732629776001
4292,2021-11-23 10:11:40,516593,826.8959522247314
4293,2021-11-23 10:11:54,516593,834.2700004577637
4294,2021-11-23 11:11:29,516593,800.5993366241455
4295,2021-11-24 12:11:06,516593,779.2530059814453
4296,2021-11-24 12:11:33,516593,861.7491722106934
4297,2021-11-23 09:11:20,516594,840.6531810760498
4298,2021-11-23 10:11:14,516594,833.8048458099365
4299,2021-11-24 01:11:04,516594,811.3677501678467
4300,2021-11-24 01:11:08,516594,801.7563819885254
4301,2021-11-24 12:11:17,516594,1356.114149093628
4302,2021-11-24 12:11:24,516594,820.8837509155273
4303,2021-11-23 11:11:41,516596,813.7657642364502
4304,2021-11-24 12:11:35,516596,799.2129325866699
4305,2021-11-23 11:11:21,516598,813.5604858398438
4306,2021-11-24 12:11:10,516598,801.7449378967285
4307,2021-11-24 02:11:37,516604,800.482988357544
4308,2021-11-24 03:11:59,516604,837.9127979278564
4309,2021-11-24 05:11:34,516605,1429.3835163116455
4310,2021-11-24 05:11:49,516605,1383.2447528839111
4311,2021-11-24 06:11:07,516605,840.6603336334229
4312,2021-11-24 06:11:25,516605,789.5982265472412
4313,2021-11-24 06:11:35,516605,772.8028297424316
4314,2021-11-24 07:11:01,516605,805.452823638916
4315,2021-11-24 07:11:29,516605,800.201416015625
4316,2021-11-24 07:11:34,516605,823.8980770111084
4317,2021-11-24 07:11:36,516605,782.252311706543
4318,2021-11-24 08:11:32,516605,805.3379058837891
4319,2021-11-24 08:11:51,516605,763.0853652954102
4320,2021-11-24 09:11:15,516605,900.0077247619629
4321,2021-11-24 06:11:55,516606,829.016923904419
4322,2021-11-24 06:11:59,516606,808.1996440887451
4323,2021-11-24 07:11:46,516606,805.9098720550537
4324,2021-11-24 07:11:57,516606,822.4279880523682
4325,2021-11-24 08:11:09,516606,844.3315029144287
4326,2021-11-24 08:11:24,516606,789.2510890960693
4327,2021-11-24 08:11:57,516606,793.3101654052734
4328,2021-11-24 09:11:19,516606,791.032075881958
4329,2021-11-24 09:11:24,516606,803.7810325622559
4330,2021-11-24 08:11:16,516608,821.6912746429443
4331,2021-11-24 09:11:58,516608,808.499813079834
4332,2021-11-24 01:11:26,516609,824.6066570281982
4333,2021-11-24 01:11:41,516609,829.7128677368164
4334,2021-11-24 01:11:49,516609,821.7563629150391
4335,2021-11-24 02:11:16,516609,826.890230178833
4336,2021-11-24 02:11:31,516609,851.2105941772461
4337,2021-11-24 02:11:45,516609,787.827730178833
4338,2021-11-24 02:11:48,516609,806.5412044525146
4339,2021-11-24 03:11:10,516609,798.0310916900635
4340,2021-11-24 03:11:25,516609,829.5645713806152
4341,2021-11-24 10:11:58,516609,796.4818477630615
4342,2021-11-24 11:11:14,516609,842.1370983123779
4343,2021-11-24 11:11:17,516609,832.617998123169
4344,2021-11-24 11:11:22,516609,842.7226543426514
4345,2021-11-24 12:11:32,516609,799.6506690979004
4346,2021-11-24 12:11:36,516609,800.0617027282715
4347,2021-11-24 12:11:57,516609,813.7035369873047
4348,2021-11-24 02:11:09,516610,840.3863906860352
4349,2021-11-24 02:11:34,516610,819.5691108703613
4350,2021-11-24 03:11:33,516611,826.2546062469482
4351,2021-11-24 04:11:41,516611,845.3729152679443
4352,2021-11-24 06:11:38,516612,808.6686134338379
4353,2021-11-24 05:11:20,516613,826.7984390258789
4354,2021-11-24 06:11:05,516613,793.8220500946045
4355,2021-11-24 06:11:36,516613,770.7338333129883
4356,2021-11-24 08:11:13,516613,1293.729305267334
4357,2021-11-24 07:11:32,516615,793.3790683746338
4358,2021-11-24 07:11:38,516615,852.5211811065674
4359,2021-11-24 08:11:40,516615,808.7990283966064
4360,2021-11-24 10:11:59,516616,836.540937423706
4361,2021-11-24 11:11:50,516616,814.8579597473145
4362,2021-11-24 09:11:58,516617,801.6314506530762
4363,2021-11-24 10:11:04,516618,843.5142040252686
4364,2021-11-24 10:11:31,516618,823.4326839447021
4365,2021-11-25 12:11:15,516618,802.1242618560791
4366,2021-11-24 11:11:25,516619,796.8015670776367
4367,2021-11-24 11:11:38,516619,775.7568359375
4368,2021-11-25 12:11:10,516619,1428.7776947021484
4369,2021-11-24 11:11:00,516620,786.9076728820801
4370,2021-11-25 01:11:28,516620,796.4081764221191
4371,2021-11-25 12:11:16,516620,769.9830532073975
4372,2021-11-25 12:11:52,516620,815.6983852386475
4373,2021-11-25 02:11:00,516624,805.7479858398438
4374,2021-11-25 05:11:28,516628,825.4959583282471
4375,2021-11-25 01:11:57,516630,813.2939338684082
4376,2021-11-25 02:11:51,516630,853.9440631866455
4377,2021-11-25 07:11:08,516630,835.6871604919434
4378,2021-11-25 08:11:18,516630,801.095724105835
4379,2021-11-25 10:11:35,516630,829.6084403991699
4380,2021-11-25 12:11:29,516630,780.8923721313477
4381,2021-11-25 01:11:06,516632,831.4416408538818
4382,2021-11-25 01:11:09,516632,794.8577404022217
4383,2021-11-25 01:11:40,516632,798.1219291687012
4384,2021-11-25 01:11:40,516632,792.8714752197266
4385,2021-11-25 01:11:44,516632,815.3431415557861
4386,2021-11-25 01:11:48,516632,798.3942031860352
4387,2021-11-25 01:11:58,516632,799.3946075439453
4388,2021-11-25 02:11:03,516632,778.7842750549316
4389,2021-11-25 02:11:08,516632,781.7165851593018
4390,2021-11-25 02:11:47,516632,834.930419921875
4391,2021-11-25 03:11:05,516632,829.5316696166992
4392,2021-11-25 03:11:10,516632,787.4422073364258
4393,2021-11-25 03:11:13,516632,817.3091411590576
4394,2021-11-25 03:11:41,516632,828.4652233123779
4395,2021-11-25 03:11:50,516633,802.2756576538086
4396,2021-11-25 05:11:33,516633,791.9712066650391
4397,2021-11-25 04:11:16,516634,825.463056564331
4398,2021-11-25 04:11:05,516635,840.2383327484131
4399,2021-11-25 06:11:08,516635,803.3967018127441
4400,2021-11-25 08:11:18,516635,791.722297668457
4401,2021-11-25 06:11:46,516638,804.2488098144531
4402,2021-11-25 07:11:20,516638,799.7119426727295
4403,2021-11-25 08:11:35,516638,827.29172706604
4404,2021-11-25 10:11:30,516638,783.428430557251
4405,2021-11-25 10:11:37,516638,775.8288383483887
4406,2021-11-25 11:11:24,516638,764.7404670715332
4407,2021-11-25 08:11:14,516640,827.6991844177246
4408,2021-11-25 10:11:15,516640,830.8649063110352
4409,2021-11-25 09:11:36,516641,817.2323703765869
4410,2021-11-25 11:11:46,516641,793.5380935668945
4411,2021-11-26 02:11:14,516641,775.0403881072998
4412,2021-11-26 12:11:27,516641,812.0145797729492
4413,2021-11-26 12:11:46,516641,784.9459648132324
4414,2021-11-28 07:11:13,516641,782.8030586242676
4415,2021-11-26 01:11:19,516642,781.8470001220703
4416,2021-11-26 02:11:53,516642,805.7518005371094
4417,2021-11-26 03:11:06,516642,845.7164764404297
4418,2021-11-26 05:11:07,516645,786.1764430999756
4419,2021-11-26 06:11:49,516645,829.1709423065186
4420,2021-11-26 07:11:24,516648,837.5005722045898
4421,2021-11-26 08:11:11,516648,828.2754421234131
4422,2021-11-26 08:11:49,516648,826.7202377319336
4423,2021-11-26 08:11:04,516649,810.9028339385986
4424,2021-11-26 09:11:32,516649,819.403886795044
4425,2021-11-26 10:11:22,516651,791.8269634246826
4426,2021-11-26 10:11:54,516651,791.1972999572754
4427,2021-11-26 11:11:55,516651,783.959150314331
4428,2021-11-26 01:11:05,516652,830.9268951416016
4429,2021-11-26 01:11:11,516652,787.6608371734619
4430,2021-11-26 01:11:22,516652,832.2017192840576
4431,2021-11-26 01:11:23,516652,780.2512645721436
4432,2021-11-26 02:11:05,516652,860.3003025054932
4433,2021-11-26 02:11:08,516652,785.2091789245605
4434,2021-11-26 02:11:13,516652,779.9105644226074
4435,2021-11-26 02:11:49,516652,809.2706203460693
4436,2021-11-26 02:11:50,516652,815.0591850280762
4437,2021-11-26 03:11:07,516652,810.5587959289551
4438,2021-11-26 03:11:35,516652,809.4906806945801
4439,2021-11-26 10:11:37,516652,773.3554840087891
4440,2021-11-26 12:11:01,516652,808.7503910064697
4441,2021-11-26 12:11:33,516652,788.7458801269531
4442,2021-11-26 12:11:52,516652,803.2400608062744
4443,2021-11-26 12:11:52,516652,853.8341522216797
4444,2021-11-26 01:11:05,516653,952.3212909698486
4445,2021-11-26 01:11:53,516653,783.282995223999
4446,2021-11-26 02:11:40,516653,792.6785945892334
4447,2021-11-26 03:11:12,516653,792.048454284668
4448,2021-11-26 03:11:17,516653,851.1931896209717
4449,2021-11-26 03:11:52,516653,793.8759326934814
4450,2021-11-26 04:11:25,516654,789.0453338623047
4451,2021-11-26 04:11:26,516654,810.8251094818115
4452,2021-11-26 05:11:25,516654,793.337345123291
4453,2021-11-26 04:11:01,516655,788.7270450592041
4454,2021-11-26 05:11:29,516655,782.4611663818359
4455,2021-11-26 05:11:12,516658,833.1482410430908
4456,2021-11-26 05:11:31,516658,891.9358253479004
4457,2021-11-26 06:11:28,516658,837.0189666748047
4458,2021-11-26 06:11:30,516658,789.9160385131836
4459,2021-11-26 06:11:37,516658,830.1434516906738
4460,2021-11-26 08:11:23,516658,828.341007232666
4461,2021-11-26 08:11:35,516658,853.3680438995361
4462,2021-11-26 11:11:20,516658,842.9911136627197
4463,2021-11-26 11:11:48,516658,781.944751739502
4464,2021-11-26 09:11:55,516663,1038.578987121582
4465,2021-11-27 12:11:40,516663,838.4549617767334
4466,2021-11-26 09:11:58,516664,822.5436210632324
4467,2021-11-26 11:11:46,516664,821.2432861328125
4468,2021-11-27 12:11:34,516664,802.3340702056885
4469,2021-11-27 12:11:39,516664,848.5147953033447
4470,2021-11-26 11:11:59,516666,863.0714416503906
4471,2021-11-27 02:11:36,516666,839.2112255096436
4472,2021-11-27 02:11:40,516669,822.5994110107422
4473,2021-11-27 03:11:12,516669,849.2627143859863
4474,2021-11-27 03:11:00,516670,825.1128196716309
4475,2021-11-27 04:11:11,516671,818.6039924621582
4476,2021-11-27 04:11:15,516671,859.4427108764648
4477,2021-11-27 05:11:25,516671,830.3499221801758
4478,2021-11-27 05:11:55,516671,853.1458377838135
4479,2021-11-27 06:11:53,516671,826.1449337005615
4480,2021-11-28 01:11:09,516676,820.4531669616699
4481,2021-11-28 01:11:15,516676,1137.3605728149414
4482,2021-11-28 03:11:19,516676,799.734354019165
4483,2021-11-28 03:11:57,516676,827.2967338562012
4484,2021-11-28 04:11:52,516676,862.2095584869385
4485,2021-11-28 04:11:53,516676,814.3391609191895
4486,2021-11-29 01:11:38,516682,798.947811126709
4487,2021-11-29 08:11:47,516682,809.1363906860352
4488,2021-11-29 12:11:46,516682,811.4652633666992
4489,2021-11-30 04:11:31,516682,810.9695911407471
4490,2021-11-30 06:11:02,516682,804.0046691894531
4491,2021-11-29 01:11:51,516683,801.2690544128418
4492,2021-11-29 03:11:03,516683,821.3694095611572
4493,2021-11-29 02:11:33,516684,801.8543720245361
4494,2021-11-29 02:11:36,516685,804.772138595581
4495,2021-11-29 04:11:08,516685,814.1398429870605
4496,2021-11-29 04:11:24,516685,807.1792125701904
4497,2021-11-29 04:11:29,516685,841.6163921356201
4498,2021-11-29 04:11:53,516685,821.803092956543
4499,2021-11-29 05:11:26,516685,823.5933780670166
4500,2021-11-29 05:11:52,516685,830.7373523712158
4501,2021-11-29 06:11:10,516685,839.9045467376709
4502,2021-11-29 06:11:15,516685,784.2509746551514
4503,2021-11-29 06:11:16,516685,805.1671981811523
4504,2021-11-29 06:11:21,516685,802.241325378418
4505,2021-11-29 06:11:28,516685,795.2296733856201
4506,2021-11-29 06:11:35,516685,843.7309265136719
4507,2021-11-29 07:11:31,516685,792.1531200408936
4508,2021-11-29 08:11:54,516685,792.3009395599365
4509,2021-11-29 09:11:50,516685,871.4883327484131
4510,2021-11-29 09:11:56,516685,775.0527858734131
4511,2021-11-29 09:11:08,516687,802.1764755249023
4512,2021-11-29 10:11:02,516687,813.2946491241455
4513,2021-11-29 11:11:17,516687,825.6473541259766
4514,2021-11-29 11:11:49,516687,828.2709121704102
4515,2021-11-30 01:11:43,516688,798.9716529846191
4516,2021-11-30 02:11:30,516688,839.5833969116211
4517,2021-11-30 12:11:07,516688,760.6701850891113
4518,2021-11-30 12:11:30,516688,811.1770153045654
4519,2021-11-30 01:11:15,516689,789.6549701690674
4520,2021-11-30 03:11:29,516689,818.8891410827637
4521,2021-11-30 04:11:30,516689,802.8514385223389
4522,2021-11-30 05:11:43,516689,798.4118461608887
4523,2021-11-30 05:11:11,516690,848.3610153198242
4524,2021-11-30 05:11:51,516690,864.8700714111328
4525,2021-11-30 05:11:59,516690,837.3227119445801
4526,2021-11-30 06:11:11,516690,829.1327953338623
4527,2021-11-30 07:11:14,516690,846.6675281524658
4528,2021-11-30 07:11:15,516690,803.6520481109619
4529,2021-11-30 07:11:57,516690,791.2733554840088
4530,2021-11-30 06:11:42,516691,774.6834754943848
4531,2021-11-30 08:11:19,516692,822.1259117126465
4532,2021-11-30 10:11:03,516692,785.1889133453369
4533,2021-11-30 10:11:44,516692,774.573802947998
4534,2021-11-30 11:11:08,516692,812.0090961456299
4535,2021-11-30 11:11:10,516693,798.992395401001
4536,2021-11-30 01:11:04,516697,827.6669979095459
4537,2021-11-30 01:11:04,516697,822.9973316192627
4538,2021-11-30 01:11:33,516697,787.63747215271
4539,2021-11-30 01:11:38,516697,811.0916614532471
4540,2021-11-30 02:11:03,516697,848.2649326324463
4541,2021-11-30 02:11:04,516697,784.9330902099609
4542,2021-11-30 02:11:24,516697,822.4184513092041
4543,2021-11-30 02:11:48,516697,819.2253112792969
4544,2021-11-30 03:11:14,516697,820.1432228088379
4545,2021-11-30 03:11:19,516697,795.6438064575195
4546,2021-11-30 03:11:30,516697,776.9322395324707
4547,2021-11-30 06:11:22,516700,779.3865203857422
4548,2021-11-30 09:11:27,516700,797.99485206604
4549,2021-11-30 10:11:11,516701,799.4110584259033
4550,2021-12-01 01:12:09,516701,844.4182872772217
4551,2021-12-01 06:12:18,516701,797.3718643188477
4552,2021-12-01 07:12:35,516701,778.3973217010498
4553,2021-12-01 01:12:39,516706,818.9091682434082
4554,2021-12-01 02:12:02,516706,790.489912033081
4555,2021-12-01 03:12:45,516706,807.1615695953369
4556,2021-12-01 08:12:04,516706,792.4494743347168
4557,2021-12-01 08:12:10,516706,845.3211784362793
4558,2021-12-01 08:12:43,516706,779.9780368804932
4559,2021-12-01 08:12:55,516706,803.0855655670166
4560,2021-12-01 12:12:38,516706,1187.4942779541016
4561,2021-12-01 02:12:22,516710,851.6860008239746
4562,2021-12-01 03:12:05,516710,809.7183704376221
4563,2021-12-01 03:12:23,516710,814.180850982666
4564,2021-12-01 05:12:03,516710,982.5685024261475
4565,2021-12-01 05:12:46,516710,831.1214447021484
4566,2021-12-01 06:12:51,516710,837.6882076263428
4567,2021-12-01 07:12:44,516710,856.1515808105469
4568,2021-12-01 07:12:57,516710,823.1668472290039
4569,2021-12-01 01:12:50,516713,832.5085639953613
4570,2021-12-01 03:12:19,516713,807.6763153076172
4571,2021-12-01 03:12:25,516713,785.2327823638916
4572,2021-12-01 03:12:47,516713,844.5794582366943
4573,2021-12-01 06:12:10,516713,868.4051036834717
4574,2021-12-01 07:12:01,516713,814.4702911376953
4575,2021-12-01 07:12:34,516713,779.3190479278564
4576,2021-12-01 07:12:59,516713,794.6913242340088
4577,2021-12-01 08:12:27,516713,851.0394096374512
4578,2021-12-01 08:12:34,516713,816.563606262207
4579,2021-12-01 09:12:31,516713,801.0869026184082
4580,2021-12-01 09:12:50,516713,817.406415939331
4581,2021-12-01 09:12:53,516713,794.8331832885742
4582,2021-12-01 10:12:06,516713,808.5572719573975
4583,2021-12-01 11:12:33,516713,809.4148635864258
4584,2021-12-01 11:12:40,516713,801.1808395385742
4585,2021-12-01 12:12:13,516713,807.9550266265869
4586,2021-12-01 12:12:19,516713,783.6172580718994
4587,2021-12-02 04:12:20,516713,785.2098941802979
4588,2021-12-01 07:12:27,516714,815.464973449707
4589,2021-12-01 09:12:53,516714,779.1316509246826
4590,2021-12-01 10:12:03,516714,804.3234348297119
4591,2021-12-01 10:12:21,516714,906.7182540893555
4592,2021-12-01 10:12:26,516714,853.5635471343994
4593,2021-12-01 10:12:45,516714,796.60964012146
4594,2021-12-02 01:12:25,516714,781.4712524414062
4595,2021-12-02 01:12:28,516714,780.1580429077148
4596,2021-12-02 01:12:35,516714,802.2682666778564
4597,2021-12-02 02:12:20,516714,812.3683929443359
4598,2021-12-02 02:12:39,516714,860.3408336639404
4599,2021-12-02 01:12:27,516715,799.1394996643066
4600,2021-12-02 12:12:23,516715,804.7890663146973
4601,2021-12-02 12:12:39,516715,964.2348289489746
4602,2021-12-02 01:12:54,516716,786.1313819885254
4603,2021-12-02 02:12:24,516716,800.3146648406982
4604,2021-12-02 12:12:18,516716,808.6678981781006
4605,2021-12-02 12:12:37,516716,797.598123550415
4606,2021-12-02 01:12:45,516719,795.0763702392578
4607,2021-12-02 01:12:52,516719,841.3655757904053
4608,2021-12-02 02:12:05,516719,1388.9291286468506
4609,2021-12-02 03:12:05,516719,819.5071220397949
4610,2021-12-02 05:12:18,516723,864.781379699707
4611,2021-12-02 07:12:41,516725,824.7354030609131
4612,2021-12-02 08:12:39,516725,830.9342861175537
4613,2021-12-02 09:12:05,516725,833.5211277008057
4614,2021-12-02 01:12:54,516727,830.280065536499
4615,2021-12-02 08:12:26,516727,806.7550659179688
4616,2021-12-02 09:12:13,516727,855.6761741638184
4617,2021-12-02 10:12:40,516727,871.260404586792
4618,2021-12-02 11:12:06,516727,862.4913692474365
4619,2021-12-02 11:12:13,516727,1411.452293395996
4620,2021-12-02 11:12:16,516727,879.8203468322754
4621,2021-12-02 11:12:54,516727,869.3430423736572
4622,2021-12-02 12:12:03,516727,849.0850925445557
4623,2021-12-02 12:12:37,516727,832.3490619659424
4624,2021-12-02 01:12:05,516728,825.535774230957
4625,2021-12-02 01:12:33,516728,859.8630428314209
4626,2021-12-02 01:12:59,516728,856.8811416625977
4627,2021-12-02 02:12:40,516728,840.5163288116455
4628,2021-12-02 02:12:47,516728,808.2454204559326
4629,2021-12-02 03:12:52,516728,792.1981811523438
4630,2021-12-02 11:12:00,516728,810.1091384887695
4631,2021-12-02 12:12:26,516728,796.6480255126953
4632,2021-12-02 12:12:37,516728,831.6960334777832
4633,2021-12-02 12:12:50,516728,826.8969058990479
4634,2021-12-02 12:12:57,516728,829.9679756164551
4635,2021-12-02 03:12:47,516729,825.258731842041
4636,2021-12-02 04:12:41,516729,840.1787281036377
4637,2021-12-02 03:12:39,516731,838.026762008667
4638,2021-12-02 04:12:52,516731,817.3215389251709
4639,2021-12-02 03:12:27,516732,839.210033416748
4640,2021-12-02 05:12:49,516734,839.1880989074707
4641,2021-12-02 05:12:19,516735,826.8194198608398
4642,2021-12-02 06:12:16,516736,817.9926872253418
4643,2021-12-02 08:12:08,516737,824.6273994445801
4644,2021-12-02 08:12:29,516737,824.7339725494385
4645,2021-12-02 10:12:07,516737,790.5709743499756
4646,2021-12-02 10:12:42,516737,835.1244926452637
4647,2021-12-02 08:12:13,516739,880.1720142364502
4648,2021-12-02 08:12:13,516739,840.4772281646729
4649,2021-12-02 08:12:58,516739,902.8053283691406
4650,2021-12-02 10:12:17,516739,798.4614372253418
4651,2021-12-02 11:12:27,516739,811.8846416473389
4652,2021-12-02 11:12:39,516739,822.706937789917
4653,2021-12-03 12:12:14,516739,820.6071853637695
4654,2021-12-02 11:12:27,516740,793.5624122619629
4655,2021-12-03 01:12:07,516740,793.6623096466064
4656,2021-12-03 02:12:19,516742,840.9786224365234
4657,2021-12-03 03:12:04,516742,880.7437419891357
4658,2021-12-03 03:12:12,516742,1409.393310546875
4659,2021-12-03 12:12:38,516742,845.7620143890381
4660,2021-12-03 12:12:41,516742,877.2482872009277
4661,2021-12-03 01:12:12,516743,824.1176605224609
4662,2021-12-03 02:12:35,516749,866.755485534668
4663,2021-12-03 04:12:52,516749,814.1908645629883
4664,2021-12-03 05:12:01,516754,870.2502250671387
4665,2021-12-03 05:12:58,516754,856.837272644043
4666,2021-12-03 06:12:19,516754,830.014705657959
4667,2021-12-03 07:12:09,516754,812.7548694610596
4668,2021-12-03 06:12:41,516755,801.5484809875488
4669,2021-12-03 06:12:56,516755,806.9379329681396
4670,2021-12-03 07:12:16,516755,827.9807567596436
4671,2021-12-03 07:12:16,516756,867.990255355835
4672,2021-12-03 07:12:27,516756,844.6791172027588
4673,2021-12-03 07:12:42,516756,809.7004890441895
4674,2021-12-03 09:12:26,516760,802.4008274078369
4675,2021-12-03 11:12:03,516760,850.2304553985596
4676,2021-12-03 12:12:02,516760,835.5965614318848
4677,2021-12-03 12:12:34,516760,828.2921314239502
4678,2021-12-03 01:12:15,516761,858.1511974334717
4679,2021-12-03 01:12:29,516761,1430.1841259002686
4680,2021-12-03 01:12:32,516761,850.9881496429443
4681,2021-12-03 01:12:39,516761,881.8333148956299
4682,2021-12-03 02:12:41,516761,835.8922004699707
4683,2021-12-03 02:12:53,516761,854.7115325927734
4684,2021-12-03 10:12:41,516761,809.5815181732178
4685,2021-12-03 11:12:26,516761,828.7208080291748
4686,2021-12-03 11:12:50,516761,824.1920471191406
4687,2021-12-03 12:12:10,516761,812.2575283050537
4688,2021-12-03 12:12:31,516761,824.7308731079102
4689,2021-12-03 05:12:17,516763,838.087797164917
4690,2021-12-03 05:12:30,516763,842.6163196563721
4691,2021-12-03 05:12:19,516765,791.3367748260498
4692,2021-12-03 05:12:29,516765,824.897050857544
4693,2021-12-03 07:12:59,516765,790.1170253753662
4694,2021-12-03 07:12:03,516769,788.8503074645996
4695,2021-12-03 08:12:53,516769,767.1670913696289
4696,2021-12-03 11:12:04,516770,805.7756423950195
4697,2021-12-04 01:12:06,516770,823.9591121673584
4698,2021-12-04 01:12:26,516770,837.3417854309082
4699,2021-12-04 01:12:33,516770,796.9353199005127
4700,2021-12-04 12:12:26,516770,827.6855945587158
4701,2021-12-04 12:12:41,516770,798.5541820526123
4702,2021-12-04 12:12:33,516771,889.2509937286377
4703,2021-12-04 12:12:58,516771,795.8130836486816
4704,2021-12-04 12:12:06,516772,817.1560764312744
4705,2021-12-04 01:12:51,516775,1299.130916595459
4706,2021-12-04 02:12:20,516775,769.8934078216553
4707,2021-12-04 01:12:43,516778,829.6785354614258
4708,2021-12-04 01:12:54,516778,835.355281829834
4709,2021-12-04 03:12:32,516778,814.7745132446289
4710,2021-12-04 01:12:00,516779,827.4846076965332
4711,2021-12-04 03:12:53,516779,805.9828281402588
4712,2021-12-04 02:12:27,516780,824.2416381835938
4713,2021-12-04 02:12:34,516780,826.5085220336914
4714,2021-12-04 05:12:00,516781,874.0983009338379
4715,2021-12-04 06:12:01,516781,799.2088794708252
4716,2021-12-04 06:12:07,516781,882.1895122528076
4717,2021-12-04 06:12:56,516781,835.9465599060059
4718,2021-12-04 07:12:49,516781,1072.0303058624268
4719,2021-12-05 03:12:13,516791,815.0055408477783
4720,2021-12-05 04:12:17,516791,807.1637153625488
4721,2021-12-05 06:12:01,516791,828.3243179321289
4722,2021-12-06 04:12:48,516794,787.1801853179932
4723,2021-12-06 06:12:44,516794,814.3577575683594
4724,2021-12-06 05:12:43,516795,827.7957439422607
4725,2021-12-06 11:12:11,516795,837.8641605377197
4726,2021-12-06 05:12:12,516796,832.4573040008545
4727,2021-12-06 06:12:21,516796,816.913366317749
4728,2021-12-06 09:12:18,516796,801.1999130249023
4729,2021-12-06 09:12:31,516796,819.6148872375488
4730,2021-12-06 10:12:33,516796,1019.8166370391846
4731,2021-12-06 03:12:13,516797,812.8106594085693
4732,2021-12-06 03:12:26,516797,848.9687442779541
4733,2021-12-06 04:12:07,516797,810.8806610107422
4734,2021-12-06 04:12:19,516797,817.1319961547852
4735,2021-12-06 04:12:45,516797,825.4520893096924
4736,2021-12-06 05:12:36,516797,827.2790908813477
4737,2021-12-06 05:12:39,516797,822.2887516021729
4738,2021-12-06 04:12:00,516798,809.514045715332
4739,2021-12-06 04:12:02,516798,832.0813179016113
4740,2021-12-06 04:12:14,516798,825.50048828125
4741,2021-12-06 05:12:01,516798,805.7622909545898
4742,2021-12-06 05:12:11,516798,846.3759422302246
4743,2021-12-06 05:12:22,516798,820.2931880950928
4744,2021-12-06 05:12:53,516798,783.2117080688477
4745,2021-12-06 06:12:10,516798,772.261381149292
4746,2021-12-06 06:12:15,516798,818.479061126709
4747,2021-12-06 06:12:16,516798,823.0893611907959
4748,2021-12-06 06:12:34,516798,858.5512638092041
4749,2021-12-06 06:12:43,516798,812.4332427978516
4750,2021-12-06 06:12:44,516798,833.1058025360107
4751,2021-12-06 07:12:02,516798,818.913459777832
4752,2021-12-06 07:12:21,516798,869.1949844360352
4753,2021-12-06 08:12:14,516798,810.4486465454102
4754,2021-12-06 08:12:21,516800,814.6188259124756
4755,2021-12-06 10:12:39,516800,840.4407501220703
4756,2021-12-06 10:12:41,516800,815.2742385864258
4757,2021-12-06 10:12:48,516800,831.4876556396484
4758,2021-12-06 10:12:57,516800,817.8298473358154
4759,2021-12-06 11:12:04,516800,823.22096824646
4760,2021-12-06 11:12:37,516800,860.2933883666992
4761,2021-12-06 11:12:38,516800,841.1073684692383
4762,2021-12-06 11:12:45,516800,952.7413845062256
4763,2021-12-06 11:12:51,516800,843.9912796020508
4764,2021-12-07 12:12:05,516800,899.4312286376953
4765,2021-12-07 12:12:42,516800,811.6662502288818
4766,2021-12-07 01:12:30,516804,784.8083972930908
4767,2021-12-07 01:12:09,516805,808.8819980621338
4768,2021-12-07 02:12:03,516805,839.1118049621582
4769,2021-12-07 02:12:21,516805,829.6971321105957
4770,2021-12-07 12:12:15,516805,826.3452053070068
4771,2021-12-07 12:12:26,516805,831.958532333374
4772,2021-12-07 02:12:11,516806,821.739673614502
4773,2021-12-07 03:12:59,516806,823.0476379394531
4774,2021-12-07 06:12:46,516810,761.4560127258301
4775,2021-12-07 07:12:39,516810,807.0170879364014
4776,2021-12-07 06:12:47,516811,792.3562526702881
4777,2021-12-07 09:12:33,516815,747.8423118591309
4778,2021-12-07 11:12:42,516815,770.719051361084
4779,2021-12-07 10:12:23,516818,818.8965320587158
4780,2021-12-07 11:12:19,516818,767.7030563354492
4781,2021-12-07 11:12:30,516818,776.2160301208496
4782,2021-12-07 12:12:09,516821,826.6232013702393
4783,2021-12-07 02:12:00,516823,834.0070247650146
4784,2021-12-07 03:12:14,516823,790.7474040985107
4785,2021-12-07 03:12:30,516825,789.9658679962158
4786,2021-12-07 04:12:27,516825,798.1529235839844
4787,2021-12-07 05:12:28,516825,804.2933940887451
4788,2021-12-07 05:12:53,516825,834.4399929046631
4789,2021-12-07 05:12:55,516825,821.0883140563965
4790,2021-12-07 08:12:19,516825,775.2532958984375
4791,2021-12-07 08:12:34,516825,778.8715362548828
4792,2021-12-07 08:12:36,516825,781.4476490020752
4793,2021-12-07 08:12:38,516825,815.9403800964355
4794,2021-12-07 08:12:44,516825,827.1822929382324
4795,2021-12-07 09:12:33,516825,759.0944766998291
4796,2021-12-07 09:12:35,516825,786.2076759338379
4797,2021-12-07 10:12:00,516825,803.3502101898193
4798,2021-12-07 10:12:40,516825,766.0415172576904
4799,2021-12-07 10:12:41,516825,780.6522846221924
4800,2021-12-07 10:12:44,516825,757.8403949737549
4801,2021-12-07 10:12:45,516825,757.8926086425781
4802,2021-12-07 10:12:58,516825,824.8434066772461
4803,2021-12-07 10:12:58,516825,851.5269756317139
4804,2021-12-07 11:12:12,516825,792.0489311218262
4805,2021-12-07 11:12:29,516825,802.4320602416992
4806,2021-12-07 11:12:36,516825,767.5108909606934
4807,2021-12-08 12:12:17,516825,827.4025917053223
4808,2021-12-07 11:12:20,516826,803.2841682434082
4809,2021-12-07 11:12:25,516826,828.2039165496826
4810,2021-12-08 12:12:26,516826,766.9975757598877
4811,2021-12-08 12:12:58,516826,773.4055519104004
4812,2021-12-08 01:12:22,516828,793.4839725494385
4813,2021-12-08 03:12:12,516828,807.2924613952637
4814,2021-12-08 05:12:51,516828,890.9873962402344
4815,2021-12-08 05:12:51,516829,826.84326171875
4816,2021-12-08 06:12:40,516829,804.9800395965576
4817,2021-12-08 06:12:03,516830,796.2558269500732
4818,2021-12-08 07:12:16,516830,761.0123157501221
4819,2021-12-08 07:12:20,516830,754.1933059692383
4820,2021-12-08 07:12:32,516830,772.8271484375
4821,2021-12-08 08:12:17,516830,1097.4600315093994
4822,2021-12-08 08:12:51,516830,771.8157768249512
4823,2021-12-08 08:12:54,516830,780.4944515228271
4824,2021-12-08 09:12:20,516830,753.0801296234131
4825,2021-12-08 09:12:22,516830,817.1098232269287
4826,2021-12-08 09:12:31,516830,750.0221729278564
4827,2021-12-08 09:12:35,516830,1219.8617458343506
4828,2021-12-08 10:12:20,516830,804.1496276855469
4829,2021-12-08 11:12:11,516830,834.5944881439209
4830,2021-12-08 11:12:17,516830,802.4094104766846
4831,2021-12-08 09:12:32,516832,820.981502532959
4832,2021-12-08 10:12:44,516832,827.5909423828125
4833,2021-12-08 11:12:32,516832,805.9279918670654
4834,2021-12-08 01:12:27,516833,808.6178302764893
4835,2021-12-08 01:12:47,516833,1049.2024421691895
4836,2021-12-08 02:12:48,516833,837.6874923706055
4837,2021-12-08 02:12:59,516833,812.889814376831
4838,2021-12-08 12:12:12,516833,781.5113067626953
4839,2021-12-08 12:12:28,516833,840.8951759338379
4840,2021-12-08 12:12:32,516833,825.6676197052002
4841,2021-12-08 12:12:35,516833,831.7356109619141
4842,2021-12-08 01:12:37,516834,821.0785388946533
4843,2021-12-08 02:12:30,516834,829.0715217590332
4844,2021-12-08 02:12:33,516834,835.4802131652832
4845,2021-12-08 03:12:40,516834,790.7631397247314
4846,2021-12-08 03:12:41,516834,779.184103012085
4847,2021-12-08 03:12:49,516834,819.2124366760254
4848,2021-12-08 04:12:22,516834,806.9849014282227
4849,2021-12-08 04:12:22,516834,817.786693572998
4850,2021-12-08 02:12:16,516835,769.3006992340088
4851,2021-12-08 03:12:36,516835,794.3177223205566
4852,2021-12-08 04:12:05,516838,782.4752330780029
4853,2021-12-08 04:12:15,516838,770.4193592071533
4854,2021-12-08 05:12:37,516838,763.6654376983643
4855,2021-12-08 05:12:57,516839,764.5008563995361
4856,2021-12-08 06:12:28,516840,793.8568592071533
4857,2021-12-08 06:12:42,516840,854.8116683959961
4858,2021-12-08 06:12:46,516841,758.7985992431641
4859,2021-12-08 06:12:56,516841,791.8970584869385
4860,2021-12-08 08:12:51,516841,812.8652572631836
4861,2021-12-08 08:12:36,516843,843.6408042907715
4862,2021-12-08 09:12:26,516843,811.150074005127
4863,2021-12-08 09:12:10,516844,836.9181156158447
4864,2021-12-08 10:12:04,516846,792.7525043487549
4865,2021-12-08 11:12:00,516849,788.7518405914307
4866,2021-12-08 11:12:30,516849,832.9565525054932
4867,2021-12-09 01:12:33,516849,921.5335845947266
4868,2021-12-09 12:12:45,516849,782.0584774017334
4869,2021-12-09 01:12:24,516851,775.5014896392822
4870,2021-12-09 02:12:38,516851,768.7411308288574
4871,2021-12-09 01:12:05,516854,770.6758975982666
4872,2021-12-09 03:12:01,516856,790.4763221740723
4873,2021-12-09 06:12:49,516859,804.3484687805176
4874,2021-12-09 05:12:48,516860,817.1439170837402
4875,2021-12-09 06:12:41,516860,839.9572372436523
4876,2021-12-09 07:12:42,516860,760.8668804168701
4877,2021-12-09 06:12:23,516861,796.6635227203369
4878,2021-12-09 06:12:43,516861,802.030086517334
4879,2021-12-09 07:12:02,516861,808.342456817627
4880,2021-12-09 07:12:52,516861,789.3922328948975
4881,2021-12-09 08:12:18,516861,758.047342300415
4882,2021-12-09 08:12:35,516861,773.8850116729736
4883,2021-12-09 01:12:26,516864,825.6704807281494
4884,2021-12-09 01:12:53,516864,814.0006065368652
4885,2021-12-09 01:12:53,516864,810.3492259979248
4886,2021-12-09 02:12:23,516864,776.2737274169922
4887,2021-12-09 02:12:38,516864,805.7963848114014
4888,2021-12-09 02:12:58,516864,863.8370037078857
4889,2021-12-09 03:12:11,516864,813.4548664093018
4890,2021-12-09 08:12:51,516864,948.7330913543701
4891,2021-12-09 09:12:41,516864,764.7349834442139
4892,2021-12-09 09:12:42,516864,875.9498596191406
4893,2021-12-09 09:12:47,516864,750.3983974456787
4894,2021-12-09 11:12:41,516864,794.9776649475098
4895,2021-12-09 11:12:46,516864,771.4533805847168
4896,2021-12-09 11:12:49,516864,805.2175045013428
4897,2021-12-09 12:12:09,516864,809.2970848083496
4898,2021-12-09 12:12:22,516864,785.1166725158691
4899,2021-12-09 12:12:35,516864,763.5161876678467
4900,2021-12-09 02:12:05,516865,990.2050495147705
4901,2021-12-09 02:12:48,516865,807.5289726257324
4902,2021-12-09 03:12:04,516865,784.644365310669
4903,2021-12-09 03:12:40,516865,790.7564640045166
4904,2021-12-09 04:12:49,516865,737.5526428222656
4905,2021-12-09 03:12:42,516866,791.7232513427734
4906,2021-12-09 03:12:05,516867,787.0016098022461
4907,2021-12-09 03:12:37,516867,919.3708896636963
4908,2021-12-09 05:12:42,516867,780.4043292999268
4909,2021-12-09 05:12:47,516867,801.5828132629395
4910,2021-12-09 05:12:48,516867,779.3021202087402
4911,2021-12-09 04:12:54,516869,741.1718368530273
4912,2021-12-09 05:12:07,516869,798.8169193267822
4913,2021-12-09 05:12:41,516869,757.9069137573242
4914,2021-12-09 05:12:48,516869,766.6168212890625
4915,2021-12-09 06:12:35,516869,736.4976406097412
4916,2021-12-09 06:12:52,516869,1173.3002662658691
4917,2021-12-09 06:12:03,516871,789.0753746032715
4918,2021-12-09 06:12:03,516871,752.7675628662109
4919,2021-12-09 06:12:34,516871,769.301176071167
4920,2021-12-09 07:12:17,516871,796.6034412384033
4921,2021-12-09 07:12:28,516871,761.826753616333
4922,2021-12-09 07:12:40,516871,799.8645305633545
4923,2021-12-09 06:12:47,516872,759.7067356109619
4924,2021-12-09 11:12:31,516877,772.1922397613525
4925,2021-12-09 11:12:22,516878,764.1830444335938
4926,2021-12-10 12:12:41,516878,804.8563003540039
4927,2021-12-10 02:12:25,516880,787.9223823547363
4928,2021-12-10 01:12:24,516883,761.7988586425781
4929,2021-12-10 05:12:14,516883,738.0578517913818
4930,2021-12-10 05:12:18,516883,782.996654510498
4931,2021-12-10 05:12:19,516883,775.644063949585
4932,2021-12-10 06:12:03,516883,763.3302211761475
4933,2021-12-10 06:12:41,516883,780.6711196899414
4934,2021-12-10 08:12:06,516883,763.089656829834
4935,2021-12-10 09:12:53,516883,738.2512092590332
4936,2021-12-10 10:12:10,516883,758.7876319885254
4937,2021-12-10 10:12:31,516883,784.9445343017578
4938,2021-12-10 10:12:54,516883,794.9295043945312
4939,2021-12-10 11:12:21,516883,751.1074542999268
4940,2021-12-10 11:12:42,516883,804.502010345459
4941,2021-12-10 12:12:28,516883,779.7896862030029
4942,2021-12-10 01:12:37,516884,736.3989353179932
4943,2021-12-10 01:12:59,516884,799.3590831756592
4944,2021-12-10 02:12:24,516884,816.5228366851807
4945,2021-12-10 11:12:25,516884,818.7429904937744
4946,2021-12-10 01:12:37,516885,759.8710060119629
4947,2021-12-10 01:12:57,516885,793.6925888061523
4948,2021-12-10 02:12:30,516885,768.5337066650391
4949,2021-12-10 03:12:30,516885,780.9798717498779
4950,2021-12-10 02:12:57,516886,773.6237049102783
4951,2021-12-10 03:12:43,516886,803.8914203643799
4952,2021-12-10 02:12:01,516887,820.3785419464111
4953,2021-12-10 03:12:52,516887,814.5601749420166
4954,2021-12-10 04:12:25,516887,810.706377029419
4955,2021-12-10 03:12:21,516888,762.636661529541
4956,2021-12-10 03:12:51,516888,813.1475448608398
4957,2021-12-10 04:12:26,516888,759.3536376953125
4958,2021-12-10 06:12:42,516892,852.4651527404785
4959,2021-12-10 06:12:51,516892,811.2766742706299
4960,2021-12-10 07:12:11,516892,845.7040786743164
4961,2021-12-10 08:12:24,516892,799.0684509277344
4962,2021-12-10 08:12:42,516892,798.5053062438965
4963,2021-12-10 08:12:50,516892,776.8130302429199
4964,2021-12-10 08:12:59,516892,784.858226776123
4965,2021-12-10 08:12:01,516893,803.6212921142578
4966,2021-12-10 08:12:44,516893,757.878303527832
4967,2021-12-10 09:12:31,516893,768.8770294189453
4968,2021-12-10 10:12:04,516893,758.1467628479004
4969,2021-12-10 11:12:14,516893,764.6224498748779
4970,2021-12-10 11:12:32,516893,749.4874000549316
4971,2021-12-10 11:12:47,516893,861.3176345825195
4972,2021-12-10 11:12:59,516893,839.5733833312988
4973,2021-12-11 12:12:27,516893,749.7169971466064
4974,2021-12-11 12:12:32,516893,1327.2876739501953
4975,2021-12-10 08:12:42,516894,799.5977401733398
4976,2021-12-10 09:12:20,516894,753.3230781555176
4977,2021-12-10 08:12:36,516895,779.1752815246582
4978,2021-12-10 08:12:45,516895,779.6647548675537
4979,2021-12-10 09:12:52,516895,825.8862495422363
4980,2021-12-10 10:12:50,516895,771.4309692382812
4981,2021-12-10 09:12:18,516896,803.8699626922607
4982,2021-12-10 09:12:23,516896,842.1163558959961
4983,2021-12-10 10:12:06,516896,808.551549911499
4984,2021-12-10 10:12:35,516896,780.1723480224609
4985,2021-12-10 11:12:41,516896,812.889814376831
4986,2021-12-10 11:12:56,516896,822.8836059570312
4987,2021-12-10 10:12:10,516897,1348.949909210205
4988,2021-12-10 11:12:29,516897,776.1228084564209
4989,2021-12-10 11:12:12,516898,787.8408432006836
4990,2021-12-10 11:12:58,516898,789.55078125
4991,2021-12-11 12:12:57,516898,790.4031276702881
4992,2021-12-11 01:12:53,516900,788.0935668945312
4993,2021-12-11 12:12:25,516900,800.7667064666748
4994,2021-12-11 12:12:26,516900,783.2620143890381
4995,2021-12-11 02:12:16,516901,942.2578811645508
4996,2021-12-11 03:12:29,516901,834.8212242126465
4997,2021-12-11 12:12:02,516901,778.9816856384277
4998,2021-12-11 03:12:51,516902,804.523229598999
4999,2021-12-11 05:12:42,516902,775.6233215332031
5000,2021-12-11 11:12:51,516909,827.6300430297852
5001,2021-12-11 12:12:28,516909,807.1115016937256
5002,2021-12-12 01:12:26,516909,788.7876033782959
5003,2021-12-12 01:12:50,516909,810.7748031616211
5004,2021-12-12 11:12:33,516909,789.9394035339355
5005,2021-12-12 12:12:56,516909,776.9594192504883
5006,2021-12-12 04:12:19,516910,779.6578407287598
5007,2021-12-12 05:12:50,516910,795.5036163330078
5008,2021-12-12 06:12:25,516910,780.6155681610107
5009,2021-12-12 06:12:38,516910,760.7722282409668
5010,2021-12-12 05:12:09,516911,805.7901859283447
5011,2021-12-12 06:12:10,516911,825.5007266998291
5012,2021-12-12 01:12:57,516912,834.0585231781006
5013,2021-12-12 02:12:04,516912,802.4840354919434
5014,2021-12-12 02:12:05,516912,810.2309703826904
5015,2021-12-12 12:12:45,516912,766.8600082397461
5016,2021-12-13 04:12:08,516914,831.1772346496582
5017,2021-12-13 06:12:08,516915,1371.0005283355713
5018,2021-12-13 06:12:39,516915,832.2131633758545
5019,2021-12-13 06:12:51,516915,815.1528835296631
5020,2021-12-13 06:12:54,516915,822.1719264984131
5021,2021-12-13 07:12:05,516915,760.1304054260254
5022,2021-12-13 07:12:26,516915,1353.4901142120361
5023,2021-12-13 07:12:45,516915,822.1855163574219
5024,2021-12-13 08:12:08,516915,772.3069190979004
5025,2021-12-13 08:12:14,516915,749.1309642791748
5026,2021-12-13 08:12:42,516915,786.6339683532715
5027,2021-12-13 01:12:12,516916,789.5965576171875
5028,2021-12-13 01:12:26,516916,817.2488212585449
5029,2021-12-13 01:12:40,516916,814.0475749969482
5030,2021-12-13 02:12:19,516916,775.615930557251
5031,2021-12-13 02:12:29,516916,850.0063419342041
5032,2021-12-13 02:12:36,516916,781.5418243408203
5033,2021-12-13 02:12:38,516916,791.7571067810059
5034,2021-12-13 07:12:19,516916,839.5237922668457
5035,2021-12-13 08:12:02,516916,794.7216033935547
5036,2021-12-13 09:12:18,516916,797.2261905670166
5037,2021-12-13 09:12:42,516916,845.1845645904541
5038,2021-12-13 09:12:44,516916,727.1733283996582
5039,2021-12-13 10:12:26,516916,848.273515701294
5040,2021-12-13 10:12:33,516916,837.6240730285645
5041,2021-12-13 10:12:48,516916,799.1046905517578
5042,2021-12-13 11:12:40,516916,1378.0584335327148
5043,2021-12-13 11:12:56,516916,836.585283279419
5044,2021-12-13 12:12:02,516916,821.9151496887207
5045,2021-12-13 12:12:28,516916,915.658712387085
5046,2021-12-13 12:12:42,516916,836.6587162017822
5047,2021-12-13 02:12:12,516917,777.3077487945557
5048,2021-12-13 02:12:36,516917,809.9336624145508
5049,2021-12-13 02:12:57,516917,798.8021373748779
5050,2021-12-13 03:12:31,516917,794.5611476898193
5051,2021-12-13 03:12:39,516917,850.6293296813965
5052,2021-12-13 03:12:41,516917,760.8017921447754
5053,2021-12-13 03:12:50,516917,814.8016929626465
5054,2021-12-13 03:12:54,516917,765.4259204864502
5055,2021-12-13 03:12:57,516917,813.4784698486328
5056,2021-12-13 04:12:12,516917,750.3862380981445
5057,2021-12-13 04:12:27,516917,802.2992610931396
5058,2021-12-13 04:12:36,516917,769.6411609649658
5059,2021-12-13 04:12:40,516917,815.887451171875
5060,2021-12-13 05:12:01,516917,795.1810359954834
5061,2021-12-13 05:12:37,516917,825.5999088287354
5062,2021-12-13 05:12:23,516918,771.5945243835449
5063,2021-12-13 05:12:52,516918,796.7483997344971
5064,2021-12-13 08:12:11,516921,807.7423572540283
5065,2021-12-13 09:12:37,516921,856.0338020324707
5066,2021-12-13 08:12:19,516922,810.6372356414795
5067,2021-12-13 08:12:45,516922,774.1234302520752
5068,2021-12-13 09:12:14,516922,783.214807510376
5069,2021-12-13 09:12:50,516922,775.5637168884277
5070,2021-12-13 09:12:55,516922,802.3104667663574
5071,2021-12-13 10:12:14,516924,816.4007663726807
5072,2021-12-13 10:12:21,516924,755.8605670928955
5073,2021-12-13 11:12:06,516924,764.5878791809082
5074,2021-12-13 11:12:18,516924,775.2594947814941
5075,2021-12-13 11:12:22,516925,751.751184463501
5076,2021-12-14 01:12:20,516925,733.6454391479492
5077,2021-12-13 11:12:33,516926,771.395206451416
5078,2021-12-14 12:12:46,516926,757.9388618469238
5079,2021-12-14 01:12:27,516928,809.6621036529541
5080,2021-12-14 02:12:09,516928,786.3578796386719
5081,2021-12-14 05:12:42,516936,828.0847072601318
5082,2021-12-14 05:12:45,516936,827.8491497039795
5083,2021-12-14 06:12:32,516936,745.0892925262451
5084,2021-12-14 07:12:53,516936,806.8878650665283
5085,2021-12-14 06:12:11,516937,776.6711711883545
5086,2021-12-14 07:12:52,516937,819.1320896148682
5087,2021-12-14 01:12:25,516939,802.6547431945801
5088,2021-12-14 01:12:27,516939,764.4932270050049
5089,2021-12-14 01:12:37,516939,800.8801937103271
5090,2021-12-14 01:12:37,516939,814.547061920166
5091,2021-12-14 02:12:14,516939,867.2523498535156
5092,2021-12-14 02:12:16,516939,788.3162498474121
5093,2021-12-14 02:12:26,516939,798.1212139129639
5094,2021-12-14 02:12:39,516939,771.8322277069092
5095,2021-12-14 02:12:47,516939,825.2661228179932
5096,2021-12-14 07:12:16,516939,852.9133796691895
5097,2021-12-14 08:12:49,516939,782.2530269622803
5098,2021-12-14 09:12:44,516939,780.1780700683594
5099,2021-12-14 10:12:54,516939,780.2715301513672
5100,2021-12-14 11:12:35,516939,822.8073120117188
5101,2021-12-14 11:12:39,516939,792.1309471130371
5102,2021-12-14 12:12:21,516939,774.0836143493652
5103,2021-12-14 12:12:33,516939,772.564172744751
5104,2021-12-14 12:12:43,516939,818.4311389923096
5105,2021-12-14 01:12:16,516940,852.1363735198975
5106,2021-12-14 02:12:11,516940,832.0071697235107
5107,2021-12-14 03:12:11,516941,813.7271404266357
5108,2021-12-14 03:12:23,516941,834.627628326416
5109,2021-12-14 03:12:38,516941,805.4289817810059
5110,2021-12-14 04:12:11,516941,835.094690322876
5111,2021-12-14 04:12:56,516941,834.8886966705322
5112,2021-12-14 03:12:34,516942,785.0518226623535
5113,2021-12-14 03:12:52,516942,818.2432651519775
5114,2021-12-14 04:12:01,516942,828.2129764556885
5115,2021-12-14 04:12:08,516942,764.2595767974854
5116,2021-12-14 04:12:32,516942,799.6785640716553
5117,2021-12-14 05:12:26,516942,814.2063617706299
5118,2021-12-14 05:12:26,516942,835.3159427642822
5119,2021-12-14 05:12:36,516942,782.7939987182617
5120,2021-12-14 05:12:52,516942,797.3732948303223
5121,2021-12-14 06:12:21,516942,767.960786819458
5122,2021-12-14 04:12:40,516944,804.1255474090576
5123,2021-12-14 05:12:15,516944,926.3970851898193
5124,2021-12-14 05:12:25,516944,812.9518032073975
5125,2021-12-14 06:12:42,516944,779.8433303833008
5126,2021-12-14 06:12:39,516945,807.9428672790527
5127,2021-12-14 07:12:30,516945,845.3104496002197
5128,2021-12-14 06:12:08,516946,1280.559778213501
5129,2021-12-14 07:12:20,516946,820.2219009399414
5130,2021-12-14 09:12:51,516949,795.6421375274658
5131,2021-12-14 10:12:04,516950,795.0284481048584
5132,2021-12-14 10:12:18,516950,858.2582473754883
5133,2021-12-14 11:12:21,516950,789.2560958862305
5134,2021-12-15 01:12:07,516950,1387.7573013305664
5135,2021-12-15 01:12:52,516950,768.7139511108398
5136,2021-12-15 12:12:22,516950,817.6918029785156
5137,2021-12-14 11:12:17,516951,803.8351535797119
5138,2021-12-15 12:12:02,516951,870.7761764526367
5139,2021-12-15 01:12:09,516954,830.5344581604004
5140,2021-12-15 02:12:07,516954,826.0519504547119
5141,2021-12-15 04:12:35,516955,853.1198501586914
5142,2021-12-15 04:12:57,516955,803.7130832672119
5143,2021-12-15 05:12:12,516955,855.3509712219238
5144,2021-12-15 05:12:21,516955,833.1525325775146
5145,2021-12-15 06:12:36,516955,830.388069152832
5146,2021-12-15 06:12:37,516955,800.7311820983887
5147,2021-12-15 04:12:14,516956,812.3378753662109
5148,2021-12-15 04:12:58,516956,843.6672687530518
5149,2021-12-15 05:12:42,516956,864.0701770782471
5150,2021-12-15 05:12:58,516956,1366.4476871490479
5151,2021-12-15 06:12:57,516956,861.9718551635742
5152,2021-12-15 05:12:11,516957,808.8059425354004
5153,2021-12-15 06:12:09,516957,790.579080581665
5154,2021-12-15 01:12:14,516959,828.1168937683105
5155,2021-12-15 01:12:21,516959,881.0057640075684
5156,2021-12-15 02:12:13,516959,816.6813850402832
5157,2021-12-15 02:12:58,516959,795.5827713012695
5158,2021-12-15 10:12:15,516959,821.8972682952881
5159,2021-12-15 10:12:19,516959,810.1541996002197
5160,2021-12-15 11:12:02,516959,788.4283065795898
5161,2021-12-15 11:12:10,516959,788.468599319458
5162,2021-12-15 11:12:26,516959,873.6374378204346
5163,2021-12-15 11:12:40,516959,810.521125793457
5164,2021-12-15 11:12:45,516959,808.6962699890137
5165,2021-12-15 12:12:01,516959,815.8402442932129
5166,2021-12-15 12:12:05,516959,849.9009609222412
5167,2021-12-15 12:12:14,516959,796.16379737854
5168,2021-12-15 12:12:29,516959,814.6276473999023
5169,2021-12-15 12:12:36,516959,838.2167816162109
5170,2021-12-15 12:12:43,516959,867.7971363067627
5171,2021-12-15 12:12:58,516959,826.4055252075195
5172,2021-12-15 01:12:00,516961,831.8686485290527
5173,2021-12-15 02:12:05,516961,787.3947620391846
5174,2021-12-15 03:12:51,516964,803.0052185058594
5175,2021-12-15 03:12:56,516964,792.8276062011719
5176,2021-12-15 04:12:41,516964,1364.3345832824707
5177,2021-12-15 04:12:41,516964,812.3352527618408
5178,2021-12-15 05:12:05,516964,801.0332584381104
5179,2021-12-15 05:12:06,516964,803.9796352386475
5180,2021-12-15 05:12:43,516964,798.1975078582764
5181,2021-12-15 05:12:53,516964,777.3008346557617
5182,2021-12-15 06:12:50,516964,805.6113719940186
5183,2021-12-15 07:12:47,516964,821.7098712921143
5184,2021-12-15 05:12:21,516965,804.344892501831
5185,2021-12-15 05:12:37,516965,823.7402439117432
5186,2021-12-15 06:12:01,516965,800.0679016113281
5187,2021-12-15 06:12:57,516965,790.6904220581055
5188,2021-12-15 07:12:18,516967,762.5937461853027
5189,2021-12-15 08:12:15,516967,765.5553817749023
5190,2021-12-15 08:12:04,516969,1208.636999130249
5191,2021-12-15 08:12:47,516969,776.0589122772217
5192,2021-12-15 08:12:54,516969,755.9897899627686
5193,2021-12-15 09:12:32,516969,778.8722515106201
5194,2021-12-15 08:12:13,516970,804.2647838592529
5195,2021-12-15 09:12:16,516970,777.2278785705566
5196,2021-12-15 10:12:16,516970,753.1638145446777
5197,2021-12-15 11:12:10,516970,764.340877532959
5198,2021-12-16 12:12:45,516970,791.2304401397705
5199,2021-12-15 10:12:51,516972,779.5214653015137
5200,2021-12-15 11:12:05,516972,759.0572834014893
5201,2021-12-16 02:12:05,516973,784.5454216003418
5202,2021-12-16 02:12:11,516973,841.4223194122314
5203,2021-12-16 02:12:48,516973,815.8044815063477
5204,2021-12-16 12:12:01,516973,780.0962924957275
5205,2021-12-16 04:12:06,516975,790.2710437774658
5206,2021-12-16 04:12:09,516975,863.1727695465088
5207,2021-12-16 05:12:40,516975,803.839921951294
5208,2021-12-16 05:12:49,516975,840.7859802246094
5209,2021-12-16 05:12:58,516975,903.7008285522461
5210,2021-12-16 06:12:55,516975,770.3990936279297
5211,2021-12-16 06:12:35,516976,816.1377906799316
5212,2021-12-16 07:12:10,516976,764.4443511962891
5213,2021-12-16 09:12:19,516976,840.5709266662598
5214,2021-12-16 10:12:02,516976,807.3611259460449
5215,2021-12-16 01:12:06,516978,788.8083457946777
5216,2021-12-16 01:12:10,516978,796.1516380310059
5217,2021-12-16 01:12:30,516978,808.6652755737305
5218,2021-12-16 01:12:40,516978,870.7878589630127
5219,2021-12-16 01:12:44,516978,831.3577175140381
5220,2021-12-16 01:12:48,516978,806.0400485992432
5221,2021-12-16 02:12:50,516978,777.5049209594727
5222,2021-12-16 03:12:03,516978,785.6545448303223
5223,2021-12-16 11:12:34,516978,828.773021697998
5224,2021-12-16 11:12:51,516978,805.4842948913574
5225,2021-12-16 12:12:00,516978,835.4694843292236
5226,2021-12-16 12:12:02,516978,790.2374267578125
5227,2021-12-16 12:12:03,516978,823.6794471740723
5228,2021-12-16 12:12:26,516978,845.4358577728271
5229,2021-12-16 12:12:32,516978,793.3852672576904
5230,2021-12-16 12:12:52,516978,817.5981044769287
5231,2021-12-16 12:12:59,516978,804.7995567321777
5232,2021-12-16 01:12:13,516980,778.5651683807373
5233,2021-12-16 01:12:42,516980,817.8555965423584
5234,2021-12-16 01:12:51,516980,808.9988231658936
5235,2021-12-16 02:12:44,516980,825.6371021270752
5236,2021-12-16 02:12:52,516980,800.4686832427979
5237,2021-12-16 03:12:34,516980,792.7234172821045
5238,2021-12-16 03:12:46,516980,801.3820648193359
5239,2021-12-16 04:12:07,516980,769.6921825408936
5240,2021-12-16 02:12:24,516982,785.6593132019043
5241,2021-12-16 02:12:49,516982,800.7614612579346
5242,2021-12-16 03:12:02,516982,803.8120269775391
5243,2021-12-16 03:12:24,516982,841.4011001586914
5244,2021-12-16 02:12:49,516983,747.7231025695801
5245,2021-12-16 03:12:59,516983,1303.8947582244873
5246,2021-12-16 03:12:58,516984,853.0213832855225
5247,2021-12-16 03:12:41,516985,767.6172256469727
5248,2021-12-16 04:12:39,516985,809.1394901275635
5249,2021-12-16 05:12:29,516986,778.8829803466797
5250,2021-12-16 05:12:17,516987,779.7732353210449
5251,2021-12-16 05:12:22,516987,796.1928844451904
5252,2021-12-16 06:12:04,516987,809.7987174987793
5253,2021-12-16 06:12:17,516987,846.9507694244385
5254,2021-12-16 06:12:35,516987,799.5555400848389
5255,2021-12-16 06:12:38,516987,772.3450660705566
5256,2021-12-16 09:12:56,516994,914.0915870666504
5257,2021-12-16 10:12:48,516994,794.6534156799316
5258,2021-12-16 10:12:12,516996,835.9065055847168
5259,2021-12-16 10:12:25,516996,851.5515327453613
5260,2021-12-16 11:12:44,516996,855.6520938873291
5261,2021-12-16 11:12:21,516998,867.236852645874
5262,2021-12-17 01:12:02,516998,838.1402492523193
5263,2021-12-17 01:12:15,517000,912.9910469055176
5264,2021-12-17 10:12:32,517000,1366.7902946472168
5265,2021-12-17 10:12:46,517000,793.159008026123
5266,2021-12-17 10:12:54,517000,800.2192974090576
5267,2021-12-17 04:12:27,517001,795.7634925842285
5268,2021-12-17 04:12:32,517001,815.6147003173828
5269,2021-12-17 04:12:48,517001,868.4589862823486
5270,2021-12-17 05:12:02,517001,798.9518642425537
5271,2021-12-17 05:12:03,517001,815.6075477600098
5272,2021-12-17 05:12:25,517001,804.5063018798828
5273,2021-12-17 06:12:32,517001,821.2258815765381
5274,2021-12-17 06:12:59,517001,873.3654022216797
5275,2021-12-17 07:12:16,517001,784.7437858581543
5276,2021-12-17 08:12:01,517001,810.5390071868896
5277,2021-12-17 08:12:40,517001,798.0890274047852
5278,2021-12-17 09:12:01,517001,15530.683279037476
5279,2021-12-17 09:12:23,517001,996.091365814209
5280,2021-12-17 09:12:34,517001,816.180944442749
5281,2021-12-17 09:12:35,517001,15309.553861618042
5282,2021-12-17 10:12:01,517001,797.569751739502
5283,2021-12-17 10:12:07,517001,12755.319118499756
5284,2021-12-17 10:12:12,517001,861.485481262207
5285,2021-12-17 10:12:14,517001,12785.05563735962
5286,2021-12-17 10:12:16,517001,11667.811870574951
5287,2021-12-17 10:12:59,517001,13089.36619758606
5288,2021-12-17 11:12:00,517001,12192.071676254272
5289,2021-12-17 11:12:19,517001,793.8230037689209
5290,2021-12-17 11:12:35,517001,12617.011547088623
5291,2021-12-17 11:12:40,517001,813.1535053253174
5292,2021-12-20 02:12:17,517001,12318.636178970337
5293,2021-12-20 02:12:31,517001,12495.042562484741
5294,2021-12-20 02:12:33,517001,11982.537984848022
5295,2021-12-20 02:12:36,517001,12758.057594299316
5296,2021-12-17 11:12:48,517002,845.5066680908203
5297,2021-12-17 12:12:35,517002,801.2125492095947
5298,2021-12-17 01:12:08,517003,783.5912704467773
5299,2021-12-17 11:12:13,517003,822.2863674163818
5300,2021-12-17 01:12:03,517004,808.7778091430664
5301,2021-12-17 01:12:41,517004,778.3544063568115
5302,2021-12-17 12:12:09,517004,854.6826839447021
5303,2021-12-17 12:12:37,517004,833.143949508667
5304,2021-12-17 01:12:28,517005,772.5784778594971
5305,2021-12-17 01:12:32,517005,761.7876529693604
5306,2021-12-17 01:12:58,517005,766.6919231414795
5307,2021-12-17 02:12:03,517005,785.8483791351318
5308,2021-12-17 02:12:34,517005,1389.4391059875488
5309,2021-12-17 12:12:18,517005,779.3259620666504
5310,2021-12-17 02:12:36,517008,800.7516860961914
5311,2021-12-17 02:12:57,517008,900.8758068084717
5312,2021-12-17 03:12:22,517008,826.9109725952148
5313,2021-12-17 03:12:39,517008,860.882043838501
5314,2021-12-17 03:12:21,517009,779.0238857269287
5315,2021-12-17 04:12:44,517009,757.1690082550049
5316,2021-12-17 05:12:28,517011,771.5249061584473
5317,2021-12-17 06:12:40,517011,788.3574962615967
5318,2021-12-17 06:12:10,517012,786.7937088012695
5319,2021-12-17 07:12:14,517012,800.3497123718262
5320,2021-12-17 08:12:19,517012,758.3885192871094
5321,2021-12-17 07:12:40,517013,783.8807106018066
5322,2021-12-17 09:12:58,517013,801.2981414794922
5323,2021-12-17 07:12:21,517014,844.123125076294
5324,2021-12-17 10:12:45,517014,823.5411643981934
5325,2021-12-17 11:12:10,517016,1106.4085960388184
5326,2021-12-18 12:12:57,517016,806.3173294067383
5327,2021-12-17 11:12:32,517017,825.9732723236084
5328,2021-12-18 01:12:07,517017,825.2663612365723
5329,2021-12-18 01:12:43,517017,797.5935935974121
5330,2021-12-18 02:12:36,517017,782.5436592102051
5331,2021-12-18 03:12:08,517017,788.6617183685303
5332,2021-12-18 03:12:51,517017,774.533748626709
5333,2021-12-18 12:12:19,517017,800.1906871795654
5334,2021-12-18 12:12:23,517017,822.9851722717285
5335,2021-12-18 12:12:36,517017,829.8416137695312
5336,2021-12-18 12:12:45,517017,770.3337669372559
5337,2021-12-18 01:12:46,517019,825.1473903656006
5338,2021-12-18 02:12:07,517019,771.841287612915
5339,2021-12-18 02:12:33,517019,812.6189708709717
5340,2021-12-18 02:12:45,517019,767.5471305847168
5341,2021-12-18 03:12:06,517019,800.9204864501953
5342,2021-12-18 03:12:23,517019,767.524003982544
5343,2021-12-18 04:12:20,517019,771.9879150390625
5344,2021-12-18 05:12:33,517019,809.0322017669678
5345,2021-12-18 05:12:35,517019,787.5807285308838
5346,2021-12-18 06:12:41,517023,794.1186428070068
5347,2021-12-18 07:12:20,517023,850.8708477020264
5348,2021-12-18 02:12:50,517025,810.2965354919434
5349,2021-12-18 03:12:08,517025,805.4649829864502
5350,2021-12-18 04:12:20,517025,810.7178211212158
5351,2021-12-18 04:12:23,517025,773.6911773681641
5352,2021-12-18 06:12:22,517025,857.154130935669
5353,2021-12-18 06:12:30,517025,773.7753391265869
5354,2021-12-18 07:12:24,517025,779.3676853179932
5355,2021-12-19 01:12:58,517025,817.8727626800537
5356,2021-12-19 02:12:29,517025,798.6092567443848
5357,2021-12-19 04:12:56,517025,824.0628242492676
5358,2021-12-19 05:12:31,517025,776.881217956543
5359,2021-12-19 06:12:13,517025,795.6130504608154
5360,2021-12-19 06:12:54,517025,789.7281646728516
5361,2021-12-19 04:12:40,517031,998.9736080169678
5362,2021-12-19 05:12:00,517031,796.4107990264893
5363,2021-12-20 04:12:21,517031,748.621940612793
5364,2021-12-20 04:12:41,517031,830.4364681243896
5365,2021-12-20 05:12:04,517031,776.3974666595459
5366,2021-12-20 05:12:05,517031,850.2445220947266
5367,2021-12-20 05:12:51,517031,794.7514057159424
5368,2021-12-20 06:12:16,517031,811.8958473205566
5369,2021-12-20 06:12:21,517031,794.3434715270996
5370,2021-12-20 06:12:57,517031,799.7169494628906
5371,2021-12-20 07:12:53,517031,767.9729461669922
5372,2021-12-20 08:12:55,517031,785.1717472076416
5373,2021-12-20 09:12:20,517031,775.5379676818848
5374,2021-12-20 02:12:03,517033,801.7096519470215
5375,2021-12-20 02:12:20,517033,778.0368328094482
5376,2021-12-20 02:12:41,517033,777.0333290100098
5377,2021-12-20 02:12:55,517033,761.5513801574707
5378,2021-12-20 10:12:29,517033,805.7131767272949
5379,2021-12-20 10:12:56,517033,795.4869270324707
5380,2021-12-20 11:12:06,517033,755.9068202972412
5381,2021-12-20 11:12:30,517033,759.5455646514893
5382,2021-12-20 12:12:04,517033,769.1819667816162
5383,2021-12-20 12:12:16,517033,762.718915939331
5384,2021-12-20 12:12:17,517033,740.1487827301025
5385,2021-12-20 12:12:58,517033,766.4482593536377
5386,2021-12-20 01:12:53,517034,770.7927227020264
5387,2021-12-20 01:12:55,517034,777.7009010314941
5388,2021-12-20 02:12:19,517034,850.0678539276123
5389,2021-12-20 02:12:48,517034,776.42822265625
5390,2021-12-20 02:12:55,517034,792.8507328033447
5391,2021-12-20 02:12:58,517034,775.867223739624
5392,2021-12-20 12:12:14,517034,850.4328727722168
5393,2021-12-20 12:12:45,517034,857.0036888122559
5394,2021-12-20 06:12:59,517035,785.4912281036377
5395,2021-12-20 01:12:14,517036,827.0025253295898
5396,2021-12-20 01:12:23,517036,783.3333015441895
5397,2021-12-20 01:12:28,517036,806.340217590332
5398,2021-12-20 02:12:02,517036,829.9567699432373
5399,2021-12-20 02:12:09,517036,789.3524169921875
5400,2021-12-20 02:12:37,517036,848.3269214630127
5401,2021-12-20 02:12:53,517036,785.4533195495605
5402,2021-12-20 03:12:14,517036,776.3402462005615
5403,2021-12-20 03:12:17,517036,764.7511959075928
5404,2021-12-20 03:12:17,517036,827.6865482330322
5405,2021-12-20 03:12:20,517036,754.8587322235107
5406,2021-12-20 03:12:39,517036,779.2408466339111
5407,2021-12-20 04:12:04,517036,747.4575042724609
5408,2021-12-20 04:12:04,517036,799.9551296234131
5409,2021-12-20 04:12:05,517036,791.2797927856445
5410,2021-12-20 04:12:15,517037,777.7767181396484
5411,2021-12-20 06:12:33,517037,855.1318645477295
5412,2021-12-20 04:12:49,517038,821.8679428100586
5413,2021-12-20 05:12:52,517038,797.9650497436523
5414,2021-12-20 06:12:26,517038,15697.925329208374
5415,2021-12-20 06:12:37,517038,1348.8609790802002
5416,2021-12-20 07:12:37,517038,773.5335826873779
5417,2021-12-20 07:12:46,517038,752.7711391448975
5418,2021-12-20 07:12:56,517038,12338.722705841064
5419,2021-12-20 08:12:01,517038,13012.510061264038
5420,2021-12-20 08:12:54,517038,12730.858564376831
5421,2021-12-20 06:12:38,517040,797.142505645752
5422,2021-12-20 07:12:26,517040,794.4378852844238
5423,2021-12-20 08:12:33,517040,766.0698890686035
5424,2021-12-20 07:12:05,517041,800.8732795715332
5425,2021-12-20 07:12:42,517041,785.0582599639893
5426,2021-12-20 08:12:04,517041,1294.4786548614502
5427,2021-12-20 08:12:18,517041,805.2756786346436
5428,2021-12-20 08:12:23,517042,778.409481048584
5429,2021-12-20 09:12:06,517042,784.3828201293945
5430,2021-12-21 05:12:41,517042,803.6189079284668
5431,2021-12-21 02:12:31,517043,798.0742454528809
5432,2021-12-21 03:12:33,517043,779.407262802124
5433,2021-12-21 03:12:55,517043,824.4037628173828
5434,2021-12-21 04:12:11,517043,844.4147109985352
5435,2021-12-21 05:12:29,517043,840.4190540313721
5436,2021-12-21 05:12:57,517043,836.0140323638916
5437,2021-12-21 06:12:31,517043,811.4840984344482
5438,2021-12-21 07:12:24,517043,792.4444675445557
5439,2021-12-21 07:12:40,517043,1274.975299835205
5440,2021-12-21 08:12:35,517043,813.5769367218018
5441,2021-12-21 12:12:22,517043,786.2842082977295
5442,2021-12-21 12:12:37,517043,821.4709758758545
5443,2021-12-21 01:12:13,517046,886.2719535827637
5444,2021-12-21 09:12:40,517046,836.8897438049316
5445,2021-12-21 10:12:00,517046,793.0269241333008
5446,2021-12-21 10:12:35,517046,769.5937156677246
5447,2021-12-21 12:12:15,517046,838.1261825561523
5448,2021-12-21 01:12:48,517049,767.2803401947021
5449,2021-12-21 12:12:10,517049,783.1559181213379
5450,2021-12-21 12:12:15,517049,779.3281078338623
5451,2021-12-21 01:12:53,517051,820.1112747192383
5452,2021-12-21 02:12:59,517051,819.7355270385742
5453,2021-12-21 03:12:10,517051,805.6910037994385
5454,2021-12-21 03:12:21,517051,816.0309791564941
5455,2021-12-21 04:12:27,517051,745.1200485229492
5456,2021-12-21 05:12:20,517051,1317.4302577972412
5457,2021-12-21 05:12:26,517051,798.3999252319336
5458,2021-12-21 05:12:40,517051,790.1685237884521
5459,2021-12-21 05:12:49,517051,792.0713424682617
5460,2021-12-21 02:12:26,517052,773.463249206543
5461,2021-12-21 03:12:27,517052,768.8841819763184
5462,2021-12-21 03:12:40,517052,848.9971160888672
5463,2021-12-21 03:12:48,517052,782.8946113586426
5464,2021-12-21 03:12:52,517052,788.161039352417
5465,2021-12-21 03:12:02,517053,805.260181427002
5466,2021-12-21 03:12:44,517053,835.8800411224365
5467,2021-12-21 03:12:52,517053,1341.780424118042
5468,2021-12-21 04:12:12,517053,823.9707946777344
5469,2021-12-21 04:12:33,517053,754.8878192901611
5470,2021-12-21 04:12:43,517053,810.9924793243408
5471,2021-12-21 04:12:44,517053,774.43528175354
5472,2021-12-21 05:12:42,517053,798.0828285217285
5473,2021-12-21 05:12:51,517053,785.4413986206055
5474,2021-12-21 05:12:50,517056,796.2806224822998
5475,2021-12-21 05:12:53,517056,797.4653244018555
5476,2021-12-21 06:12:55,517056,799.2784976959229
5477,2021-12-21 05:12:43,517058,847.8107452392578
5478,2021-12-21 05:12:20,517061,784.8660945892334
5479,2021-12-21 05:12:31,517061,787.508487701416
5480,2021-12-21 06:12:26,517061,818.4354305267334
5481,2021-12-21 06:12:47,517061,804.8484325408936
5482,2021-12-21 06:12:49,517061,834.8302841186523
5483,2021-12-21 07:12:05,517061,846.158504486084
5484,2021-12-21 07:12:19,517061,766.6704654693604
5485,2021-12-21 07:12:55,517061,765.5510902404785
5486,2021-12-21 08:12:40,517061,1185.5816841125488
5487,2021-12-21 08:12:41,517061,815.3750896453857
5488,2021-12-21 08:12:07,517063,854.1040420532227
5489,2021-12-21 10:12:54,517063,1238.7139797210693
5490,2021-12-21 09:12:06,517064,828.5043239593506
5491,2021-12-21 09:12:48,517065,807.7774047851562
5492,2021-12-21 09:12:58,517065,812.5548362731934
5493,2021-12-21 10:12:07,517065,813.0228519439697
5494,2021-12-21 10:12:56,517066,777.3323059082031
5495,2021-12-21 10:12:01,517069,770.0419425964355
5496,2021-12-22 01:12:25,517069,773.9579677581787
5497,2021-12-21 10:12:31,517070,800.4164695739746
5498,2021-12-22 01:12:44,517070,851.11403465271
5499,2021-12-22 04:12:24,517074,784.400463104248
5500,2021-12-22 06:12:25,517075,774.9056816101074
5501,2021-12-22 06:12:28,517075,775.3109931945801
5502,2021-12-22 07:12:55,517075,775.3462791442871
5503,2021-12-22 06:12:05,517076,752.7308464050293
5504,2021-12-22 06:12:12,517076,819.2911148071289
5505,2021-12-22 07:12:54,517076,792.0832633972168
5506,2021-12-22 08:12:15,517076,766.4554119110107
5507,2021-12-22 08:12:32,517076,783.9763164520264
5508,2021-12-22 09:12:58,517076,816.4258003234863
5509,2021-12-22 11:12:13,517076,759.7990036010742
5510,2021-12-22 12:12:30,517076,772.3095417022705
5511,2021-12-22 11:12:35,517077,779.2336940765381
5512,2021-12-22 04:12:54,517085,826.6193866729736
5513,2021-12-22 05:12:38,517085,807.0569038391113
5514,2021-12-22 06:12:37,517086,812.8798007965088
5515,2021-12-22 06:12:57,517086,804.7378063201904
5516,2021-12-22 07:12:33,517086,790.8480167388916
5517,2021-12-22 07:12:50,517086,793.7397956848145
5518,2021-12-22 07:12:31,517087,786.2446308135986
5519,2021-12-22 07:12:47,517087,774.2230892181396
5520,2021-12-22 07:12:59,517087,852.583646774292
5521,2021-12-22 08:12:33,517087,776.1435508728027
5522,2021-12-22 08:12:58,517087,788.9449596405029
5523,2021-12-22 09:12:12,517087,783.2603454589844
5524,2021-12-22 09:12:48,517087,775.4151821136475
5525,2021-12-22 08:12:39,517089,821.8891620635986
5526,2021-12-22 08:12:56,517089,808.1591129302979
5527,2021-12-22 09:12:04,517089,794.2991256713867
5528,2021-12-22 09:12:17,517089,857.1524620056152
5529,2021-12-22 09:12:40,517089,843.2862758636475
5530,2021-12-22 09:12:50,517089,802.0820617675781
5531,2021-12-22 10:12:01,517089,834.9149227142334
5532,2021-12-22 10:12:09,517089,784.7921848297119
5533,2021-12-22 10:12:22,517089,833.9333534240723
5534,2021-12-22 10:12:26,517089,844.7973728179932
5535,2021-12-22 10:12:32,517089,794.4319248199463
5536,2021-12-22 10:12:58,517089,807.9564571380615
5537,2021-12-22 11:12:22,517089,776.8926620483398
5538,2021-12-22 11:12:29,517089,766.8044567108154
5539,2021-12-22 11:12:39,517089,762.6795768737793
5540,2021-12-22 11:12:46,517089,760.7104778289795
5541,2021-12-22 11:12:58,517089,789.2236709594727
5542,2021-12-23 12:12:02,517089,766.5543556213379
5543,2021-12-23 12:12:58,517089,771.6984748840332
5544,2021-12-22 11:12:21,517090,807.3320388793945
5545,2021-12-23 01:12:12,517090,885.9348297119141
5546,2021-12-23 02:12:34,517093,967.432975769043
5547,2021-12-23 03:12:00,517093,754.7361850738525
5548,2021-12-23 03:12:29,517093,807.4252605438232
5549,2021-12-23 04:12:20,517093,766.1452293395996
5550,2021-12-23 05:12:29,517093,1348.2918739318848
5551,2021-12-23 05:12:52,517093,799.283504486084
5552,2021-12-23 04:12:33,517095,807.7547550201416
5553,2021-12-23 05:12:32,517095,762.8965377807617
5554,2021-12-23 05:12:41,517099,780.2011966705322
5555,2021-12-23 06:12:05,517099,800.7261753082275
5556,2021-12-23 06:12:07,517099,745.9299564361572
5557,2021-12-23 06:12:37,517099,777.1573066711426
5558,2021-12-23 07:12:01,517099,794.0666675567627
5559,2021-12-23 07:12:30,517099,799.9329566955566
5560,2021-12-23 08:12:03,517099,777.0545482635498
5561,2021-12-23 08:12:04,517099,742.6586151123047
5562,2021-12-23 08:12:01,517100,785.736083984375
5563,2021-12-23 10:12:02,517100,744.9300289154053
5564,2021-12-23 10:12:12,517100,808.1715106964111
5565,2021-12-23 10:12:50,517100,758.5971355438232
5566,2021-12-23 09:12:27,517101,833.7652683258057
5567,2021-12-23 10:12:19,517101,1126.3995170593262
5568,2021-12-23 09:12:16,517102,736.0429763793945
5569,2021-12-23 10:12:50,517102,801.4440536499023
5570,2021-12-23 10:12:04,517103,808.6698055267334
5571,2021-12-23 11:12:47,517103,808.1374168395996
5572,2021-12-23 11:12:50,517103,795.0258255004883
5573,2021-12-23 11:12:38,517104,750.1583099365234
5574,2021-12-23 11:12:45,517104,788.1054878234863
5575,2021-12-23 12:12:17,517104,739.1326427459717
5576,2021-12-23 11:12:30,517105,795.3870296478271
5577,2021-12-23 01:12:24,517106,809.2408180236816
5578,2021-12-23 01:12:26,517106,800.6260395050049
5579,2021-12-23 01:12:49,517106,797.7242469787598
5580,2021-12-23 02:12:06,517106,795.5400943756104
5581,2021-12-23 02:12:20,517106,806.7116737365723
5582,2021-12-23 12:12:03,517106,789.1323566436768
5583,2021-12-23 03:12:00,517108,765.7794952392578
5584,2021-12-23 04:12:54,517108,835.8500003814697
5585,2021-12-23 04:12:33,517111,774.9814987182617
5586,2021-12-23 05:12:12,517111,792.8345203399658
5587,2021-12-23 04:12:18,517112,805.7699203491211
5588,2021-12-23 05:12:15,517112,739.5467758178711
5589,2021-12-23 05:12:45,517112,782.3324203491211
5590,2021-12-23 06:12:03,517112,778.3348560333252
5591,2021-12-23 05:12:14,517113,787.738561630249
5592,2021-12-23 06:12:45,517113,757.7576637268066
5593,2021-12-23 07:12:11,517113,773.6330032348633
5594,2021-12-23 07:12:31,517113,795.7611083984375
5595,2021-12-23 05:12:19,517114,842.9949283599854
5596,2021-12-23 06:12:39,517114,774.4085788726807
5597,2021-12-23 08:12:59,517117,851.6213893890381
5598,2021-12-23 09:12:39,517117,750.3848075866699
5599,2021-12-23 09:12:42,517117,777.7063846588135
5600,2021-12-23 09:12:43,517117,792.9067611694336
5601,2021-12-23 10:12:06,517119,776.477575302124
5602,2021-12-23 10:12:24,517119,774.8277187347412
5603,2021-12-23 10:12:26,517119,786.9257926940918
5604,2021-12-23 11:12:08,517119,795.2654361724854
5605,2021-12-23 11:12:10,517119,785.68434715271
5606,2021-12-24 12:12:04,517119,764.0502452850342
5607,2021-12-24 12:12:23,517119,775.2845287322998
5608,2021-12-24 12:12:25,517119,786.4646911621094
5609,2021-12-24 12:12:28,517119,780.2317142486572
5610,2021-12-24 12:12:43,517119,770.6999778747559
5611,2021-12-24 01:12:55,517122,1377.3386478424072
5612,2021-12-24 03:12:25,517122,754.5647621154785
5613,2021-12-24 03:12:34,517122,799.7963428497314
5614,2021-12-24 04:12:28,517122,770.3402042388916
5615,2021-12-24 04:12:58,517122,790.4372215270996
5616,2021-12-24 05:12:54,517122,767.0493125915527
5617,2021-12-24 03:12:04,517123,775.9125232696533
5618,2021-12-24 03:12:19,517123,786.6253852844238
5619,2021-12-24 04:12:12,517123,788.2311344146729
5620,2021-12-24 04:12:17,517123,791.4900779724121
5621,2021-12-24 04:12:18,517123,791.7931079864502
5622,2021-12-24 04:12:41,517123,761.1644268035889
5623,2021-12-24 05:12:36,517123,799.4787693023682
5624,2021-12-24 05:12:45,517123,751.4858245849609
5625,2021-12-24 05:12:50,517123,791.0454273223877
5626,2021-12-24 06:12:29,517123,794.5351600646973
5627,2021-12-24 06:12:30,517123,802.1810054779053
5628,2021-12-24 06:12:48,517123,791.6862964630127
5629,2021-12-24 07:12:27,517123,762.702465057373
5630,2021-12-24 08:12:53,517126,773.8339900970459
5631,2021-12-24 10:12:22,517127,767.6291465759277
5632,2021-12-24 10:12:39,517127,761.544942855835
5633,2021-12-24 10:12:42,517128,799.2763519287109
5634,2021-12-24 11:12:24,517131,783.9550971984863
5635,2021-12-24 12:12:42,517133,755.5210590362549
5636,2021-12-24 07:12:41,517134,774.0771770477295
5637,2021-12-24 07:12:59,517134,731.8179607391357
5638,2021-12-24 11:12:21,517134,734.5483303070068
5639,2021-12-25 10:12:41,517134,969.9292182922363
5640,2021-12-25 11:12:37,517134,776.3683795928955
5641,2021-12-26 01:12:06,517134,756.934404373169
5642,2021-12-26 04:12:35,517134,814.6355152130127
5643,2021-12-26 05:12:22,517134,746.8769550323486
5644,2021-12-26 12:12:01,517134,806.0932159423828
5645,2021-12-27 04:12:04,517135,754.4207572937012
5646,2021-12-27 05:12:35,517135,773.0746269226074
5647,2021-12-27 08:12:46,517137,802.7701377868652
5648,2021-12-27 09:12:04,517137,868.5550689697266
5649,2021-12-27 09:12:25,517137,750.8945465087891
5650,2021-12-27 09:12:31,517137,817.9571628570557
5651,2021-12-27 10:12:36,517137,812.7720355987549
5652,2021-12-27 11:12:12,517137,762.0105743408203
5653,2021-12-27 01:12:09,517138,824.0864276885986
5654,2021-12-27 01:12:20,517138,756.8027973175049
5655,2021-12-27 01:12:29,517138,777.7550220489502
5656,2021-12-27 01:12:34,517138,788.8107299804688
5657,2021-12-27 01:12:36,517138,746.3736534118652
5658,2021-12-27 02:12:04,517138,755.927562713623
5659,2021-12-27 02:12:07,517138,815.9346580505371
5660,2021-12-27 02:12:27,517138,730.4000854492188
5661,2021-12-27 02:12:29,517138,732.1634292602539
5662,2021-12-27 02:12:31,517138,767.561674118042
5663,2021-12-27 02:12:42,517138,754.4512748718262
5664,2021-12-27 02:12:57,517138,765.6774520874023
5665,2021-12-27 03:12:01,517138,750.2272129058838
5666,2021-12-27 03:12:13,517138,773.6630439758301
5667,2021-12-27 03:12:17,517138,757.3015689849854
5668,2021-12-27 03:12:24,517138,813.0795955657959
5669,2021-12-27 03:12:28,517138,839.7514820098877
5670,2021-12-27 04:12:08,517138,771.8505859375
5671,2021-12-27 04:12:16,517138,736.2079620361328
5672,2021-12-27 04:12:29,517138,739.4890785217285
5673,2021-12-27 05:12:47,517138,1316.6511058807373
5674,2021-12-27 06:12:08,517138,770.5245018005371
5675,2021-12-27 10:12:26,517138,772.6263999938965
5676,2021-12-27 11:12:03,517138,745.7349300384521
5677,2021-12-27 11:12:24,517138,755.8636665344238
5678,2021-12-27 11:12:54,517138,811.7084503173828
5679,2021-12-27 12:12:14,517138,743.5038089752197
5680,2021-12-27 12:12:36,517138,767.5502300262451
5681,2021-12-27 04:12:24,517140,1062.7999305725098
5682,2021-12-27 05:12:14,517140,759.5880031585693
5683,2021-12-27 06:12:15,517140,787.4424457550049
5684,2021-12-27 06:12:31,517140,877.7225017547607
5685,2021-12-27 07:12:09,517144,782.8092575073242
5686,2021-12-27 07:12:27,517144,769.1781520843506
5687,2021-12-27 08:12:09,517144,749.3743896484375
5688,2021-12-27 08:12:23,517144,766.2935256958008
5689,2021-12-27 08:12:47,517144,1362.5502586364746
5690,2021-12-27 08:12:57,517144,757.3060989379883
5691,2021-12-27 07:12:20,517145,774.0967273712158
5692,2021-12-27 09:12:37,517145,817.0342445373535
5693,2021-12-27 11:12:13,517148,770.4508304595947
5694,2021-12-28 01:12:11,517148,790.0288105010986
5695,2021-12-28 04:12:27,517149,769.4430351257324
5696,2021-12-28 06:12:06,517149,763.136625289917
5697,2021-12-28 06:12:25,517149,753.4515857696533
5698,2021-12-28 06:12:50,517149,808.8760375976562
5699,2021-12-28 07:12:49,517149,807.6624870300293
5700,2021-12-28 08:12:40,517149,834.4056606292725
5701,2021-12-28 08:12:42,517149,761.3401412963867
5702,2021-12-28 09:12:42,517149,771.3806629180908
5703,2021-12-28 09:12:43,517149,785.3388786315918
5704,2021-12-28 08:12:30,517150,1381.636381149292
5705,2021-12-28 08:12:49,517150,743.8163757324219
5706,2021-12-28 09:12:56,517150,795.0441837310791
5707,2021-12-28 10:12:15,517150,825.2785205841064
5708,2021-12-28 10:12:19,517150,804.6119213104248
5709,2021-12-28 10:12:24,517150,750.5097389221191
5710,2021-12-28 11:12:29,517150,769.7553634643555
5711,2021-12-28 12:12:35,517150,759.1383457183838
5712,2021-12-28 12:12:38,517150,751.3339519500732
5713,2021-12-28 01:12:05,517151,800.9085655212402
5714,2021-12-28 02:12:04,517151,858.2990169525146
5715,2021-12-28 02:12:30,517151,765.6805515289307
5716,2021-12-28 12:12:16,517151,769.829511642456
5717,2021-12-28 12:12:22,517151,787.3146533966064
5718,2021-12-28 02:12:12,517152,766.9086456298828
5719,2021-12-28 02:12:51,517152,791.6722297668457
5720,2021-12-28 03:12:40,517152,780.4067134857178
5721,2021-12-28 03:12:55,517152,884.7932815551758
5722,2021-12-28 05:12:07,517152,781.8584442138672
5723,2021-12-28 05:12:36,517152,804.1331768035889
5724,2021-12-28 05:12:51,517152,793.3938503265381
5725,2021-12-28 03:12:13,517153,792.6976680755615
5726,2021-12-28 03:12:18,517153,764.5432949066162
5727,2021-12-28 04:12:26,517153,807.6763153076172
5728,2021-12-28 05:12:28,517153,766.4291858673096
5729,2021-12-28 05:12:47,517153,764.657735824585
5730,2021-12-28 05:12:48,517153,781.9211483001709
5731,2021-12-28 05:12:56,517153,756.6580772399902
5732,2021-12-28 08:12:44,517153,780.4274559020996
5733,2021-12-28 09:12:17,517153,764.183759689331
5734,2021-12-28 09:12:17,517153,760.1079940795898
5735,2021-12-28 08:12:13,517155,825.1183032989502
5736,2021-12-28 09:12:04,517155,779.5984745025635
5737,2021-12-28 09:12:15,517155,782.3514938354492
5738,2021-12-28 10:12:13,517155,765.5355930328369
5739,2021-12-28 11:12:24,517157,784.5556735992432
5740,2021-12-29 05:12:08,517158,780.6949615478516
5741,2021-12-29 05:12:38,517158,781.0428142547607
5742,2021-12-29 05:12:39,517158,791.973352432251
5743,2021-12-29 06:12:10,517158,783.8072776794434
5744,2021-12-29 06:12:10,517158,787.9862785339355
5745,2021-12-29 06:12:10,517160,849.5454788208008
5746,2021-12-29 06:12:20,517160,803.3082485198975
5747,2021-12-29 07:12:20,517160,774.5101451873779
5748,2021-12-29 07:12:36,517160,781.109094619751
5749,2021-12-29 09:12:43,517160,781.3167572021484
5750,2021-12-29 10:12:54,517160,782.7949523925781
5751,2021-12-29 12:12:48,517163,778.8829803466797
5752,2021-12-29 01:12:01,517164,789.771556854248
5753,2021-12-29 01:12:21,517164,816.8256282806396
5754,2021-12-29 01:12:40,517164,793.5523986816406
5755,2021-12-29 02:12:36,517164,780.3595066070557
5756,2021-12-29 12:12:07,517164,826.7831802368164
5757,2021-12-29 05:12:46,517165,850.2635955810547
5758,2021-12-29 08:12:20,517166,804.2654991149902
5759,2021-12-29 09:12:35,517166,820.2948570251465
5760,2021-12-29 10:12:51,517166,757.2264671325684
5761,2021-12-30 01:12:15,517167,815.8626556396484
5762,2021-12-30 01:12:49,517167,784.0347290039062
5763,2021-12-30 02:12:02,517167,792.1562194824219
5764,2021-12-30 02:12:54,517167,795.9892749786377
5765,2021-12-30 04:12:34,517167,831.5308094024658
5766,2021-12-30 05:12:23,517167,785.9725952148438
5767,2021-12-30 05:12:35,517167,930.6149482727051
5768,2021-12-30 06:12:32,517167,796.6203689575195
5769,2021-12-30 07:12:38,517167,799.3531227111816
5770,2021-12-30 08:12:05,517167,821.1634159088135
5771,2021-12-30 08:12:59,517167,789.1590595245361
5772,2021-12-30 10:12:22,517167,842.14186668396
5773,2021-12-30 12:12:20,517167,837.6412391662598
5774,2021-12-30 02:12:39,517170,814.7280216217041
5775,2021-12-30 02:12:57,517170,762.481689453125
5776,2021-12-30 03:12:48,517170,768.0342197418213
5777,2021-12-30 03:12:51,517170,1093.2822227478027
5778,2021-12-30 03:12:57,517170,826.9460201263428
5779,2021-12-30 04:12:13,517170,789.2646789550781
5780,2021-12-30 05:12:58,517170,769.3653106689453
5781,2021-12-30 05:12:59,517170,799.7424602508545
5782,2021-12-30 07:12:34,517170,769.7658538818359
5783,2021-12-30 11:12:13,517172,766.1514282226562
5784,2021-12-31 03:12:48,517172,768.8238620758057
5785,2021-12-31 06:12:25,517172,779.5279026031494
5786,2021-12-31 06:12:46,517174,809.06081199646
5787,2021-12-31 06:12:19,517175,818.2265758514404
5788,2021-12-31 07:12:16,517175,787.5475883483887
5789,2021-12-31 10:12:40,517178,768.7885761260986
5790,2021-12-31 04:12:15,517180,773.240327835083
5791,2021-12-31 05:12:37,517180,780.0168991088867
5792,2021-12-31 08:12:54,517180,780.1551818847656
5793,2022-01-01 05:01:00,517180,782.6216220855713
5794,2022-01-01 06:01:45,517180,807.4336051940918
5795,2022-01-01 09:01:00,517180,804.7695159912109
5796,2022-01-01 11:01:02,517180,784.466028213501
5797,2022-01-01 12:01:28,517180,773.2117176055908
5798,2022-01-02 05:01:41,517180,799.7176647186279
5799,2022-01-02 05:01:44,517180,970.3326225280762
5800,2022-01-03 04:01:52,517180,785.804033279419
5801,2022-01-03 05:01:06,517180,808.4797859191895
5802,2022-01-03 06:01:03,517180,750.3221035003662
5803,2022-01-03 06:01:32,517180,826.9822597503662
5804,2022-01-03 08:01:00,517180,841.8464660644531
5805,2022-01-03 09:01:40,517180,756.6239833831787
5806,2022-01-03 09:01:49,517180,812.70432472229
5807,2022-01-03 10:01:07,517180,778.1386375427246
5808,2022-01-03 10:01:19,517180,782.1671962738037
5809,2022-01-03 10:01:33,517180,776.4050960540771
5810,2022-01-03 11:01:15,517180,794.0108776092529
5811,2022-01-03 11:01:31,517180,764.9705410003662
5812,2022-01-03 11:01:34,517180,804.8093318939209
5813,2022-01-03 11:01:59,517180,782.3071479797363
5814,2022-01-03 01:01:08,517182,787.6875400543213
5815,2022-01-03 01:01:26,517182,803.0049800872803
5816,2022-01-03 02:01:21,517182,1303.6541938781738
5817,2022-01-03 02:01:01,517183,729.2945384979248
5818,2022-01-03 02:01:06,517184,780.625581741333
5819,2022-01-03 02:01:15,517184,774.2574214935303
5820,2022-01-03 03:01:37,517184,771.8889713287354
5821,2022-01-03 03:01:35,517185,783.6205959320068
5822,2022-01-04 01:01:17,517196,752.6721954345703
5823,2022-01-04 03:01:13,517196,768.8343524932861
5824,2022-01-04 05:01:02,517196,753.0558109283447
5825,2022-01-04 05:01:39,517196,1225.0514030456543
5826,2022-01-04 06:01:04,517196,800.9071350097656
5827,2022-01-04 06:01:14,517196,776.749849319458
5828,2022-01-04 06:01:24,517196,783.6811542510986
5829,2022-01-04 06:01:42,517196,764.012336730957
5830,2022-01-04 07:01:37,517196,761.2605094909668
5831,2022-01-04 07:01:40,517196,841.9151306152344
5832,2022-01-04 08:01:02,517196,782.642126083374
5833,2022-01-04 08:01:11,517196,780.4620265960693
5834,2022-01-04 08:01:57,517196,822.9212760925293
5835,2022-01-04 10:01:09,517196,1299.536943435669
5836,2022-01-04 10:01:14,517196,769.085168838501
5837,2022-01-04 10:01:17,517196,758.5301399230957
5838,2022-01-04 11:01:11,517196,759.8598003387451
5839,2022-01-04 11:01:12,517196,773.535966873169
5840,2022-01-04 12:01:10,517196,753.2413005828857
5841,2022-01-04 12:01:40,517196,791.1629676818848
5842,2022-01-04 12:01:48,517196,858.736515045166
5843,2022-01-04 12:01:51,517196,770.6341743469238
5844,2022-01-04 12:01:56,517196,780.7238101959229
5845,2022-01-04 01:01:42,517197,752.1553039550781
5846,2022-01-04 02:01:02,517197,803.645133972168
5847,2022-01-04 02:01:12,517197,760.4713439941406
5848,2022-01-04 02:01:24,517197,789.8204326629639
5849,2022-01-04 02:01:37,517197,865.3252124786377
5850,2022-01-04 02:01:46,517197,764.2354965209961
5851,2022-01-04 03:01:08,517197,784.6295833587646
5852,2022-01-04 03:01:20,517197,756.0727596282959
5853,2022-01-04 04:01:54,517197,795.1388359069824
5854,2022-01-04 12:01:02,517197,780.6453704833984
5855,2022-01-04 12:01:25,517197,805.3970336914062
5856,2022-01-04 04:01:11,517198,795.285701751709
5857,2022-01-04 04:01:30,517198,766.5009498596191
5858,2022-01-04 05:01:56,517198,757.530689239502
5859,2022-01-04 04:01:03,517199,816.3042068481445
5860,2022-01-04 06:01:20,517199,807.6860904693604
5861,2022-01-04 05:01:08,517200,768.2313919067383
5862,2022-01-04 06:01:31,517200,787.5912189483643
5863,2022-01-04 05:01:25,517201,788.8782024383545
5864,2022-01-04 06:01:12,517201,738.5127544403076
5865,2022-01-04 07:01:36,517203,748.0130195617676
5866,2022-01-04 07:01:57,517203,830.6684494018555
5867,2022-01-04 08:01:29,517204,756.5567493438721
5868,2022-01-04 08:01:44,517206,775.5486965179443
5869,2022-01-04 10:01:55,517208,791.0401821136475
5870,2022-01-05 12:01:30,517208,742.8359985351562
5871,2022-01-04 11:01:52,517209,776.3025760650635
5872,2022-01-05 12:01:53,517209,797.1837520599365
5873,2022-01-05 12:01:29,517210,770.2226638793945
5874,2022-01-05 12:01:39,517212,768.6467170715332
5875,2022-01-05 06:01:11,517217,748.9867210388184
5876,2022-01-05 06:01:26,517217,749.20654296875
5877,2022-01-05 06:01:35,517217,762.4716758728027
5878,2022-01-05 07:01:25,517217,754.9152374267578
5879,2022-01-05 07:01:38,517217,758.3534717559814
5880,2022-01-05 08:01:19,517217,811.8700981140137
5881,2022-01-05 08:01:56,517217,799.7925281524658
5882,2022-01-05 09:01:04,517217,739.1815185546875
5883,2022-01-05 01:01:01,517218,788.4631156921387
5884,2022-01-05 01:01:03,517218,761.0008716583252
5885,2022-01-05 08:01:11,517218,772.7653980255127
5886,2022-01-05 08:01:45,517218,822.258472442627
5887,2022-01-05 10:01:51,517218,791.1496162414551
5888,2022-01-05 11:01:19,517218,792.7391529083252
5889,2022-01-05 11:01:38,517218,786.189079284668
5890,2022-01-05 11:01:39,517218,831.8545818328857
5891,2022-01-05 11:01:44,517218,773.484468460083
5892,2022-01-05 11:01:54,517218,814.9895668029785
5893,2022-01-05 11:01:58,517218,776.400089263916
5894,2022-01-05 12:01:20,517218,780.3614139556885
5895,2022-01-05 12:01:28,517218,771.4014053344727
5896,2022-01-05 12:01:34,517218,772.4728584289551
5897,2022-01-05 01:01:39,517221,773.6725807189941
5898,2022-01-05 02:01:19,517221,769.3939208984375
5899,2022-01-05 01:01:13,517222,804.3148517608643
5900,2022-01-05 01:01:44,517222,778.4349918365479
5901,2022-01-05 02:01:32,517222,783.4398746490479
5902,2022-01-05 02:01:32,517222,774.3411064147949
5903,2022-01-05 01:01:11,517223,790.1859283447266
5904,2022-01-05 02:01:48,517223,760.0140571594238
5905,2022-01-05 02:01:56,517223,776.6861915588379
5906,2022-01-05 03:01:08,517227,758.8076591491699
5907,2022-01-05 04:01:35,517228,810.2037906646729
5908,2022-01-05 05:01:37,517229,866.4624691009521
5909,2022-01-05 05:01:43,517229,841.463565826416
5910,2022-01-05 05:01:52,517229,778.2003879547119
5911,2022-01-05 06:01:42,517229,837.3885154724121
5912,2022-01-05 07:01:23,517231,774.3227481842041
5913,2022-01-05 07:01:27,517231,761.49582862854
5914,2022-01-05 07:01:41,517231,770.7619667053223
5915,2022-01-05 08:01:02,517231,777.6849269866943
5916,2022-01-06 12:01:16,517237,796.1697578430176
5917,2022-01-06 02:01:15,517239,787.4667644500732
5918,2022-01-06 03:01:45,517239,782.2856903076172
5919,2022-01-06 03:01:50,517239,744.680643081665
5920,2022-01-06 05:01:30,517239,780.6012630462646
5921,2022-01-06 05:01:05,517240,784.5258712768555
5922,2022-01-06 06:01:12,517240,829.4374942779541
5923,2022-01-06 06:01:16,517240,756.0439109802246
5924,2022-01-06 07:01:04,517240,797.0132827758789
5925,2022-01-06 07:01:26,517240,808.6862564086914
5926,2022-01-06 08:01:05,517240,790.4391288757324
5927,2022-01-06 09:01:32,517240,804.9678802490234
5928,2022-01-06 10:01:17,517240,16015.63811302185
5929,2022-01-06 10:01:34,517240,752.4547576904297
5930,2022-01-06 10:01:34,517240,761.4593505859375
5931,2022-01-06 11:01:10,517240,12543.092012405396
5932,2022-01-06 12:01:09,517240,12367.111444473267
5933,2022-01-06 12:01:41,517240,12012.111902236938
5934,2022-01-06 01:01:50,517242,760.8127593994141
5935,2022-01-06 11:01:09,517242,761.9032859802246
5936,2022-01-06 11:01:19,517242,767.9619789123535
5937,2022-01-06 11:01:50,517242,817.1558380126953
5938,2022-01-06 12:01:44,517242,785.0930690765381
5939,2022-01-06 01:01:43,517246,755.4996013641357
5940,2022-01-06 02:01:35,517246,760.6296539306641
5941,2022-01-06 02:01:36,517246,794.9719429016113
5942,2022-01-06 02:01:37,517246,770.4982757568359
5943,2022-01-06 03:01:53,517246,733.2091331481934
5944,2022-01-06 03:01:14,517247,775.7868766784668
5945,2022-01-07 01:01:17,517253,768.6452865600586
5946,2022-01-07 01:01:37,517253,763.3528709411621
5947,2022-01-07 05:01:14,517253,749.2396831512451
5948,2022-01-07 05:01:59,517253,805.9442043304443
5949,2022-01-07 06:01:15,517253,773.1397151947021
5950,2022-01-07 06:01:54,517253,790.7676696777344
5951,2022-01-07 07:01:27,517253,761.7502212524414
5952,2022-01-07 10:01:18,517253,785.5639457702637
5953,2022-01-07 12:01:02,517253,762.1731758117676
5954,2022-01-07 12:01:22,517253,804.3720722198486
5955,2022-01-07 12:01:32,517253,786.773681640625
5956,2022-01-07 01:01:03,517254,785.2506637573242
5957,2022-01-07 01:01:11,517254,772.423267364502
5958,2022-01-07 01:01:34,517254,775.4106521606445
5959,2022-01-07 02:01:25,517254,765.8119201660156
5960,2022-01-07 02:01:57,517254,831.9010734558105
5961,2022-01-07 12:01:03,517254,751.1682510375977
5962,2022-01-07 12:01:32,517254,756.38747215271
5963,2022-01-07 04:01:18,517258,758.0230236053467
5964,2022-01-07 05:01:49,517258,771.1658477783203
5965,2022-01-07 05:01:54,517261,762.9818916320801
5966,2022-01-07 07:01:52,517262,800.9448051452637
5967,2022-01-07 08:01:11,517262,762.2010707855225
5968,2022-01-07 07:01:22,517263,805.7911396026611
5969,2022-01-07 09:01:12,517265,784.9054336547852
5970,2022-01-08 01:01:31,517266,764.0087604522705
5971,2022-01-08 12:01:12,517266,789.4332408905029
5972,2022-01-08 05:01:52,517267,744.8194026947021
5973,2022-01-08 06:01:28,517267,734.8597049713135
5974,2022-01-08 06:01:54,517267,740.1673793792725
5975,2022-01-08 07:01:11,517267,733.8509559631348
5976,2022-01-10 01:01:21,517268,747.2476959228516
5977,2022-01-10 02:01:30,517268,740.7224178314209
5978,2022-01-10 02:01:36,517268,755.1567554473877
5979,2022-01-10 05:01:29,517268,762.5722885131836
5980,2022-01-10 05:01:51,517268,737.1385097503662
5981,2022-01-10 05:01:57,517268,761.3794803619385
5982,2022-01-10 12:01:53,517268,768.1856155395508
5983,2022-01-10 06:01:00,517269,745.1615333557129
5984,2022-01-10 06:01:09,517269,769.4783210754395
5985,2022-01-10 07:01:07,517269,792.1926975250244
5986,2022-01-10 07:01:36,517269,739.4685745239258
5987,2022-01-10 07:01:51,517269,801.7570972442627
5988,2022-01-10 09:01:38,517269,754.3735504150391
5989,2022-01-10 10:01:54,517270,756.7713260650635
5990,2022-01-10 01:01:00,517272,773.604154586792
5991,2022-01-10 01:01:11,517272,779.245138168335
5992,2022-01-10 01:01:25,517272,742.3725128173828
5993,2022-01-10 11:01:23,517272,745.5224990844727
5994,2022-01-10 12:01:35,517272,760.4210376739502
5995,2022-01-10 12:01:36,517272,780.562162399292
5996,2022-01-10 01:01:20,517273,747.4582195281982
5997,2022-01-10 01:01:27,517273,748.605489730835
5998,2022-01-10 01:01:35,517273,754.6324729919434
5999,2022-01-10 01:01:35,517273,1333.5816860198975
6000,2022-01-10 12:01:14,517273,801.6645908355713
6001,2022-01-10 12:01:16,517273,795.9213256835938
6002,2022-01-10 12:01:44,517273,760.0498199462891
6003,2022-01-10 01:01:39,517274,756.756067276001
6004,2022-01-10 02:01:03,517274,755.1906108856201
6005,2022-01-10 02:01:28,517274,744.1747188568115
6006,2022-01-10 02:01:34,517274,1252.5866031646729
6007,2022-01-10 02:01:45,517274,770.3323364257812
6008,2022-01-10 03:01:35,517274,786.4046096801758
6009,2022-01-10 03:01:53,517274,762.9151344299316
6010,2022-01-10 03:01:37,517275,778.7549495697021
6011,2022-01-10 04:01:38,517275,784.311056137085
6012,2022-01-10 04:01:54,517275,760.0071430206299
6013,2022-01-10 05:01:33,517275,802.7567863464355
6014,2022-01-10 05:01:48,517275,859.7099781036377
6015,2022-01-10 06:01:27,517275,754.2798519134521
6016,2022-01-10 06:01:29,517275,786.5262031555176
6017,2022-01-10 07:01:10,517275,763.9780044555664
6018,2022-01-10 07:01:12,517275,728.3549308776855
6019,2022-01-10 07:01:52,517278,742.8958415985107
6020,2022-01-10 08:01:44,517278,741.5869235992432
6021,2022-01-10 10:01:22,517284,780.2610397338867
6022,2022-01-10 11:01:29,517284,758.2979202270508
6023,2022-01-10 11:01:55,517284,746.6943264007568
6024,2022-01-11 12:01:41,517284,792.1237945556641
6025,2022-01-11 01:01:44,517287,791.6991710662842
6026,2022-01-11 02:01:03,517287,771.2752819061279
6027,2022-01-11 02:01:07,517287,828.7689685821533
6028,2022-01-11 02:01:46,517287,796.8795299530029
6029,2022-01-11 03:01:13,517287,760.1468563079834
6030,2022-01-11 01:01:45,517288,777.0156860351562
6031,2022-01-11 01:01:47,517288,780.2059650421143
6032,2022-01-11 02:01:01,517288,802.8340339660645
6033,2022-01-11 02:01:06,517288,763.0105018615723
6034,2022-01-11 02:01:57,517288,767.9736614227295
6035,2022-01-11 03:01:19,517288,789.7155284881592
6036,2022-01-11 05:01:03,517288,841.8128490447998
6037,2022-01-11 05:01:09,517288,748.9786148071289
6038,2022-01-11 05:01:55,517288,853.909969329834
6039,2022-01-11 06:01:15,517288,800.2996444702148
6040,2022-01-11 06:01:28,517288,795.0136661529541
6041,2022-01-11 06:01:35,517288,754.8074722290039
6042,2022-01-11 06:01:37,517288,746.3850975036621
6043,2022-01-11 06:01:58,517288,783.6966514587402
6044,2022-01-11 07:01:04,517288,810.1277351379395
6045,2022-01-11 07:01:32,517288,774.3122577667236
6046,2022-01-11 08:01:39,517288,786.1239910125732
6047,2022-01-11 09:01:07,517288,818.3271884918213
6048,2022-01-11 09:01:41,517288,787.8069877624512
6049,2022-01-11 10:01:07,517288,825.4139423370361
6050,2022-01-11 10:01:29,517288,796.3531017303467
6051,2022-01-11 10:01:35,517288,775.435209274292
6052,2022-01-11 10:01:58,517288,762.9704475402832
6053,2022-01-11 11:01:03,517288,784.0332984924316
6054,2022-01-11 12:01:15,517288,777.8708934783936
6055,2022-01-11 01:01:23,517289,820.1258182525635
6056,2022-01-11 01:01:29,517289,769.7813510894775
6057,2022-01-11 01:01:30,517289,766.1349773406982
6058,2022-01-11 11:01:41,517289,778.7995338439941
6059,2022-01-11 12:01:11,517289,769.6928977966309
6060,2022-01-11 02:01:05,517290,797.7819442749023
6061,2022-01-11 02:01:37,517290,1007.8034400939941
6062,2022-01-11 03:01:12,517290,1346.4128971099854
6063,2022-01-11 03:01:54,517290,788.8648509979248
6064,2022-01-11 03:01:55,517290,754.8806667327881
6065,2022-01-11 03:01:57,517290,803.8170337677002
6066,2022-01-11 04:01:14,517290,774.9245166778564
6067,2022-01-11 04:01:19,517290,802.3371696472168
6068,2022-01-11 04:01:22,517290,778.637170791626
6069,2022-01-11 04:01:26,517290,780.0917625427246
6070,2022-01-11 04:01:35,517291,825.5360126495361
6071,2022-01-11 04:01:42,517291,834.4266414642334
6072,2022-01-11 07:01:30,517291,787.2910499572754
6073,2022-01-11 05:01:39,517293,798.3920574188232
6074,2022-01-11 08:01:40,517293,840.9254550933838
6075,2022-01-11 09:01:17,517293,771.432638168335
6076,2022-01-11 09:01:33,517293,831.0649394989014
6077,2022-01-11 09:01:41,517293,816.331148147583
6078,2022-01-11 09:01:42,517293,782.7434539794922
6079,2022-01-11 10:01:24,517293,753.4480094909668
6080,2022-01-11 10:01:29,517293,780.3781032562256
6081,2022-01-11 10:01:35,517293,809.6020221710205
6082,2022-01-11 11:01:43,517293,793.4813499450684
6083,2022-01-11 10:01:42,517294,770.6069946289062
6084,2022-01-11 10:01:49,517294,801.4419078826904
6085,2022-01-11 11:01:28,517294,838.6349678039551
6086,2022-01-11 11:01:29,517294,782.6571464538574
6087,2022-01-12 01:01:53,517302,827.1687030792236
6088,2022-01-12 04:01:59,517306,783.7371826171875
6089,2022-01-12 05:01:08,517306,819.51904296875
6090,2022-01-12 06:01:16,517306,808.9971542358398
6091,2022-01-12 06:01:23,517306,785.8645915985107
6092,2022-01-12 06:01:48,517306,801.854133605957
6093,2022-01-12 07:01:00,517306,855.7634353637695
6094,2022-01-12 07:01:13,517306,783.4498882293701
6095,2022-01-12 07:01:47,517306,779.4981002807617
6096,2022-01-12 08:01:14,517306,738.5263442993164
6097,2022-01-12 08:01:14,517306,794.7890758514404
6098,2022-01-12 08:01:33,517306,831.4540386199951
6099,2022-01-12 08:01:49,517306,787.7733707427979
6100,2022-01-12 08:01:51,517306,830.8761119842529
6101,2022-01-12 08:01:54,517306,827.7637958526611
6102,2022-01-12 09:01:15,517306,811.7902278900146
6103,2022-01-12 09:01:27,517306,783.348798751831
6104,2022-01-12 09:01:38,517306,816.7665004730225
6105,2022-01-12 09:01:50,517306,761.0073089599609
6106,2022-01-12 10:01:20,517306,777.0345211029053
6107,2022-01-12 10:01:59,517306,842.6628112792969
6108,2022-01-12 11:01:09,517306,827.8286457061768
6109,2022-01-12 11:01:18,517306,815.9439563751221
6110,2022-01-12 11:01:30,517306,1025.5858898162842
6111,2022-01-12 11:01:35,517306,783.5116386413574
6112,2022-01-12 11:01:40,517306,1406.195878982544
6113,2022-01-12 12:01:05,517306,820.9242820739746
6114,2022-01-12 12:01:07,517306,766.9961452484131
6115,2022-01-12 12:01:29,517307,810.1446628570557
6116,2022-01-12 01:01:07,517308,788.2657051086426
6117,2022-01-12 01:01:08,517308,864.7603988647461
6118,2022-01-12 01:01:10,517308,783.9789390563965
6119,2022-01-12 01:01:59,517308,809.8065853118896
6120,2022-01-12 02:01:02,517308,772.0632553100586
6121,2022-01-12 01:01:00,517309,776.8619060516357
6122,2022-01-12 01:01:22,517309,762.3276710510254
6123,2022-01-12 02:01:10,517309,766.2968635559082
6124,2022-01-12 02:01:21,517309,784.3296527862549
6125,2022-01-12 02:01:37,517309,740.0140762329102
6126,2022-01-12 03:01:08,517309,754.5738220214844
6127,2022-01-12 03:01:13,517309,756.237268447876
6128,2022-01-12 02:01:47,517312,866.8920993804932
6129,2022-01-12 03:01:02,517312,793.4877872467041
6130,2022-01-12 04:01:57,517315,791.0196781158447
6131,2022-01-12 05:01:41,517315,790.673017501831
6132,2022-01-12 04:01:40,517316,809.002161026001
6133,2022-01-12 04:01:43,517316,865.2019500732422
6134,2022-01-12 05:01:17,517316,829.0948867797852
6135,2022-01-12 05:01:33,517316,822.490930557251
6136,2022-01-12 06:01:24,517316,813.9376640319824
6137,2022-01-12 06:01:24,517316,768.6641216278076
6138,2022-01-12 04:01:14,517318,802.63352394104
6139,2022-01-12 04:01:31,517318,818.2806968688965
6140,2022-01-12 06:01:39,517318,858.5624694824219
6141,2022-01-12 05:01:27,517320,806.0901165008545
6142,2022-01-12 05:01:28,517320,779.4897556304932
6143,2022-01-12 05:01:39,517320,785.332441329956
6144,2022-01-12 05:01:51,517320,780.5235385894775
6145,2022-01-12 06:01:40,517323,835.9653949737549
6146,2022-01-12 07:01:53,517323,792.0317649841309
6147,2022-01-12 08:01:17,517329,782.0181846618652
6148,2022-01-12 08:01:21,517329,795.417070388794
6149,2022-01-12 09:01:50,517329,804.5201301574707
6150,2022-01-12 10:01:41,517329,792.4485206604004
6151,2022-01-13 01:01:47,517332,806.2958717346191
6152,2022-01-13 12:01:11,517332,804.3498992919922
6153,2022-01-13 01:01:44,517336,845.4980850219727
6154,2022-01-13 12:01:00,517336,786.8492603302002
6155,2022-01-13 02:01:02,517337,769.4323062896729
6156,2022-01-13 12:01:00,517337,755.277156829834
6157,2022-01-13 05:01:07,517342,739.7127151489258
6158,2022-01-13 05:01:50,517342,750.1230239868164
6159,2022-01-13 05:01:16,517343,784.6689224243164
6160,2022-01-13 05:01:17,517343,773.7958431243896
6161,2022-01-13 05:01:31,517343,879.9231052398682
6162,2022-01-13 06:01:00,517343,859.71999168396
6163,2022-01-13 06:01:36,517343,825.0374794006348
6164,2022-01-13 06:01:52,517343,806.0710430145264
6165,2022-01-13 06:01:56,517343,813.7726783752441
6166,2022-01-13 06:01:59,517343,770.3900337219238
6167,2022-01-13 07:01:15,517343,800.499439239502
6168,2022-01-13 07:01:18,517343,780.2436351776123
6169,2022-01-13 07:01:23,517343,785.0668430328369
6170,2022-01-13 07:01:40,517343,759.6652507781982
6171,2022-01-13 07:01:51,517343,820.6491470336914
6172,2022-01-13 09:01:39,517344,801.1837005615234
6173,2022-01-13 09:01:55,517344,797.9011535644531
6174,2022-01-13 10:01:10,517344,814.5742416381836
6175,2022-01-13 10:01:33,517344,798.3295917510986
6176,2022-01-13 11:01:42,517344,778.7647247314453
6177,2022-01-13 11:01:49,517344,803.159236907959
6178,2022-01-13 11:01:50,517344,834.9208831787109
6179,2022-01-13 12:01:10,517344,780.811071395874
6180,2022-01-13 01:01:11,517345,783.0543518066406
6181,2022-01-13 01:01:47,517345,802.426815032959
6182,2022-01-13 01:01:58,517345,802.1557331085205
6183,2022-01-13 11:01:51,517345,795.1970100402832
6184,2022-01-13 12:01:10,517345,771.4126110076904
6185,2022-01-13 12:01:25,517345,878.8378238677979
6186,2022-01-13 01:01:25,517347,784.7411632537842
6187,2022-01-13 01:01:53,517347,771.226167678833
6188,2022-01-13 02:01:46,517347,807.518482208252
6189,2022-01-13 02:01:55,517347,1181.403636932373
6190,2022-01-13 03:01:59,517349,785.9790325164795
6191,2022-01-13 04:01:32,517349,792.1888828277588
6192,2022-01-13 03:01:05,517350,768.9709663391113
6193,2022-01-13 04:01:31,517350,785.8152389526367
6194,2022-01-13 05:01:27,517351,772.5498676300049
6195,2022-01-13 07:01:34,517351,788.4106636047363
6196,2022-01-13 05:01:29,517352,793.0395603179932
6197,2022-01-13 05:01:50,517352,791.0182476043701
6198,2022-01-13 08:01:07,517352,769.8678970336914
6199,2022-01-13 08:01:57,517352,782.538652420044
6200,2022-01-13 06:01:24,517354,770.7884311676025
6201,2022-01-13 08:01:32,517354,773.1127738952637
6202,2022-01-13 06:01:04,517355,791.5019989013672
6203,2022-01-13 08:01:02,517355,797.6963520050049
6204,2022-01-13 09:01:43,517359,799.6606826782227
6205,2022-01-13 10:01:55,517359,809.0710639953613
6206,2022-01-13 10:01:38,517360,782.5195789337158
6207,2022-01-13 11:01:22,517360,771.3732719421387
6208,2022-01-13 11:01:33,517360,768.4667110443115
6209,2022-01-13 11:01:48,517360,1397.275686264038
6210,2022-01-14 12:01:17,517360,784.4009399414062
6211,2022-01-14 12:01:49,517360,774.5134830474854
6212,2022-01-14 01:01:26,517362,814.0461444854736
6213,2022-01-14 01:01:44,517362,799.8559474945068
6214,2022-01-14 01:01:46,517362,794.0351963043213
6215,2022-01-14 01:01:47,517362,782.4263572692871
6216,2022-01-14 02:01:02,517362,757.7626705169678
6217,2022-01-14 02:01:22,517362,803.8280010223389
6218,2022-01-14 02:01:26,517362,833.8706493377686
6219,2022-01-14 02:01:32,517362,785.2754592895508
6220,2022-01-14 02:01:37,517362,801.9824028015137
6221,2022-01-14 03:01:24,517362,792.7677631378174
6222,2022-01-14 04:01:24,517362,813.5149478912354
6223,2022-01-14 04:01:26,517362,832.0503234863281
6224,2022-01-14 05:01:15,517362,793.2746410369873
6225,2022-01-14 05:01:24,517362,822.5545883178711
6226,2022-01-14 05:01:34,517362,851.4294624328613
6227,2022-01-14 05:01:37,517362,797.1515655517578
6228,2022-01-14 05:01:44,517362,816.6236877441406
6229,2022-01-14 05:01:45,517362,762.5889778137207
6230,2022-01-14 06:01:02,517362,818.9277648925781
6231,2022-01-14 06:01:16,517362,782.2291851043701
6232,2022-01-14 06:01:22,517362,814.9871826171875
6233,2022-01-14 06:01:37,517362,796.5023517608643
6234,2022-01-14 06:01:39,517362,762.0768547058105
6235,2022-01-14 06:01:51,517362,815.608024597168
6236,2022-01-14 08:01:07,517362,802.4449348449707
6237,2022-01-14 08:01:29,517362,879.5871734619141
6238,2022-01-14 09:01:11,517362,850.6028652191162
6239,2022-01-14 09:01:48,517362,839.7657871246338
6240,2022-01-14 10:01:09,517362,776.5324115753174
6241,2022-01-14 10:01:28,517362,812.755823135376
6242,2022-01-14 11:01:01,517362,777.8613567352295
6243,2022-01-14 11:01:03,517362,933.7179660797119
6244,2022-01-14 11:01:07,517362,769.5534229278564
6245,2022-01-14 11:01:15,517362,774.7220993041992
6246,2022-01-14 11:01:52,517362,771.7370986938477
6247,2022-01-14 12:01:31,517362,828.7022113800049
6248,2022-01-14 12:01:31,517362,775.8018970489502
6249,2022-01-14 05:01:19,517364,779.8945903778076
6250,2022-01-14 05:01:59,517364,881.6416263580322
6251,2022-01-14 06:01:01,517364,833.2509994506836
6252,2022-01-14 06:01:42,517364,832.5550556182861
6253,2022-01-14 07:01:50,517364,867.1388626098633
6254,2022-01-14 07:01:51,517364,1380.6335926055908
6255,2022-01-14 08:01:14,517364,768.2242393493652
6256,2022-01-14 08:01:46,517364,795.966625213623
6257,2022-01-14 08:01:47,517364,909.2919826507568
6258,2022-01-14 09:01:52,517364,800.31418800354
6259,2022-01-14 10:01:27,517364,791.0904884338379
6260,2022-01-14 10:01:39,517364,788.1789207458496
6261,2022-01-14 07:01:33,517365,799.2346286773682
6262,2022-01-14 08:01:07,517365,853.8298606872559
6263,2022-01-14 08:01:50,517365,804.3510913848877
6264,2022-01-14 10:01:36,517365,794.5578098297119
6265,2022-01-15 12:01:40,517365,819.1964626312256
6266,2022-01-14 09:01:11,517367,785.4831218719482
6267,2022-01-14 10:01:42,517367,811.2447261810303
6268,2022-01-14 11:01:18,517367,762.7124786376953
6269,2022-01-14 11:01:57,517367,768.5837745666504
6270,2022-01-15 12:01:52,517367,790.290355682373
6271,2022-01-14 08:01:51,517368,844.3970680236816
6272,2022-01-14 10:01:12,517368,840.7015800476074
6273,2022-01-14 11:01:46,517368,793.212890625
6274,2022-01-14 11:01:49,517368,813.2116794586182
6275,2022-01-15 01:01:10,517368,803.3735752105713
6276,2022-01-15 01:01:33,517368,818.3290958404541
6277,2022-01-15 01:01:39,517368,822.638988494873
6278,2022-01-15 01:01:57,517368,809.0460300445557
6279,2022-01-15 02:01:11,517368,792.7050590515137
6280,2022-01-15 02:01:21,517368,799.4480133056641
6281,2022-01-15 02:01:40,517368,807.532548904419
6282,2022-01-15 02:01:52,517368,867.3574924468994
6283,2022-01-15 02:01:54,517368,792.6990985870361
6284,2022-01-15 03:01:28,517368,807.0681095123291
6285,2022-01-15 03:01:33,517368,837.6626968383789
6286,2022-01-15 04:01:19,517368,793.630838394165
6287,2022-01-15 04:01:31,517368,821.3932514190674
6288,2022-01-15 04:01:20,517369,809.5006942749023
6289,2022-01-15 05:01:43,517369,846.2262153625488
6290,2022-01-15 06:01:02,517370,833.8501453399658
6291,2022-01-15 07:01:48,517370,798.3717918395996
6292,2022-01-15 08:01:53,517370,789.3974781036377
6293,2022-01-15 08:01:57,517370,776.6005992889404
6294,2022-01-15 01:01:35,517372,823.1332302093506
6295,2022-01-15 04:01:27,517372,788.6312007904053
6296,2022-01-15 04:01:28,517372,773.7314701080322
6297,2022-01-15 05:01:26,517372,789.0260219573975
6298,2022-01-15 05:01:52,517372,812.7353191375732
6299,2022-01-15 07:01:47,517373,836.5514278411865
6300,2022-01-15 08:01:27,517373,820.8234310150146
6301,2022-01-15 10:01:36,517373,779.9932956695557
6302,2022-01-15 10:01:37,517373,811.0754489898682
6303,2022-01-15 11:01:40,517373,812.7968311309814
6304,2022-01-16 01:01:45,517373,837.7604484558105
6305,2022-01-16 04:01:14,517374,787.940263748169
6306,2022-01-16 05:01:54,517374,776.8073081970215
6307,2022-01-16 10:01:04,517375,797.5857257843018
6308,2022-01-17 01:01:04,517375,758.8016986846924
6309,2022-01-17 02:01:07,517375,767.6248550415039
6310,2022-01-17 04:01:54,517375,824.0537643432617
6311,2022-01-17 05:01:00,517375,853.9135456085205
6312,2022-01-17 05:01:10,517375,800.8255958557129
6313,2022-01-17 05:01:11,517375,775.7759094238281
6314,2022-01-17 06:01:12,517375,779.3776988983154
6315,2022-01-17 06:01:19,517375,755.3601264953613
6316,2022-01-17 06:01:25,517375,835.3176116943359
6317,2022-01-17 06:01:26,517375,767.8601741790771
6318,2022-01-17 05:01:16,517376,789.3452644348145
6319,2022-01-17 06:01:12,517376,768.958330154419
6320,2022-01-17 06:01:24,517377,784.815788269043
6321,2022-01-17 06:01:59,517377,749.9558925628662
6322,2022-01-17 07:01:13,517377,751.3360977172852
6323,2022-01-17 07:01:54,517377,832.8075408935547
6324,2022-01-17 01:01:58,517379,779.8519134521484
6325,2022-01-17 02:01:00,517379,791.5909290313721
6326,2022-01-17 10:01:36,517379,807.9240322113037
6327,2022-01-17 11:01:14,517379,815.1850700378418
6328,2022-01-17 11:01:18,517379,796.7267036437988
6329,2022-01-17 11:01:20,517379,852.8842926025391
6330,2022-01-17 01:01:53,517380,820.8003044128418
6331,2022-01-17 02:01:49,517380,778.4287929534912
6332,2022-01-17 12:01:16,517380,771.5411186218262
6333,2022-01-17 12:01:43,517380,782.2902202606201
6334,2022-01-17 02:01:21,517384,786.6606712341309
6335,2022-01-17 02:01:07,517385,874.1092681884766
6336,2022-01-17 03:01:50,517387,778.0029773712158
6337,2022-01-17 04:01:03,517387,760.0862979888916
6338,2022-01-17 04:01:07,517389,790.2131080627441
6339,2022-01-17 04:01:21,517389,792.7584648132324
6340,2022-01-17 05:01:17,517389,775.6006717681885
6341,2022-01-17 05:01:43,517389,814.4392967224121
6342,2022-01-17 05:01:54,517389,794.4309711456299
6343,2022-01-17 06:01:15,517389,783.9734554290771
6344,2022-01-17 06:01:54,517389,761.791467666626
6345,2022-01-17 07:01:13,517389,807.9473972320557
6346,2022-01-17 07:01:23,517389,775.6810188293457
6347,2022-01-17 07:01:24,517389,784.9991321563721
6348,2022-01-17 07:01:43,517389,823.8973617553711
6349,2022-01-17 08:01:20,517389,781.5210819244385
6350,2022-01-17 09:01:23,517389,777.7142524719238
6351,2022-01-17 09:01:24,517389,814.3520355224609
6352,2022-01-17 09:01:28,517389,793.3132648468018
6353,2022-01-17 09:01:37,517389,755.2704811096191
6354,2022-01-17 10:01:21,517389,760.9496116638184
6355,2022-01-17 10:01:45,517389,821.272611618042
6356,2022-01-17 10:01:50,517389,802.1988868713379
6357,2022-01-20 05:01:37,517389,764.1105651855469
6358,2022-01-20 06:01:20,517389,807.1074485778809
6359,2022-01-20 06:01:49,517389,778.965950012207
6360,2022-01-20 06:01:59,517389,766.3018703460693
6361,2022-01-20 07:01:40,517389,768.674373626709
6362,2022-01-20 07:01:43,517389,770.2934741973877
6363,2022-01-20 08:01:29,517389,806.0576915740967
6364,2022-01-20 08:01:30,517389,784.1272354125977
6365,2022-01-20 09:01:33,517389,773.5285758972168
6366,2022-01-20 09:01:50,517389,770.4548835754395
6367,2022-01-20 10:01:09,517389,781.275749206543
6368,2022-01-20 10:01:09,517389,770.1132297515869
6369,2022-01-20 11:01:30,517389,771.7530727386475
6370,2022-01-20 11:01:31,517389,781.2416553497314
6371,2022-01-21 01:01:00,517389,910.0818634033203
6372,2022-01-21 01:01:23,517389,789.2327308654785
6373,2022-01-21 01:01:34,517389,800.910472869873
6374,2022-01-21 02:01:10,517389,763.4191513061523
6375,2022-01-21 03:01:24,517389,805.8512210845947
6376,2022-01-21 03:01:32,517389,786.3461971282959
6377,2022-01-21 04:01:06,517389,785.620927810669
6378,2022-01-21 04:01:34,517389,760.3237628936768
6379,2022-01-21 05:01:28,517389,782.0408344268799
6380,2022-01-21 05:01:37,517389,830.6360244750977
6381,2022-01-21 05:01:41,517389,792.0420169830322
6382,2022-01-21 06:01:02,517389,777.9862880706787
6383,2022-01-21 06:01:34,517389,758.974552154541
6384,2022-01-21 07:01:31,517389,784.691333770752
6385,2022-01-21 07:01:47,517389,783.3361625671387
6386,2022-01-21 08:01:22,517389,788.1932258605957
6387,2022-01-21 09:01:15,517389,787.0557308197021
6388,2022-01-21 09:01:36,517389,787.2176170349121
6389,2022-01-21 09:01:41,517389,772.7582454681396
6390,2022-01-21 10:01:11,517389,837.7711772918701
6391,2022-01-21 10:01:52,517389,802.4899959564209
6392,2022-01-21 11:01:43,517389,834.9206447601318
6393,2022-01-21 11:01:49,517389,767.8666114807129
6394,2022-01-21 12:01:16,517389,790.900468826294
6395,2022-01-21 12:01:22,517389,752.377986907959
6396,2022-01-21 12:01:32,517389,772.2325325012207
6397,2022-01-21 12:01:33,517389,797.224760055542
6398,2022-01-17 09:01:47,517391,760.7033252716064
6399,2022-01-17 10:01:16,517391,796.8292236328125
6400,2022-01-17 10:01:27,517391,769.0391540527344
6401,2022-01-17 10:01:34,517391,772.2873687744141
6402,2022-01-17 11:01:12,517391,810.1809024810791
6403,2022-01-17 11:01:19,517391,808.7513446807861
6404,2022-01-17 10:01:14,517392,801.6009330749512
6405,2022-01-18 01:01:44,517395,787.2331142425537
6406,2022-01-18 01:01:46,517395,809.0834617614746
6407,2022-01-18 02:01:05,517395,751.8138885498047
6408,2022-01-18 02:01:29,517395,791.7966842651367
6409,2022-01-18 02:01:44,517395,881.3838958740234
6410,2022-01-18 03:01:11,517395,795.9973812103271
6411,2022-01-18 01:01:00,517398,813.8675689697266
6412,2022-01-18 03:01:17,517399,756.455659866333
6413,2022-01-18 04:01:54,517399,1143.355369567871
6414,2022-01-18 05:01:48,517400,772.2265720367432
6415,2022-01-18 06:01:29,517400,744.128942489624
6416,2022-01-18 05:01:54,517401,1334.9065780639648
6417,2022-01-18 06:01:54,517401,803.8172721862793
6418,2022-01-18 07:01:55,517401,797.8708744049072
6419,2022-01-18 07:01:45,517402,770.7245349884033
6420,2022-01-18 08:01:23,517402,765.0439739227295
6421,2022-01-18 07:01:01,517403,784.87229347229
6422,2022-01-18 07:01:29,517403,803.3337593078613
6423,2022-01-18 08:01:02,517403,756.0915946960449
6424,2022-01-18 08:01:24,517403,793.065071105957
6425,2022-01-18 07:01:52,517404,765.6404972076416
6426,2022-01-18 07:01:52,517404,740.4727935791016
6427,2022-01-18 08:01:58,517404,779.4742584228516
6428,2022-01-18 09:01:23,517408,788.6214256286621
6429,2022-01-18 10:01:47,517408,776.4568328857422
6430,2022-01-18 10:01:23,517410,754.2600631713867
6431,2022-01-18 10:01:30,517410,788.0752086639404
6432,2022-01-18 11:01:09,517410,766.4480209350586
6433,2022-01-18 12:01:49,517410,768.10622215271
6434,2022-01-18 01:01:57,517411,775.5346298217773
6435,2022-01-18 04:01:33,517411,848.4206199645996
6436,2022-01-18 04:01:56,517411,784.2206954956055
6437,2022-01-18 12:01:20,517411,829.6751976013184
6438,2022-01-18 12:01:47,517411,770.4098224639893
6439,2022-01-18 01:01:34,517412,819.5445537567139
6440,2022-01-18 05:01:26,517413,777.5411605834961
6441,2022-01-18 06:01:17,517413,790.2209758758545
6442,2022-01-18 05:01:08,517414,823.528528213501
6443,2022-01-18 05:01:45,517414,876.3601779937744
6444,2022-01-18 06:01:03,517414,807.7528476715088
6445,2022-01-18 07:01:13,517414,799.2901802062988
6446,2022-01-18 05:01:03,517416,781.378984451294
6447,2022-01-18 08:01:34,517416,824.0070343017578
6448,2022-01-18 08:01:53,517416,825.7925510406494
6449,2022-01-18 09:01:07,517416,866.3222789764404
6450,2022-01-18 10:01:04,517416,811.2423419952393
6451,2022-01-18 10:01:14,517416,826.5523910522461
6452,2022-01-18 05:01:28,517417,789.0048027038574
6453,2022-01-18 08:01:56,517417,828.8464546203613
6454,2022-01-18 08:01:59,517417,813.3635520935059
6455,2022-01-18 10:01:36,517417,817.8250789642334
6456,2022-01-18 10:01:19,517418,827.2874355316162
6457,2022-01-18 10:01:25,517418,829.627275466919
6458,2022-01-18 11:01:37,517418,800.562858581543
6459,2022-01-18 11:01:51,517418,771.5208530426025
6460,2022-01-19 12:01:17,517418,795.985221862793
6461,2022-01-19 12:01:25,517418,1021.991491317749
6462,2022-01-18 11:01:37,517421,835.773229598999
6463,2022-01-19 01:01:11,517421,784.5485210418701
6464,2022-01-19 01:01:12,517421,1436.891794204712
6465,2022-01-19 01:01:59,517421,847.3711013793945
6466,2022-01-19 02:01:11,517421,772.8369235992432
6467,2022-01-19 03:01:29,517421,814.8946762084961
6468,2022-01-19 03:01:59,517421,798.7856864929199
6469,2022-01-19 09:01:06,517421,796.0238456726074
6470,2022-01-19 09:01:11,517421,781.935453414917
6471,2022-01-19 09:01:12,517421,781.6410064697266
6472,2022-01-19 09:01:58,517421,792.6969528198242
6473,2022-01-19 12:01:07,517421,788.7976169586182
6474,2022-01-19 12:01:21,517421,793.3275699615479
6475,2022-01-19 12:01:55,517421,780.221700668335
6476,2022-01-19 01:01:30,517422,778.2137393951416
6477,2022-01-19 02:01:08,517422,822.2508430480957
6478,2022-01-19 02:01:39,517422,848.8137722015381
6479,2022-01-19 03:01:06,517422,857.0375442504883
6480,2022-01-19 03:01:11,517422,1143.7368392944336
6481,2022-01-19 03:01:35,517422,803.4205436706543
6482,2022-01-19 03:01:51,517422,783.0593585968018
6483,2022-01-19 12:01:23,517422,822.2229480743408
6484,2022-01-19 01:01:12,517423,797.032356262207
6485,2022-01-19 02:01:30,517423,759.3841552734375
6486,2022-01-19 02:01:41,517423,771.5859413146973
6487,2022-01-19 03:01:14,517423,793.3099269866943
6488,2022-01-19 03:01:27,517423,795.3197956085205
6489,2022-01-19 03:01:32,517423,852.7829647064209
6490,2022-01-19 03:01:52,517423,811.1557960510254
6491,2022-01-19 03:01:53,517423,823.0161666870117
6492,2022-01-19 04:01:01,517423,779.0195941925049
6493,2022-01-19 04:01:06,517423,793.0240631103516
6494,2022-01-19 04:01:30,517423,763.3166313171387
6495,2022-01-19 04:01:42,517423,797.3053455352783
6496,2022-01-19 04:01:51,517423,784.0440273284912
6497,2022-01-19 04:01:55,517423,774.0597724914551
6498,2022-01-19 05:01:05,517423,818.3526992797852
6499,2022-01-19 05:01:15,517423,806.6473007202148
6500,2022-01-19 05:01:50,517423,836.2925052642822
6501,2022-01-19 05:01:55,517423,836.2843990325928
6502,2022-01-19 03:01:05,517426,764.1730308532715
6503,2022-01-19 04:01:12,517426,827.8586864471436
6504,2022-01-19 04:01:28,517426,807.8305721282959
6505,2022-01-19 04:01:47,517426,767.892599105835
6506,2022-01-19 05:01:08,517426,762.7658843994141
6507,2022-01-19 05:01:17,517426,791.2156581878662
6508,2022-01-19 05:01:24,517426,767.9722309112549
6509,2022-01-19 05:01:36,517426,849.8890399932861
6510,2022-01-19 05:01:44,517426,824.1462707519531
6511,2022-01-19 05:01:45,517426,756.1376094818115
6512,2022-01-19 05:01:54,517426,743.7973022460938
6513,2022-01-19 05:01:57,517426,756.9692134857178
6514,2022-01-19 05:01:05,517427,813.2765293121338
6515,2022-01-19 05:01:09,517427,779.792308807373
6516,2022-01-19 05:01:29,517427,810.4801177978516
6517,2022-01-19 05:01:53,517427,770.5004215240479
6518,2022-01-19 05:01:54,517427,800.0459671020508
6519,2022-01-19 06:01:06,517427,767.5294876098633
6520,2022-01-19 06:01:08,517427,792.6623821258545
6521,2022-01-19 06:01:27,517427,794.5449352264404
6522,2022-01-19 06:01:35,517427,768.3017253875732
6523,2022-01-19 06:01:44,517427,802.2913932800293
6524,2022-01-19 06:01:45,517427,828.3131122589111
6525,2022-01-19 06:01:50,517427,758.5201263427734
6526,2022-01-19 06:01:51,517427,789.4139289855957
6527,2022-01-19 07:01:02,517427,777.3342132568359
6528,2022-01-19 07:01:28,517427,794.4903373718262
6529,2022-01-19 07:01:28,517427,839.2317295074463
6530,2022-01-19 07:01:40,517427,770.9650993347168
6531,2022-01-19 07:01:42,517427,785.0081920623779
6532,2022-01-19 07:01:46,517427,813.1639957427979
6533,2022-01-19 07:01:46,517427,793.7226295471191
6534,2022-01-19 07:01:52,517427,835.9823226928711
6535,2022-01-19 07:01:53,517427,773.956298828125
6536,2022-01-19 08:01:01,517427,770.8194255828857
6537,2022-01-19 08:01:02,517427,808.5334300994873
6538,2022-01-19 08:01:23,517427,770.8370685577393
6539,2022-01-19 08:01:39,517427,805.0622940063477
6540,2022-01-19 08:01:51,517427,772.4695205688477
6541,2022-01-19 08:01:59,517427,811.4793300628662
6542,2022-01-19 06:01:18,517428,793.980598449707
6543,2022-01-19 06:01:56,517428,794.213056564331
6544,2022-01-19 07:01:01,517428,791.0490036010742
6545,2022-01-19 07:01:46,517428,811.0949993133545
6546,2022-01-19 08:01:26,517428,794.6057319641113
6547,2022-01-19 08:01:38,517428,802.5093078613281
6548,2022-01-19 08:01:43,517428,830.120325088501
6549,2022-01-19 09:01:01,517428,783.4296226501465
6550,2022-01-19 09:01:29,517428,786.067008972168
6551,2022-01-19 09:01:51,517428,761.643648147583
6552,2022-01-19 07:01:03,517429,778.2735824584961
6553,2022-01-19 08:01:02,517429,1342.3755168914795
6554,2022-01-19 09:01:12,517429,1332.7553272247314
6555,2022-01-19 09:01:56,517429,771.9740867614746
6556,2022-01-19 07:01:13,517430,886.0616683959961
6557,2022-01-19 08:01:12,517430,781.5752029418945
6558,2022-01-19 09:01:12,517430,817.997932434082
6559,2022-01-19 09:01:52,517431,774.6059894561768
6560,2022-01-19 10:01:03,517431,806.4563274383545
6561,2022-01-19 10:01:18,517431,790.8575534820557
6562,2022-01-19 10:01:39,517431,1359.0490818023682
6563,2022-01-19 10:01:48,517431,813.3194446563721
6564,2022-01-19 12:01:03,517431,819.1699981689453
6565,2022-01-19 12:01:11,517431,771.5544700622559
6566,2022-01-19 12:01:52,517431,798.5188961029053
6567,2022-01-19 01:01:07,517432,816.8818950653076
6568,2022-01-19 01:01:15,517432,928.347110748291
6569,2022-01-19 01:01:31,517432,1358.2813739776611
6570,2022-01-19 01:01:42,517432,772.7630138397217
6571,2022-01-19 01:01:59,517432,1365.0612831115723
6572,2022-01-19 02:01:33,517432,810.1332187652588
6573,2022-01-19 12:01:38,517432,820.9967613220215
6574,2022-01-19 02:01:39,517433,808.2716464996338
6575,2022-01-19 02:01:25,517437,769.2081928253174
6576,2022-01-19 02:01:55,517437,789.4401550292969
6577,2022-01-19 03:01:14,517437,787.0697975158691
6578,2022-01-19 03:01:18,517438,762.41135597229
6579,2022-01-19 03:01:20,517438,797.1532344818115
6580,2022-01-19 04:01:08,517439,813.2033348083496
6581,2022-01-19 04:01:39,517441,758.5299015045166
6582,2022-01-19 05:01:25,517442,746.6871738433838
6583,2022-01-19 05:01:32,517442,836.1802101135254
6584,2022-01-19 05:01:35,517442,786.0422134399414
6585,2022-01-19 06:01:04,517442,798.2382774353027
6586,2022-01-19 07:01:37,517446,804.8582077026367
6587,2022-01-19 08:01:36,517449,773.4091281890869
6588,2022-01-19 08:01:35,517451,782.3586463928223
6589,2022-01-19 10:01:23,517451,800.269365310669
6590,2022-01-19 11:01:01,517458,1286.745309829712
6591,2022-01-20 12:01:32,517458,805.6483268737793
6592,2022-01-20 01:01:34,517462,1386.5604400634766
6593,2022-01-20 02:01:58,517462,790.9634113311768
6594,2022-01-20 04:01:18,517467,800.5719184875488
6595,2022-01-20 04:01:34,517468,775.0020027160645
6596,2022-01-20 06:01:22,517468,750.676155090332
6597,2022-01-20 04:01:49,517469,825.8316516876221
6598,2022-01-20 05:01:40,517469,830.7764530181885
6599,2022-01-20 06:01:33,517469,828.2334804534912
6600,2022-01-20 06:01:45,517469,786.5228652954102
6601,2022-01-20 01:01:17,517470,788.8295650482178
6602,2022-01-20 01:01:19,517470,797.9192733764648
6603,2022-01-20 01:01:59,517470,813.9934539794922
6604,2022-01-20 02:01:05,517470,753.8156509399414
6605,2022-01-20 04:01:12,517470,822.8902816772461
6606,2022-01-20 06:01:00,517470,804.0754795074463
6607,2022-01-20 06:01:20,517470,827.8703689575195
6608,2022-01-20 06:01:38,517470,809.9024295806885
6609,2022-01-20 07:01:28,517470,798.0926036834717
6610,2022-01-20 07:01:45,517470,779.2859077453613
6611,2022-01-20 07:01:52,517470,786.1218452453613
6612,2022-01-20 08:01:55,517470,765.3357982635498
6613,2022-01-20 11:01:07,517470,775.0592231750488
6614,2022-01-20 11:01:42,517470,817.4295425415039
6615,2022-01-20 12:01:07,517470,759.5217227935791
6616,2022-01-20 12:01:20,517470,812.9551410675049
6617,2022-01-20 12:01:56,517470,781.1965942382812
6618,2022-01-20 12:01:59,517470,808.8138103485107
6619,2022-01-20 01:01:24,517471,805.1307201385498
6620,2022-01-20 02:01:24,517471,804.7456741333008
6621,2022-01-20 02:01:24,517471,827.9337882995605
6622,2022-01-20 03:01:23,517471,840.6708240509033
6623,2022-01-20 03:01:50,517471,788.1548404693604
6624,2022-01-20 03:01:15,517472,846.0485935211182
6625,2022-01-20 03:01:07,517473,808.0489635467529
6626,2022-01-20 03:01:54,517473,777.7986526489258
6627,2022-01-20 04:01:40,517474,814.6302700042725
6628,2022-01-20 04:01:56,517474,965.8510684967041
6629,2022-01-20 05:01:27,517476,813.9197826385498
6630,2022-01-20 05:01:56,517476,798.6855506896973
6631,2022-01-20 05:01:58,517476,768.8326835632324
6632,2022-01-20 07:01:43,517476,816.2155151367188
6633,2022-01-20 06:01:50,517478,817.1257972717285
6634,2022-01-20 06:01:33,517479,797.2781658172607
6635,2022-01-20 08:01:56,517480,788.3076667785645
6636,2022-01-20 08:01:29,517482,1098.0470180511475
6637,2022-01-21 11:01:24,517482,763.8859748840332
6638,2022-01-21 11:01:56,517482,826.465368270874
6639,2022-01-21 11:01:58,517482,835.1783752441406
6640,2022-01-20 09:01:20,517483,774.1382122039795
6641,2022-01-20 09:01:54,517483,1212.4929428100586
6642,2022-01-20 10:01:55,517484,798.9599704742432
6643,2022-01-20 09:01:54,517485,749.3090629577637
6644,2022-01-20 11:01:45,517489,748.5907077789307
6645,2022-01-20 11:01:31,517491,777.9006958007812
6646,2022-01-21 01:01:17,517494,822.9777812957764
6647,2022-01-21 01:01:05,517498,800.757884979248
6648,2022-01-21 01:01:11,517500,776.1325836181641
6649,2022-01-21 02:01:52,517500,774.3940353393555
6650,2022-01-21 03:01:39,517500,894.5968151092529
6651,2022-01-21 05:01:34,517500,858.6571216583252
6652,2022-01-21 06:01:54,517500,825.0892162322998
6653,2022-01-21 07:01:03,517500,805.2935600280762
6654,2022-01-21 07:01:11,517500,770.6961631774902
6655,2022-01-21 07:01:37,517500,794.4273948669434
6656,2022-01-21 07:01:42,517500,783.062219619751
6657,2022-01-21 08:01:07,517500,792.1087741851807
6658,2022-01-21 08:01:43,517500,785.632848739624
6659,2022-01-21 09:01:03,517500,801.9869327545166
6660,2022-01-21 09:01:41,517500,803.2562732696533
6661,2022-01-21 10:01:10,517500,780.4028987884521
6662,2022-01-21 10:01:30,517500,812.3517036437988
6663,2022-01-21 11:01:03,517500,757.4095726013184
6664,2022-01-21 11:01:04,517500,781.5194129943848
6665,2022-01-21 12:01:13,517500,777.0893573760986
6666,2022-01-21 12:01:44,517500,782.8900814056396
6667,2022-01-21 02:01:53,517501,733.9551448822021
6668,2022-01-21 12:01:16,517501,785.6602668762207
6669,2022-01-21 12:01:44,517501,767.9533958435059
6670,2022-01-21 01:01:55,517502,767.4472332000732
6671,2022-01-21 02:01:07,517502,809.1931343078613
6672,2022-01-21 02:01:15,517502,790.2731895446777
6673,2022-01-21 02:01:20,517502,791.0881042480469
6674,2022-01-21 02:01:35,517502,758.1419944763184
6675,2022-01-21 03:01:25,517502,801.4204502105713
6676,2022-01-21 04:01:00,517502,812.7529621124268
6677,2022-01-21 04:01:21,517502,778.2456874847412
6678,2022-01-21 03:01:21,517503,1359.4086170196533
6679,2022-01-21 03:01:58,517504,812.920093536377
6680,2022-01-21 04:01:03,517504,756.840705871582
6681,2022-01-21 04:01:05,517504,760.1633071899414
6682,2022-01-21 04:01:16,517504,799.3214130401611
6683,2022-01-21 05:01:12,517504,812.0346069335938
6684,2022-01-21 04:01:14,517505,775.7577896118164
6685,2022-01-21 05:01:25,517505,758.5339546203613
6686,2022-01-21 05:01:49,517506,770.1165676116943
6687,2022-01-21 06:01:57,517506,759.6561908721924
6688,2022-01-21 05:01:51,517507,1011.0864639282227
6689,2022-01-21 06:01:52,517508,777.1415710449219
6690,2022-01-21 06:01:28,517510,774.3258476257324
6691,2022-01-21 06:01:46,517510,841.8853282928467
6692,2022-01-21 07:01:57,517511,1245.7520961761475
6693,2022-01-21 07:01:19,517515,765.1810646057129
6694,2022-01-21 08:01:44,517515,782.200813293457
6695,2022-01-21 08:01:12,517517,799.4365692138672
6696,2022-01-21 08:01:26,517517,773.2195854187012
6697,2022-01-21 10:01:38,517520,750.6074905395508
6698,2022-01-21 11:01:48,517520,814.4593238830566
6699,2022-01-21 11:01:48,517521,786.0560417175293
6700,2022-01-21 11:01:54,517521,805.1092624664307
6701,2022-01-22 01:01:26,517526,769.6008682250977
6702,2022-01-22 12:01:10,517526,807.2373867034912
6703,2022-01-22 03:01:13,517535,775.1328945159912
6704,2022-01-22 04:01:02,517535,788.7916564941406
6705,2022-01-22 06:01:51,517535,777.1773338317871
6706,2022-01-22 07:01:10,517535,858.2141399383545
6707,2022-01-22 07:01:12,517535,867.7008152008057
6708,2022-01-22 08:01:47,517535,830.9409618377686
6709,2022-01-22 09:01:35,517535,864.7613525390625
6710,2022-01-22 10:01:48,517535,785.247802734375
6711,2022-01-22 08:01:46,517538,774.8100757598877
6712,2022-01-22 09:01:50,517538,767.4434185028076
6713,2022-01-23 04:01:14,517539,1095.7865715026855
6714,2022-01-23 05:01:08,517539,768.9831256866455
6715,2022-01-23 08:01:49,517539,779.1261672973633
6716,2022-01-23 01:01:13,517540,799.9780178070068
6717,2022-01-23 01:01:53,517540,786.6697311401367
6718,2022-01-23 02:01:37,517540,784.3437194824219
6719,2022-01-23 03:01:16,517540,784.2435836791992
6720,2022-01-23 04:01:22,517541,828.9611339569092
6721,2022-01-23 08:01:27,517543,801.8383979797363
6722,2022-01-23 09:01:59,517543,812.9229545593262
6723,2022-01-23 10:01:29,517543,759.1471672058105
6724,2022-01-23 10:01:35,517543,778.2082557678223
6725,2022-01-23 10:01:51,517543,782.778263092041
6726,2022-01-23 11:01:26,517543,780.5027961730957
6727,2022-01-24 01:01:04,517543,800.86350440979
6728,2022-01-24 01:01:47,517543,785.0961685180664
6729,2022-01-24 12:01:39,517543,804.9259185791016
6730,2022-01-24 12:01:41,517543,769.1431045532227
6731,2022-01-24 04:01:31,517547,757.5514316558838
6732,2022-01-24 05:01:03,517547,770.5953121185303
6733,2022-01-24 06:01:54,517547,771.5179920196533
6734,2022-01-24 05:01:59,517548,783.4789752960205
6735,2022-01-24 06:01:18,517548,738.0781173706055
6736,2022-01-24 07:01:07,517548,759.7842216491699
6737,2022-01-24 07:01:42,517548,819.4115161895752
6738,2022-01-24 06:01:05,517549,797.4398136138916
6739,2022-01-24 06:01:54,517549,827.8026580810547
6740,2022-01-24 07:01:24,517549,796.2551116943359
6741,2022-01-24 08:01:41,517549,802.0327091217041
6742,2022-01-24 09:01:00,517550,1146.0936069488525
6743,2022-01-24 10:01:36,517550,832.6864242553711
6744,2022-01-24 10:01:22,517551,810.3315830230713
6745,2022-01-24 10:01:45,517551,760.3974342346191
6746,2022-01-24 12:01:03,517551,787.8320217132568
6747,2022-01-24 01:01:47,517552,830.3980827331543
6748,2022-01-24 11:01:01,517552,755.7017803192139
6749,2022-01-24 11:01:13,517552,768.4493064880371
6750,2022-01-24 11:01:21,517552,768.5415744781494
6751,2022-01-24 12:01:06,517552,776.390552520752
6752,2022-01-24 12:01:27,517552,812.7152919769287
6753,2022-01-24 12:01:34,517553,787.8971099853516
6754,2022-01-24 02:01:22,517554,855.548620223999
6755,2022-01-24 01:01:05,517555,782.5198173522949
6756,2022-01-24 01:01:30,517555,781.4455032348633
6757,2022-01-24 02:01:50,517555,755.6858062744141
6758,2022-01-24 02:01:53,517555,823.20237159729
6759,2022-01-24 03:01:06,517555,764.9316787719727
6760,2022-01-24 03:01:15,517555,795.0198650360107
6761,2022-01-24 03:01:24,517555,778.3429622650146
6762,2022-01-24 07:01:31,517555,834.434986114502
6763,2022-01-24 07:01:42,517555,791.703462600708
6764,2022-01-25 01:01:17,517555,798.8553047180176
6765,2022-01-25 02:01:06,517555,792.5724983215332
6766,2022-01-24 02:01:39,517556,803.3783435821533
6767,2022-01-24 03:01:06,517556,806.5395355224609
6768,2022-01-24 03:01:23,517556,790.1475429534912
6769,2022-01-24 03:01:45,517556,787.2030735015869
6770,2022-01-24 03:01:49,517556,807.3313236236572
6771,2022-01-24 04:01:04,517556,782.5078964233398
6772,2022-01-24 04:01:12,517556,814.0954971313477
6773,2022-01-24 04:01:19,517556,781.0664176940918
6774,2022-01-24 04:01:26,517556,771.8234062194824
6775,2022-01-24 04:01:44,517556,771.024227142334
6776,2022-01-24 04:01:53,517556,751.2667179107666
6777,2022-01-24 05:01:09,517556,796.67067527771
6778,2022-01-24 06:01:49,517556,792.2830581665039
6779,2022-01-24 07:01:30,517556,776.2672901153564
6780,2022-01-24 07:01:31,517556,807.1391582489014
6781,2022-01-25 12:01:07,517556,784.9361896514893
6782,2022-01-25 12:01:27,517556,761.1172199249268
6783,2022-01-25 12:01:52,517556,770.6644535064697
6784,2022-01-25 12:01:53,517556,760.1969242095947
6785,2022-01-24 04:01:11,517559,745.7456588745117
6786,2022-01-24 05:01:30,517559,774.1372585296631
6787,2022-01-24 06:01:24,517559,758.9595317840576
6788,2022-01-24 06:01:54,517561,776.1874198913574
6789,2022-01-24 07:01:41,517561,811.3536834716797
6790,2022-01-24 08:01:09,517561,785.2096557617188
6791,2022-01-24 07:01:56,517562,803.9517402648926
6792,2022-01-24 09:01:23,517562,753.2076835632324
6793,2022-01-24 08:01:54,517563,787.2705459594727
6794,2022-01-24 09:01:36,517564,769.1454887390137
6795,2022-01-24 09:01:37,517564,742.4538135528564
6796,2022-01-24 09:01:56,517564,786.9830131530762
6797,2022-01-24 10:01:05,517564,789.4139289855957
6798,2022-01-24 10:01:20,517564,760.1141929626465
6799,2022-01-25 01:01:04,517568,1335.6380462646484
6800,2022-01-25 01:01:44,517568,737.231969833374
6801,2022-01-25 01:01:51,517568,769.4365978240967
6802,2022-01-25 02:01:10,517568,775.5954265594482
6803,2022-01-25 03:01:31,517568,768.3160305023193
6804,2022-01-25 04:01:00,517568,740.6914234161377
6805,2022-01-25 04:01:38,517568,753.9291381835938
6806,2022-01-25 05:01:39,517568,867.6745891571045
6807,2022-01-25 05:01:44,517568,765.9494876861572
6808,2022-01-25 05:01:57,517568,723.8972187042236
6809,2022-01-25 05:01:31,517573,818.1557655334473
6810,2022-01-25 06:01:01,517573,823.6215114593506
6811,2022-01-25 06:01:10,517573,801.297664642334
6812,2022-01-25 06:01:25,517573,759.1559886932373
6813,2022-01-25 01:01:10,517574,792.072057723999
6814,2022-01-25 01:01:55,517574,757.7688694000244
6815,2022-01-25 07:01:01,517574,761.7442607879639
6816,2022-01-25 07:01:14,517574,775.0484943389893
6817,2022-01-25 07:01:29,517574,758.4612369537354
6818,2022-01-25 08:01:13,517574,1345.3609943389893
6819,2022-01-25 08:01:44,517574,1394.5558071136475
6820,2022-01-25 08:01:57,517574,736.962080001831
6821,2022-01-25 09:01:08,517574,771.9225883483887
6822,2022-01-25 09:01:33,517574,814.1429424285889
6823,2022-01-25 10:01:30,517574,750.5221366882324
6824,2022-01-25 11:01:23,517574,829.8380374908447
6825,2022-01-25 10:01:50,517575,782.2771072387695
6826,2022-01-25 01:01:02,517577,779.1318893432617
6827,2022-01-25 12:01:00,517577,779.3667316436768
6828,2022-01-25 01:01:29,517578,851.184606552124
6829,2022-01-25 01:01:40,517578,739.09592628479
6830,2022-01-25 02:01:03,517578,821.2852478027344
6831,2022-01-25 02:01:17,517578,778.8255214691162
6832,2022-01-25 03:01:19,517578,1059.1075420379639
6833,2022-01-25 03:01:42,517578,772.8807926177979
6834,2022-01-25 02:01:13,517580,814.3935203552246
6835,2022-01-25 03:01:09,517580,792.3297882080078
6836,2022-01-25 03:01:43,517580,808.3922863006592
6837,2022-01-25 03:01:49,517580,800.1530170440674
6838,2022-01-25 03:01:57,517580,855.7958602905273
6839,2022-01-25 04:01:00,517580,816.8251514434814
6840,2022-01-25 04:01:06,517580,788.8987064361572
6841,2022-01-25 04:01:06,517580,788.9420986175537
6842,2022-01-25 04:01:17,517580,774.6279239654541
6843,2022-01-25 04:01:21,517580,767.7822113037109
6844,2022-01-25 04:01:28,517580,845.9913730621338
6845,2022-01-25 04:01:49,517580,816.5192604064941
6846,2022-01-25 05:01:00,517580,871.6328144073486
6847,2022-01-25 05:01:04,517580,761.7790699005127
6848,2022-01-25 05:01:23,517580,783.1220626831055
6849,2022-01-25 05:01:29,517580,771.5146541595459
6850,2022-01-25 05:01:34,517580,789.4260883331299
6851,2022-01-25 05:01:35,517580,791.6710376739502
6852,2022-01-25 05:01:44,517580,771.7814445495605
6853,2022-01-25 06:01:13,517580,787.3020172119141
6854,2022-01-25 06:01:20,517580,808.5336685180664
6855,2022-01-25 06:01:24,517580,810.0192546844482
6856,2022-01-25 06:01:27,517580,774.9722003936768
6857,2022-01-25 07:01:28,517580,766.2560939788818
6858,2022-01-25 07:01:32,517580,774.860143661499
6859,2022-01-25 07:01:33,517580,832.5827121734619
6860,2022-01-25 07:01:39,517580,798.4488010406494
6861,2022-01-25 06:01:35,517582,765.5260562896729
6862,2022-01-25 06:01:55,517582,764.6064758300781
6863,2022-01-25 07:01:00,517582,752.4163722991943
6864,2022-01-25 07:01:35,517582,749.5241165161133
6865,2022-01-25 07:01:50,517582,782.0956707000732
6866,2022-01-25 08:01:27,517582,754.6777725219727
6867,2022-01-25 08:01:30,517582,771.5432643890381
6868,2022-01-25 08:01:40,517582,819.9260234832764
6869,2022-01-25 08:01:45,517582,809.9565505981445
6870,2022-01-25 08:01:57,517582,744.7147369384766
6871,2022-01-25 09:01:13,517582,740.1511669158936
6872,2022-01-25 09:01:20,517582,784.4884395599365
6873,2022-01-25 09:01:46,517582,766.671895980835
6874,2022-01-25 10:01:18,517582,800.037145614624
6875,2022-01-25 10:01:44,517582,928.9059638977051
6876,2022-01-26 08:01:15,517582,746.1938858032227
6877,2022-01-26 08:01:16,517582,772.4161148071289
6878,2022-01-26 08:01:25,517582,754.5502185821533
6879,2022-01-26 08:01:29,517582,748.2118606567383
6880,2022-01-25 08:01:41,517583,757.2822570800781
6881,2022-01-25 08:01:49,517583,768.3348655700684
6882,2022-01-25 09:01:04,517583,1169.4016456604004
6883,2022-01-25 09:01:09,517583,773.7371921539307
6884,2022-01-25 09:01:16,517583,768.7580585479736
6885,2022-01-25 09:01:37,517583,746.931791305542
6886,2022-01-25 09:01:52,517583,817.5978660583496
6887,2022-01-25 10:01:00,517583,735.4881763458252
6888,2022-01-25 10:01:05,517583,769.0744400024414
6889,2022-01-25 10:01:27,517583,805.1135540008545
6890,2022-01-25 10:01:17,517584,752.514123916626
6891,2022-01-25 11:01:05,517584,736.0613346099854
6892,2022-01-25 10:01:31,517586,811.3329410552979
6893,2022-01-25 11:01:29,517586,805.0415515899658
6894,2022-01-25 11:01:30,517586,784.4874858856201
6895,2022-01-26 02:01:08,517586,819.162130355835
6896,2022-01-26 02:01:13,517586,756.7811012268066
6897,2022-01-26 12:01:56,517586,784.569501876831
6898,2022-01-25 11:01:35,517588,769.5953845977783
6899,2022-01-25 11:01:59,517588,753.3488273620605
6900,2022-01-26 01:01:54,517588,757.1351528167725
6901,2022-01-26 02:01:46,517596,752.1798610687256
6902,2022-01-26 02:01:50,517597,773.6356258392334
6903,2022-01-26 06:01:02,517600,752.0582675933838
6904,2022-01-26 06:01:31,517600,762.9311084747314
6905,2022-01-26 08:01:00,517600,777.6772975921631
6906,2022-01-26 08:01:25,517600,812.6213550567627
6907,2022-01-26 09:01:19,517600,782.7317714691162
6908,2022-01-26 10:01:23,517600,775.2423286437988
6909,2022-01-26 10:01:24,517601,861.6940975189209
6910,2022-01-26 10:01:14,517602,786.776065826416
6911,2022-01-26 10:01:42,517602,764.4245624542236
6912,2022-01-26 11:01:08,517602,759.9496841430664
6913,2022-01-26 11:01:26,517602,870.5663681030273
6914,2022-01-26 11:01:27,517602,835.2952003479004
6915,2022-01-26 11:01:29,517602,753.6447048187256
6916,2022-01-26 11:01:44,517602,796.8935966491699
6917,2022-01-26 11:01:09,517603,802.2434711456299
6918,2022-01-26 11:01:24,517603,800.696611404419
6919,2022-01-26 11:01:49,517604,770.0042724609375
6920,2022-01-26 01:01:29,517606,748.7282752990723
6921,2022-01-26 01:01:57,517606,799.3838787078857
6922,2022-01-26 12:01:17,517606,793.9834594726562
6923,2022-01-26 12:01:29,517606,772.6068496704102
6924,2022-01-26 12:01:40,517606,815.0198459625244
6925,2022-01-26 03:01:26,517607,797.7042198181152
6926,2022-01-26 03:01:47,517607,801.4795780181885
6927,2022-01-26 07:01:00,517607,793.7936782836914
6928,2022-01-26 03:01:15,517608,792.0856475830078
6929,2022-01-26 03:01:17,517608,806.2059879302979
6930,2022-01-26 03:01:08,517610,769.4089412689209
6931,2022-01-26 04:01:20,517611,788.4793281555176
6932,2022-01-26 08:01:05,517619,1278.8550853729248
6933,2022-01-26 08:01:39,517619,891.5331363677979
6934,2022-01-26 08:01:06,517620,798.8095283508301
6935,2022-01-26 09:01:26,517620,844.5651531219482
6936,2022-01-27 03:01:22,517627,791.4774417877197
6937,2022-01-27 01:01:01,517628,872.0588684082031
6938,2022-01-27 01:01:01,517628,838.1342887878418
6939,2022-01-27 01:01:04,517628,827.1300792694092
6940,2022-01-27 01:01:10,517628,874.675989151001
6941,2022-01-27 01:01:33,517628,845.9162712097168
6942,2022-01-27 01:01:36,517628,820.6984996795654
6943,2022-01-27 01:01:36,517628,869.027853012085
6944,2022-01-27 01:01:37,517628,804.5275211334229
6945,2022-01-27 01:01:52,517628,786.513090133667
6946,2022-01-27 01:01:54,517628,842.9675102233887
6947,2022-01-27 02:01:05,517628,781.3284397125244
6948,2022-01-27 02:01:27,517628,828.2876014709473
6949,2022-01-27 03:01:28,517628,862.3764514923096
6950,2022-01-27 05:01:02,517628,827.9807567596436
6951,2022-01-27 05:01:19,517628,809.3528747558594
6952,2022-01-27 05:01:38,517628,786.2322330474854
6953,2022-01-27 06:01:42,517628,809.3922138214111
6954,2022-01-27 07:01:11,517628,792.7906513214111
6955,2022-01-27 07:01:25,517628,847.26881980896
6956,2022-01-27 07:01:55,517628,816.8361186981201
6957,2022-01-27 08:01:20,517628,778.4779071807861
6958,2022-01-27 10:01:31,517628,803.2841682434082
6959,2022-01-27 11:01:22,517628,792.2160625457764
6960,2022-01-27 11:01:29,517628,896.9070911407471
6961,2022-01-27 11:01:35,517628,804.6364784240723
6962,2022-01-27 11:01:55,517628,829.8096656799316
6963,2022-01-27 12:01:20,517628,835.6623649597168
6964,2022-01-27 02:01:12,517629,831.0720920562744
6965,2022-01-27 02:01:20,517629,877.331018447876
6966,2022-01-27 02:01:48,517629,802.5863170623779
6967,2022-01-27 02:01:51,517629,843.696117401123
6968,2022-01-27 05:01:37,517629,801.2597560882568
6969,2022-01-27 06:01:09,517630,805.7801723480225
6970,2022-01-27 06:01:48,517630,794.8236465454102
6971,2022-01-27 06:01:15,517631,848.4086990356445
6972,2022-01-27 07:01:17,517633,808.2554340362549
6973,2022-01-27 07:01:25,517633,816.5998458862305
6974,2022-01-27 07:01:32,517633,818.5174465179443
6975,2022-01-27 08:01:54,517635,789.5815372467041
6976,2022-01-27 11:01:01,517635,799.3943691253662
6977,2022-01-27 11:01:19,517635,851.1407375335693
6978,2022-01-27 11:01:43,517635,825.944185256958
6979,2022-01-28 01:01:21,517635,816.0362243652344
6980,2022-01-28 12:01:02,517635,830.049991607666
6981,2022-01-28 12:01:06,517636,835.1325988769531
6982,2022-01-30 09:01:14,517636,787.841796875
6983,2022-01-28 01:01:36,517637,808.4385395050049
6984,2022-01-28 02:01:07,517637,799.9536991119385
6985,2022-01-28 01:01:41,517640,797.2488403320312
6986,2022-01-28 02:01:28,517642,794.567346572876
6987,2022-01-28 02:01:15,517643,782.4819087982178
6988,2022-01-28 02:01:50,517644,826.1749744415283
6989,2022-01-28 02:01:43,517645,758.4114074707031
6990,2022-01-28 03:01:26,517646,816.8542385101318
6991,2022-01-28 04:01:04,517647,748.2688426971436
6992,2022-01-28 07:01:43,517649,781.287670135498
6993,2022-01-28 08:01:04,517649,780.1992893218994
6994,2022-01-28 09:01:34,517649,787.1911525726318
6995,2022-01-28 08:01:30,517650,773.9062309265137
6996,2022-01-28 09:01:52,517651,760.2880001068115
6997,2022-01-28 10:01:08,517651,786.0767841339111
6998,2022-01-28 10:01:34,517651,780.2870273590088
6999,2022-01-28 10:01:42,517651,758.8114738464355
7000,2022-01-28 11:01:22,517651,757.4820518493652
7001,2022-01-28 11:01:31,517651,792.7546501159668
7002,2022-01-28 11:01:32,517651,795.0763702392578
7003,2022-01-28 01:01:11,517652,803.8222789764404
7004,2022-01-28 11:01:22,517652,780.7111740112305
7005,2022-01-28 11:01:51,517652,830.0690650939941
7006,2022-01-28 12:01:18,517652,780.1456451416016
7007,2022-01-28 12:01:19,517652,777.9881954193115
7008,2022-01-28 12:01:31,517652,826.5926837921143
7009,2022-01-28 12:01:44,517652,847.496509552002
7010,2022-01-28 12:01:47,517652,802.5798797607422
7011,2022-01-28 03:01:06,517653,1398.9818096160889
7012,2022-01-28 04:01:53,517653,835.8657360076904
7013,2022-01-28 01:01:10,517654,773.6008167266846
7014,2022-01-28 02:01:30,517654,783.104419708252
7015,2022-01-28 02:01:46,517654,880.2621364593506
7016,2022-01-28 02:01:38,517656,822.0353126525879
7017,2022-01-28 03:01:45,517656,774.1472721099854
7018,2022-01-28 05:01:26,517661,781.4192771911621
7019,2022-01-28 06:01:15,517663,890.8805847167969
7020,2022-01-28 06:01:57,517663,770.1911926269531
7021,2022-01-28 08:01:04,517663,807.9254627227783
7022,2022-01-28 07:01:40,517664,783.9248180389404
7023,2022-01-28 08:01:25,517664,759.7639560699463
7024,2022-01-28 07:01:26,517665,788.7060642242432
7025,2022-01-28 07:01:30,517665,794.9128150939941
7026,2022-01-28 08:01:12,517665,778.2440185546875
7027,2022-01-28 08:01:28,517665,838.1345272064209
7028,2022-01-28 09:01:02,517665,803.9388656616211
7029,2022-01-28 09:01:30,517665,800.3442287445068
7030,2022-01-28 10:01:26,517665,814.5301342010498
7031,2022-01-28 10:01:59,517665,793.790340423584
7032,2022-01-28 09:01:24,517667,823.9047527313232
7033,2022-01-28 10:01:37,517668,801.8505573272705
7034,2022-01-28 11:01:29,517668,1337.4040126800537
7035,2022-01-29 12:01:55,517668,790.219783782959
7036,2022-01-29 12:01:58,517668,839.5688533782959
7037,2022-01-31 05:01:24,517668,800.579309463501
7038,2022-01-31 05:01:28,517668,863.9488220214844
7039,2022-01-31 05:01:29,517668,827.1694183349609
7040,2022-01-31 05:01:42,517668,839.216947555542
7041,2022-01-28 10:01:35,517669,816.7898654937744
7042,2022-01-28 10:01:38,517669,907.7146053314209
7043,2022-01-29 12:01:04,517669,828.0978202819824
7044,2022-01-28 11:01:48,517670,820.3644752502441
7045,2022-01-29 01:01:06,517670,789.7911071777344
7046,2022-01-29 01:01:54,517670,784.7521305084229
7047,2022-01-29 12:01:25,517670,804.7370910644531
7048,2022-01-29 01:01:03,517673,855.0381660461426
7049,2022-01-29 01:01:20,517673,818.8188076019287
7050,2022-01-29 03:01:13,517673,804.0943145751953
7051,2022-01-29 08:01:58,517676,859.9405288696289
7052,2022-01-29 02:01:04,517677,803.3268451690674
7053,2022-01-29 02:01:10,517677,808.2461357116699
7054,2022-01-29 02:01:44,517677,790.595293045044
7055,2022-01-30 01:01:13,517678,839.0276432037354
7056,2022-01-30 02:01:05,517678,796.5121269226074
7057,2022-01-30 04:01:10,517678,853.8820743560791
7058,2022-01-30 04:01:31,517678,818.2651996612549
7059,2022-01-30 12:01:40,517678,779.1752815246582
7060,2022-01-30 01:01:10,517679,818.4168338775635
7061,2022-01-30 12:01:09,517679,805.7971000671387
7062,2022-01-30 05:01:30,517680,859.7865104675293
7063,2022-01-31 11:01:14,517686,786.7698669433594
7064,2022-01-31 12:01:23,517686,787.2402667999268
7065,2022-01-31 11:01:08,517687,779.9334526062012
7066,2022-01-31 11:01:09,517687,855.1187515258789
7067,2022-01-31 01:01:13,517688,878.4382343292236
7068,2022-01-31 02:01:19,517688,838.7548923492432
7069,2022-01-31 02:01:20,517688,812.4456405639648
7070,2022-01-31 05:01:46,517688,796.8225479125977
7071,2022-01-31 12:01:03,517688,878.7076473236084
7072,2022-01-31 12:01:20,517688,829.0960788726807
7073,2022-01-31 01:01:28,517689,800.4820346832275
7074,2022-01-31 01:01:56,517689,1345.2353477478027
7075,2022-01-31 02:01:22,517689,837.0871543884277
7076,2022-01-31 02:01:33,517689,809.4196319580078
7077,2022-01-31 03:01:08,517689,812.6015663146973
7078,2022-01-31 05:01:40,517689,829.2949199676514
7079,2022-01-31 02:01:15,517690,793.2162284851074
7080,2022-01-31 03:01:26,517690,801.7373085021973
7081,2022-01-31 05:01:02,517690,847.3501205444336
7082,2022-01-31 05:01:03,517690,770.6339359283447
7083,2022-01-31 05:01:06,517690,799.0024089813232
7084,2022-01-31 05:01:42,517690,791.877269744873
7085,2022-01-31 05:01:50,517690,846.9877243041992
7086,2022-01-31 05:01:40,517691,821.8402862548828
7087,2022-01-31 07:01:01,517691,809.8180294036865
7088,2022-01-31 07:01:02,517691,818.4974193572998
7089,2022-01-31 07:01:31,517691,809.2775344848633
7090,2022-01-31 08:01:03,517691,816.3228034973145
7091,2022-01-31 07:01:08,517692,787.2531414031982
7092,2022-01-31 08:01:25,517692,796.4484691619873
7093,2022-01-31 09:01:03,517693,818.0365562438965
7094,2022-01-31 09:01:18,517693,823.9288330078125
7095,2022-01-31 09:01:43,517693,820.685625076294
7096,2022-01-31 09:01:57,517693,810.1906776428223
7097,2022-01-31 10:01:48,517693,815.8392906188965
7098,2022-01-31 10:01:51,517693,883.9809894561768
7099,2022-01-31 11:01:29,517693,818.9442157745361
7100,2022-01-31 11:01:30,517693,822.9818344116211
7101,2022-01-31 11:01:47,517693,816.6215419769287
7102,2022-02-02 05:02:04,517693,827.6824951171875
7103,2022-02-02 05:02:16,517693,827.6476860046387
7104,2022-02-02 05:02:22,517693,831.0303688049316
7105,2022-02-02 06:02:17,517693,874.8009204864502
7106,2022-01-31 10:01:21,517695,802.790641784668
7107,2022-02-01 01:02:48,517704,817.7449703216553
7108,2022-02-01 05:02:22,517704,824.5136737823486
7109,2022-02-01 06:02:10,517704,812.4001026153564
7110,2022-02-01 07:02:25,517704,845.9923267364502
7111,2022-02-01 07:02:44,517704,1362.5288009643555
7112,2022-02-01 08:02:32,517704,827.4698257446289
7113,2022-02-01 08:02:45,517704,825.0975608825684
7114,2022-02-01 10:02:26,517704,838.5605812072754
7115,2022-02-01 11:02:23,517704,784.315824508667
7116,2022-02-01 11:02:30,517704,803.9975166320801
7117,2022-02-01 11:02:53,517704,813.9009475708008
7118,2022-02-01 12:02:04,517704,805.1242828369141
7119,2022-02-01 12:02:06,517704,808.6493015289307
7120,2022-02-01 12:02:30,517704,766.0613059997559
7121,2022-02-01 01:02:09,517705,861.1805438995361
7122,2022-02-01 12:02:14,517705,799.9067306518555
7123,2022-02-01 02:02:46,517706,773.6341953277588
7124,2022-02-01 03:02:17,517706,821.0952281951904
7125,2022-02-01 02:02:10,517707,806.0698509216309
7126,2022-02-01 04:02:50,517709,802.8016090393066
7127,2022-02-01 05:02:10,517709,819.1049098968506
7128,2022-02-01 04:02:54,517710,826.4210224151611
7129,2022-02-01 05:02:41,517710,832.003116607666
7130,2022-02-01 07:02:11,517714,1043.9181327819824
7131,2022-02-01 08:02:40,517714,761.8193626403809
7132,2022-02-01 09:02:50,517714,822.6635456085205
7133,2022-02-01 08:02:41,517715,1375.3743171691895
7134,2022-02-01 09:02:22,517715,786.7295742034912
7135,2022-02-01 08:02:24,517716,774.9180793762207
7136,2022-02-01 08:02:41,517716,808.7112903594971
7137,2022-02-01 09:02:33,517719,792.5136089324951
7138,2022-02-01 10:02:50,517719,799.147367477417
7139,2022-02-01 10:02:24,517720,832.672119140625
7140,2022-02-01 11:02:40,517720,799.433708190918
7141,2022-02-01 10:02:13,517721,812.3703002929688
7142,2022-02-01 11:02:15,517721,803.0004501342773
7143,2022-02-02 01:02:21,517721,771.3775634765625
7144,2022-02-02 12:02:50,517721,786.773681640625
7145,2022-02-02 02:02:52,517722,758.8152885437012
7146,2022-02-02 01:02:10,517723,843.5049057006836
7147,2022-02-02 01:02:41,517723,803.0219078063965
7148,2022-02-02 01:02:50,517723,764.4462585449219
7149,2022-02-02 02:02:12,517723,907.7978134155273
7150,2022-02-02 03:02:48,517723,785.0475311279297
7151,2022-02-02 04:02:24,517723,790.1723384857178
7152,2022-02-02 06:02:36,517723,780.8749675750732
7153,2022-02-02 09:02:32,517723,812.2439384460449
7154,2022-02-02 10:02:10,517723,794.9948310852051
7155,2022-02-02 10:02:29,517723,832.3521614074707
7156,2022-02-02 11:02:16,517723,781.1155319213867
7157,2022-02-02 11:02:32,517723,764.4994258880615
7158,2022-02-02 11:02:37,517723,780.8141708374023
7159,2022-02-02 12:02:06,517723,792.0289039611816
7160,2022-02-02 12:02:36,517724,811.359167098999
7161,2022-02-02 01:02:01,517725,805.3016662597656
7162,2022-02-02 03:02:11,517730,795.569896697998
7163,2022-02-02 03:02:27,517730,796.5197563171387
7164,2022-02-02 04:02:53,517730,1101.1536121368408
7165,2022-02-02 05:02:32,517731,819.3662166595459
7166,2022-02-02 06:02:10,517731,793.1840419769287
7167,2022-02-02 06:02:22,517731,784.9457263946533
7168,2022-02-02 06:02:24,517731,1379.5931339263916
7169,2022-02-02 06:02:45,517731,811.7561340332031
7170,2022-02-02 07:02:07,517731,1371.9141483306885
7171,2022-02-02 07:02:14,517731,796.8249320983887
7172,2022-02-02 08:02:12,517731,787.9583835601807
7173,2022-02-02 08:02:14,517731,775.7749557495117
7174,2022-02-02 08:02:33,517731,1206.2735557556152
7175,2022-02-02 05:02:22,517732,787.2889041900635
7176,2022-02-02 06:02:05,517732,780.2844047546387
7177,2022-02-02 07:02:25,517732,806.8523406982422
7178,2022-02-02 08:02:39,517732,797.9984283447266
7179,2022-02-02 09:02:16,517732,759.906530380249
7180,2022-02-02 09:02:26,517732,824.0580558776855
7181,2022-02-02 11:02:02,517732,780.0984382629395
7182,2022-02-02 11:02:12,517732,800.6196022033691
7183,2022-02-02 11:02:15,517732,841.5834903717041
7184,2022-02-02 11:02:24,517732,823.2815265655518
7185,2022-02-02 07:02:59,517733,786.8177890777588
7186,2022-02-02 08:02:17,517736,840.0721549987793
7187,2022-02-02 08:02:44,517736,802.6833534240723
7188,2022-02-02 09:02:35,517736,777.1379947662354
7189,2022-02-02 10:02:08,517738,804.8155307769775
7190,2022-02-02 10:02:22,517738,759.4449520111084
7191,2022-02-02 10:02:32,517738,790.0941371917725
7192,2022-02-02 11:02:16,517738,787.7504825592041
7193,2022-02-02 11:02:22,517738,788.7303829193115
7194,2022-02-02 11:02:28,517738,800.4767894744873
7195,2022-02-02 11:02:58,517738,775.8569717407227
7196,2022-02-03 02:02:46,517742,803.2519817352295
7197,2022-02-03 03:02:59,517742,853.7516593933105
7198,2022-02-03 01:02:09,517749,807.8708648681641
7199,2022-02-03 01:02:24,517749,784.7046852111816
7200,2022-02-03 01:02:54,517749,808.8638782501221
7201,2022-02-03 02:02:04,517749,778.7940502166748
7202,2022-02-03 02:02:19,517749,806.3464164733887
7203,2022-02-03 08:02:24,517749,774.9810218811035
7204,2022-02-03 08:02:47,517749,802.3982048034668
7205,2022-02-03 09:02:02,517749,869.523286819458
7206,2022-02-03 09:02:53,517749,818.7065124511719
7207,2022-02-03 10:02:18,517749,737.2260093688965
7208,2022-02-03 10:02:30,517749,760.7631683349609
7209,2022-02-03 10:02:41,517749,787.8172397613525
7210,2022-02-03 10:02:47,517749,783.9686870574951
7211,2022-02-03 11:02:15,517749,789.8783683776855
7212,2022-02-03 11:02:24,517749,813.7328624725342
7213,2022-02-03 11:02:40,517749,808.6931705474854
7214,2022-02-03 12:02:45,517749,770.4365253448486
7215,2022-02-03 12:02:52,517749,780.6451320648193
7216,2022-02-03 12:02:54,517749,799.8111248016357
7217,2022-02-03 01:02:56,517750,841.3801193237305
7218,2022-02-03 02:02:58,517750,1394.3524360656738
7219,2022-02-03 03:02:00,517750,853.5687923431396
7220,2022-02-03 12:02:39,517750,808.7663650512695
7221,2022-02-03 02:02:34,517751,752.2392272949219
7222,2022-02-03 03:02:35,517751,778.1491279602051
7223,2022-02-03 02:02:02,517752,777.9281139373779
7224,2022-02-03 02:02:42,517752,752.8843879699707
7225,2022-02-03 03:02:03,517752,740.0333881378174
7226,2022-02-03 03:02:08,517752,804.1999340057373
7227,2022-02-03 04:02:07,517752,785.7167720794678
7228,2022-02-03 04:02:22,517752,723.7012386322021
7229,2022-02-03 04:02:53,517752,733.6945533752441
7230,2022-02-03 03:02:09,517753,788.6466979980469
7231,2022-02-03 04:02:25,517754,795.2594757080078
7232,2022-02-03 05:02:06,517754,777.4991989135742
7233,2022-02-03 04:02:39,517755,818.2382583618164
7234,2022-02-03 04:02:55,517755,1328.3097743988037
7235,2022-02-03 05:02:54,517755,797.7662086486816
7236,2022-02-03 06:02:52,517755,759.284257888794
7237,2022-02-03 05:02:01,517756,827.8365135192871
7238,2022-02-03 05:02:30,517756,806.2725067138672
7239,2022-02-03 05:02:37,517756,824.1438865661621
7240,2022-02-03 05:02:59,517756,777.0833969116211
7241,2022-02-03 06:02:43,517756,800.771951675415
7242,2022-02-03 06:02:56,517756,782.0188999176025
7243,2022-02-03 08:02:58,517760,761.0700130462646
7244,2022-02-03 09:02:54,517760,768.0954933166504
7245,2022-02-03 08:02:58,517761,842.7202701568604
7246,2022-02-03 09:02:59,517761,755.6781768798828
7247,2022-02-03 09:02:24,517763,790.9729480743408
7248,2022-02-03 09:02:54,517763,1016.9074535369873
7249,2022-02-03 10:02:06,517763,777.2798538208008
7250,2022-02-03 10:02:19,517763,764.3773555755615
7251,2022-02-03 10:02:41,517763,785.13503074646
7252,2022-02-03 11:02:14,517763,788.4867191314697
7253,2022-02-03 10:02:53,517765,807.2659969329834
7254,2022-02-04 12:02:22,517765,803.7488460540771
7255,2022-02-04 03:02:43,517768,775.7375240325928
7256,2022-02-04 04:02:15,517768,763.350248336792
7257,2022-02-04 04:02:05,517770,773.1287479400635
7258,2022-02-04 04:02:21,517770,779.1810035705566
7259,2022-02-04 05:02:13,517770,724.4534492492676
7260,2022-02-04 05:02:29,517771,768.4524059295654
7261,2022-02-04 07:02:11,517771,759.6909999847412
7262,2022-02-04 08:02:39,517771,801.4042377471924
7263,2022-02-04 09:02:15,517771,1180.2260875701904
7264,2022-02-04 10:02:10,517772,763.9291286468506
7265,2022-02-04 10:02:42,517773,749.9465942382812
7266,2022-02-04 11:02:03,517773,774.6944427490234
7267,2022-02-04 11:02:52,517773,768.5456275939941
7268,2022-02-04 11:02:57,517773,804.7549724578857
7269,2022-02-04 12:02:38,517773,759.1006755828857
7270,2022-02-04 12:02:41,517773,756.0086250305176
7271,2022-02-04 01:02:09,517774,790.3091907501221
7272,2022-02-04 01:02:48,517774,787.8472805023193
7273,2022-02-04 11:02:53,517774,783.5526466369629
7274,2022-02-04 12:02:16,517774,761.3053321838379
7275,2022-02-04 12:02:21,517774,762.4502182006836
7276,2022-02-04 12:02:28,517774,782.6900482177734
7277,2022-02-04 12:02:37,517774,816.7684078216553
7278,2022-02-04 01:02:21,517776,752.5694370269775
7279,2022-02-04 02:02:20,517776,1043.7195301055908
7280,2022-02-04 02:02:00,517777,833.7974548339844
7281,2022-02-04 02:02:49,517777,760.2922916412354
7282,2022-02-04 01:02:38,517778,786.7894172668457
7283,2022-02-04 02:02:53,517778,768.4447765350342
7284,2022-02-04 02:02:00,517779,781.9325923919678
7285,2022-02-04 03:02:39,517779,1330.8212757110596
7286,2022-02-04 03:02:42,517782,759.1547966003418
7287,2022-02-04 04:02:10,517782,757.5757503509521
7288,2022-02-04 04:02:29,517783,752.9420852661133
7289,2022-02-04 05:02:59,517783,756.929874420166
7290,2022-02-04 06:02:44,517786,750.4720687866211
7291,2022-02-04 05:02:53,517787,758.5124969482422
7292,2022-02-04 07:02:28,517787,757.0936679840088
7293,2022-02-04 07:02:43,517787,765.8083438873291
7294,2022-02-04 08:02:29,517787,767.9986953735352
7295,2022-02-04 07:02:54,517788,769.803524017334
7296,2022-02-04 08:02:17,517788,782.8629016876221
7297,2022-02-04 08:02:03,517789,798.1531620025635
7298,2022-02-04 08:02:16,517789,747.7760314941406
7299,2022-02-04 08:02:35,517789,823.0226039886475
7300,2022-02-04 08:02:48,517789,783.5278511047363
7301,2022-02-04 09:02:10,517789,837.2821807861328
7302,2022-02-04 09:02:32,517789,759.7825527191162
7303,2022-02-04 10:02:55,517789,784.9652767181396
7304,2022-02-04 10:02:57,517789,769.310474395752
7305,2022-02-04 09:02:03,517790,780.4853916168213
7306,2022-02-04 09:02:33,517790,806.6916465759277
7307,2022-02-05 12:02:42,517792,776.6659259796143
7308,2022-02-05 02:02:50,517795,757.915735244751
7309,2022-02-05 12:02:40,517795,799.8397350311279
7310,2022-02-05 04:02:06,517799,808.5639476776123
7311,2022-02-05 05:02:46,517800,830.4951190948486
7312,2022-02-05 06:02:58,517800,833.7826728820801
7313,2022-02-05 09:02:41,517800,803.8537502288818
7314,2022-02-05 10:02:31,517800,790.9018993377686
7315,2022-02-06 02:02:50,517801,1129.3857097625732
7316,2022-02-06 07:02:54,517801,1094.383955001831
7317,2022-02-06 08:02:01,517801,807.3151111602783
7318,2022-02-06 09:02:58,517801,787.4114513397217
7319,2022-02-06 10:02:49,517801,805.7115077972412
7320,2022-02-07 05:02:06,517801,846.7586040496826
7321,2022-02-07 05:02:46,517801,935.5645179748535
7322,2022-02-07 05:02:58,517801,832.6234817504883
7323,2022-02-07 06:02:35,517801,809.0755939483643
7324,2022-02-07 06:02:57,517801,822.0057487487793
7325,2022-02-07 06:02:01,517802,802.6118278503418
7326,2022-02-07 06:02:43,517802,806.4470291137695
7327,2022-02-07 08:02:12,517802,789.2098426818848
7328,2022-02-07 08:02:15,517802,836.9541168212891
7329,2022-02-07 09:02:26,517802,849.675178527832
7330,2022-02-07 09:02:52,517802,782.7029228210449
7331,2022-02-07 10:02:04,517802,820.0998306274414
7332,2022-02-07 10:02:07,517802,796.2846755981445
7333,2022-02-07 10:02:10,517802,766.7150497436523
7334,2022-02-07 10:02:16,517802,800.978422164917
7335,2022-02-07 10:02:55,517802,806.0636520385742
7336,2022-02-07 11:02:07,517802,800.8511066436768
7337,2022-02-07 11:02:14,517802,792.9255962371826
7338,2022-02-07 01:02:54,517803,836.0223770141602
7339,2022-02-07 01:02:57,517803,783.8954925537109
7340,2022-02-07 12:02:22,517803,800.5146980285645
7341,2022-02-07 12:02:22,517803,803.8156032562256
7342,2022-02-07 01:02:04,517804,795.2628135681152
7343,2022-02-07 01:02:18,517804,761.5010738372803
7344,2022-02-07 01:02:28,517804,809.1833591461182
7345,2022-02-07 01:02:34,517804,795.234203338623
7346,2022-02-07 02:02:20,517804,820.0936317443848
7347,2022-02-07 02:02:57,517804,798.7532615661621
7348,2022-02-07 03:02:04,517804,812.774658203125
7349,2022-02-07 03:02:16,517804,856.9717407226562
7350,2022-02-07 03:02:38,517804,814.5544528961182
7351,2022-02-07 02:02:31,517805,844.9785709381104
7352,2022-02-07 02:02:53,517805,802.9177188873291
7353,2022-02-07 02:02:54,517805,783.0860614776611
7354,2022-02-07 03:02:41,517805,827.7461528778076
7355,2022-02-07 03:02:43,517805,804.4357299804688
7356,2022-02-07 03:02:52,517805,789.541482925415
7357,2022-02-07 04:02:43,517805,769.8523998260498
7358,2022-02-08 07:02:27,517805,1192.6860809326172
7359,2022-02-08 09:02:50,517805,830.068826675415
7360,2022-02-07 03:02:52,517806,768.5134410858154
7361,2022-02-07 03:02:54,517806,779.3262004852295
7362,2022-02-07 04:02:56,517806,840.2938842773438
7363,2022-02-07 05:02:13,517806,804.0027618408203
7364,2022-02-07 05:02:54,517806,805.5236339569092
7365,2022-02-07 06:02:05,517806,758.4097385406494
7366,2022-02-07 06:02:06,517806,773.5776901245117
7367,2022-02-07 07:02:26,517806,800.5998134613037
7368,2022-02-07 07:02:53,517806,762.606143951416
7369,2022-02-07 07:02:54,517806,778.2187461853027
7370,2022-02-07 08:02:13,517806,805.8230876922607
7371,2022-02-07 08:02:17,517806,785.8695983886719
7372,2022-02-07 08:02:24,517806,781.8160057067871
7373,2022-02-07 08:02:53,517807,815.0537014007568
7374,2022-02-07 09:02:33,517807,842.7324295043945
7375,2022-02-07 08:02:50,517809,778.9433002471924
7376,2022-02-07 09:02:16,517810,760.5652809143066
7377,2022-02-07 10:02:16,517811,799.5929718017578
7378,2022-02-07 11:02:07,517811,800.595760345459
7379,2022-02-07 10:02:09,517812,805.5863380432129
7380,2022-02-07 11:02:05,517812,768.7280178070068
7381,2022-02-07 11:02:23,517815,779.1323661804199
7382,2022-02-08 12:02:59,517815,779.0329456329346
7383,2022-02-07 11:02:57,517816,785.0382328033447
7384,2022-02-08 01:02:48,517820,783.4789752960205
7385,2022-02-08 02:02:01,517820,744.4946765899658
7386,2022-02-08 03:02:44,517822,787.3337268829346
7387,2022-02-08 04:02:37,517822,757.6041221618652
7388,2022-02-08 04:02:49,517823,844.0356254577637
7389,2022-02-08 05:02:18,517824,793.7936782836914
7390,2022-02-08 05:02:28,517824,745.708703994751
7391,2022-02-08 06:02:12,517824,754.3127536773682
7392,2022-02-08 06:02:43,517825,758.5334777832031
7393,2022-02-08 06:02:45,517825,792.4859523773193
7394,2022-02-08 08:02:56,517825,753.1402111053467
7395,2022-02-08 10:02:34,517831,800.9049892425537
7396,2022-02-08 12:02:49,517831,919.6374416351318
7397,2022-02-08 11:02:13,517832,960.8800411224365
7398,2022-02-08 11:02:45,517832,752.6123523712158
7399,2022-02-08 01:02:37,517833,817.2976970672607
7400,2022-02-08 01:02:55,517833,774.1999626159668
7401,2022-02-08 02:02:01,517833,780.3714275360107
7402,2022-02-08 03:02:47,517835,746.9615936279297
7403,2022-02-08 08:02:58,517836,801.5854358673096
7404,2022-02-08 09:02:06,517836,809.9329471588135
7405,2022-02-08 09:02:15,517836,812.7446174621582
7406,2022-02-08 09:02:36,517836,779.6761989593506
7407,2022-02-08 09:02:42,517836,757.8308582305908
7408,2022-02-08 10:02:09,517836,770.5299854278564
7409,2022-02-08 10:02:26,517836,765.6352519989014
7410,2022-02-08 10:02:57,517836,785.2625846862793
7411,2022-02-08 10:02:59,517836,767.026424407959
7412,2022-02-08 11:02:21,517836,801.055908203125
7413,2022-02-08 11:02:27,517836,831.3777446746826
7414,2022-02-09 12:02:39,517836,732.4895858764648
7415,2022-02-08 11:02:44,517837,742.6869869232178
7416,2022-02-09 01:02:11,517837,750.1480579376221
7417,2022-02-09 01:02:50,517837,824.2740631103516
7418,2022-02-09 12:02:31,517837,744.135856628418
7419,2022-02-09 12:02:31,517837,761.2509727478027
7420,2022-02-09 12:02:56,517837,762.9928588867188
7421,2022-02-09 01:02:18,517838,825.859546661377
7422,2022-02-09 01:02:34,517838,762.7475261688232
7423,2022-02-09 01:02:44,517838,768.4907913208008
7424,2022-02-09 01:02:51,517838,774.3487358093262
7425,2022-02-09 01:02:55,517838,775.606632232666
7426,2022-02-09 02:02:04,517838,766.3605213165283
7427,2022-02-09 02:02:07,517838,792.7827835083008
7428,2022-02-09 02:02:10,517838,788.1920337677002
7429,2022-02-09 02:02:59,517838,802.595853805542
7430,2022-02-09 03:02:31,517838,821.3222026824951
7431,2022-02-09 03:02:46,517838,851.895809173584
7432,2022-02-09 12:02:40,517838,745.4445362091064
7433,2022-02-09 12:02:54,517838,806.948184967041
7434,2022-02-09 02:02:26,517839,753.9641857147217
7435,2022-02-09 03:02:51,517839,774.3816375732422
7436,2022-02-09 02:02:02,517840,766.7257785797119
7437,2022-02-09 03:02:15,517840,781.6269397735596
7438,2022-02-09 03:02:15,517840,746.1590766906738
7439,2022-02-09 03:02:20,517840,888.6444568634033
7440,2022-02-09 03:02:44,517840,769.005298614502
7441,2022-02-09 03:02:57,517840,799.1070747375488
7442,2022-02-09 04:02:02,517840,773.2582092285156
7443,2022-02-09 04:02:10,517840,753.7426948547363
7444,2022-02-09 04:02:41,517840,790.764570236206
7445,2022-02-09 04:02:47,517840,748.3417987823486
7446,2022-02-09 04:02:08,517843,796.778678894043
7447,2022-02-09 04:02:36,517843,791.9332981109619
7448,2022-02-09 05:02:33,517843,760.9736919403076
7449,2022-02-09 05:02:51,517843,739.9494647979736
7450,2022-02-09 06:02:28,517843,772.9401588439941
7451,2022-02-09 06:02:31,517843,747.9033470153809
7452,2022-02-09 05:02:40,517844,763.2138729095459
7453,2022-02-09 06:02:36,517844,745.1779842376709
7454,2022-02-09 07:02:08,517844,738.5282516479492
7455,2022-02-09 07:02:46,517844,732.3904037475586
7456,2022-02-09 06:02:06,517845,732.734203338623
7457,2022-02-09 06:02:59,517845,761.7874145507812
7458,2022-02-09 07:02:11,517845,719.7282314300537
7459,2022-02-09 07:02:17,517845,727.470874786377
7460,2022-02-09 09:02:12,517850,757.6184272766113
7461,2022-02-09 09:02:23,517850,794.9111461639404
7462,2022-02-09 01:02:44,517851,793.9069271087646
7463,2022-02-09 11:02:09,517851,773.8199234008789
7464,2022-02-09 01:02:45,517852,789.9858951568604
7465,2022-02-09 01:02:54,517852,796.4663505554199
7466,2022-02-09 02:02:14,517852,846.7061519622803
7467,2022-02-09 03:02:46,517852,750.9746551513672
7468,2022-02-09 12:02:48,517852,773.3578681945801
7469,2022-02-09 01:02:24,517853,818.3677196502686
7470,2022-02-09 02:02:28,517855,765.859842300415
7471,2022-02-09 03:02:14,517855,753.4074783325195
7472,2022-02-09 02:02:19,517856,768.4304714202881
7473,2022-02-09 02:02:57,517856,830.1942348480225
7474,2022-02-09 05:02:26,517861,813.5116100311279
7475,2022-02-09 05:02:35,517861,812.079906463623
7476,2022-02-09 07:02:00,517861,787.5335216522217
7477,2022-02-09 07:02:15,517861,778.6462306976318
7478,2022-02-09 07:02:39,517861,781.165599822998
7479,2022-02-09 06:02:58,517863,748.1343746185303
7480,2022-02-09 07:02:14,517863,885.775089263916
7481,2022-02-09 08:02:27,517863,801.3300895690918
7482,2022-02-09 08:02:56,517863,758.1307888031006
7483,2022-02-09 09:02:21,517863,963.8166427612305
7484,2022-02-09 09:02:56,517863,818.0034160614014
7485,2022-02-09 08:02:44,517864,820.3189373016357
7486,2022-02-09 09:02:08,517864,776.3352394104004
7487,2022-02-09 10:02:14,517868,780.0729274749756
7488,2022-02-09 10:02:18,517868,776.0751247406006
7489,2022-02-09 10:02:52,517868,811.7673397064209
7490,2022-02-09 11:02:09,517868,743.3109283447266
7491,2022-02-09 11:02:40,517868,897.4976539611816
7492,2022-02-09 11:02:50,517868,757.2052478790283
7493,2022-02-10 12:02:33,517868,770.1921463012695
7494,2022-02-09 11:02:47,517869,790.9865379333496
7495,2022-02-10 12:02:11,517869,738.0359172821045
7496,2022-02-10 02:02:17,517872,805.2716255187988
7497,2022-02-10 02:02:34,517872,767.3454284667969
7498,2022-02-10 03:02:07,517872,810.1413249969482
7499,2022-02-10 05:02:49,517872,793.997049331665
7500,2022-02-10 05:02:26,517873,788.2509231567383
7501,2022-02-10 06:02:06,517873,771.3077068328857
7502,2022-02-10 06:02:14,517875,840.1679992675781
7503,2022-02-10 06:02:16,517875,786.3423824310303
7504,2022-02-10 07:02:01,517875,774.4793891906738
7505,2022-02-10 06:02:07,517876,770.5204486846924
7506,2022-02-10 06:02:26,517876,796.6692447662354
7507,2022-02-10 01:02:11,517878,793.0352687835693
7508,2022-02-10 09:02:05,517878,767.0104503631592
7509,2022-02-10 10:02:25,517878,764.6820545196533
7510,2022-02-10 11:02:05,517878,734.5263957977295
7511,2022-02-10 11:02:07,517878,868.3180809020996
7512,2022-02-10 11:02:49,517878,793.3297157287598
7513,2022-02-10 12:02:02,517878,807.091474533081
7514,2022-02-10 12:02:15,517878,773.9057540893555
7515,2022-02-10 12:02:34,517878,775.3281593322754
7516,2022-02-10 01:02:56,517879,791.0852432250977
7517,2022-02-10 12:02:56,517879,802.112340927124
7518,2022-02-10 01:02:37,517881,787.1179580688477
7519,2022-02-10 01:02:47,517881,830.7294845581055
7520,2022-02-10 02:02:11,517881,787.9431247711182
7521,2022-02-10 02:02:29,517881,806.7584037780762
7522,2022-02-10 03:02:00,517881,730.6554317474365
7523,2022-02-10 03:02:52,517881,739.5613193511963
7524,2022-02-10 02:02:22,517882,796.7493534088135
7525,2022-02-10 03:02:32,517882,775.5813598632812
7526,2022-02-10 02:02:06,517883,855.9741973876953
7527,2022-02-10 04:02:56,517883,811.9831085205078
7528,2022-02-10 03:02:22,517885,822.2193717956543
7529,2022-02-10 03:02:51,517885,790.0686264038086
7530,2022-02-10 04:02:59,517885,797.8689670562744
7531,2022-02-10 03:02:14,517886,781.2788486480713
7532,2022-02-10 05:02:59,517886,816.8132305145264
7533,2022-02-10 07:02:14,517888,773.5824584960938
7534,2022-02-10 07:02:29,517888,797.8804111480713
7535,2022-02-10 08:02:19,517888,810.7879161834717
7536,2022-02-10 08:02:44,517888,779.2539596557617
7537,2022-02-10 08:02:17,517890,801.393985748291
7538,2022-02-10 08:02:33,517890,779.5557975769043
7539,2022-02-10 08:02:15,517891,1442.333459854126
7540,2022-02-10 09:02:55,517891,782.400369644165
7541,2022-02-10 08:02:14,517892,773.3554840087891
7542,2022-02-10 09:02:08,517892,781.404972076416
7543,2022-02-10 10:02:25,517892,778.8288593292236
7544,2022-02-10 10:02:50,517892,794.1019535064697
7545,2022-02-10 09:02:43,517894,800.6324768066406
7546,2022-02-10 11:02:19,517894,789.9379730224609
7547,2022-02-10 11:02:39,517894,821.3183879852295
7548,2022-02-10 11:02:40,517894,773.8244533538818
7549,2022-02-11 11:02:20,517894,834.7103595733643
7550,2022-02-11 11:02:42,517894,758.0733299255371
7551,2022-02-11 12:02:12,517894,768.5787677764893
7552,2022-02-11 12:02:51,517894,770.7886695861816
7553,2022-02-10 11:02:22,517895,815.2520656585693
7554,2022-02-10 11:02:49,517896,1358.0365180969238
7555,2022-02-11 12:02:15,517896,764.3988132476807
7556,2022-02-11 01:02:52,517897,771.6920375823975
7557,2022-02-11 02:02:09,517897,785.8545780181885
7558,2022-02-11 02:02:12,517897,784.0428352355957
7559,2022-02-11 12:02:36,517897,1175.5585670471191
7560,2022-02-11 12:02:31,517898,763.8587951660156
7561,2022-02-11 01:02:00,517902,821.4647769927979
7562,2022-02-11 01:02:15,517902,763.6220455169678
7563,2022-02-11 01:02:42,517902,870.4211711883545
7564,2022-02-11 01:02:45,517902,787.1007919311523
7565,2022-02-11 01:02:45,517902,783.7255001068115
7566,2022-02-11 02:02:10,517902,791.2557125091553
7567,2022-02-11 02:02:11,517902,771.1310386657715
7568,2022-02-11 02:02:29,517902,796.2889671325684
7569,2022-02-11 02:02:38,517902,767.1158313751221
7570,2022-02-11 03:02:07,517902,784.7814559936523
7571,2022-02-11 03:02:24,517902,823.9367008209229
7572,2022-02-11 03:02:59,517902,773.3430862426758
7573,2022-02-11 06:02:12,517902,790.7528877258301
7574,2022-02-11 07:02:40,517902,796.8852519989014
7575,2022-02-11 08:02:33,517902,788.7492179870605
7576,2022-02-11 09:02:01,517902,780.5569171905518
7577,2022-02-11 09:02:25,517902,783.2255363464355
7578,2022-02-11 09:02:55,517902,775.2320766448975
7579,2022-02-11 10:02:01,517902,807.5878620147705
7580,2022-02-11 10:02:16,517902,776.4730453491211
7581,2022-02-11 10:02:21,517902,757.7269077301025
7582,2022-02-11 10:02:44,517902,760.8351707458496
7583,2022-02-11 10:02:48,517902,759.6149444580078
7584,2022-02-11 11:02:02,517902,765.3553485870361
7585,2022-02-11 11:02:05,517902,794.0139770507812
7586,2022-02-11 11:02:42,517902,759.772777557373
7587,2022-02-11 11:02:47,517902,756.3633918762207
7588,2022-02-11 11:02:58,517902,810.1625442504883
7589,2022-02-11 12:02:30,517902,1391.5870189666748
7590,2022-02-11 12:02:30,517902,777.5280475616455
7591,2022-02-11 02:02:51,517903,792.0718193054199
7592,2022-02-11 03:02:51,517903,771.5346813201904
7593,2022-02-11 04:02:24,517903,787.8141403198242
7594,2022-02-11 04:02:45,517903,822.0841884613037
7595,2022-02-11 03:02:46,517904,763.3483409881592
7596,2022-02-11 04:02:48,517904,759.6392631530762
7597,2022-02-11 02:02:51,517905,818.206787109375
7598,2022-02-11 03:02:12,517905,794.96169090271
7599,2022-02-11 03:02:23,517905,772.2506523132324
7600,2022-02-11 03:02:31,517905,756.4787864685059
7601,2022-02-11 03:02:35,517905,851.5851497650146
7602,2022-02-11 03:02:43,517905,776.1359214782715
7603,2022-02-11 04:02:18,517905,766.7744159698486
7604,2022-02-11 04:02:46,517905,773.7469673156738
7605,2022-02-11 04:02:55,517905,759.8998546600342
7606,2022-02-11 05:02:33,517905,774.8305797576904
7607,2022-02-11 05:02:39,517905,771.6522216796875
7608,2022-02-11 04:02:40,517906,793.6341762542725
7609,2022-02-11 04:02:55,517906,793.7867641448975
7610,2022-02-11 05:02:17,517910,750.7505416870117
7611,2022-02-11 05:02:55,517910,784.4104766845703
7612,2022-02-11 06:02:25,517910,764.1985416412354
7613,2022-02-11 07:02:06,517910,762.8128528594971
7614,2022-02-11 07:02:40,517910,768.8040733337402
7615,2022-02-11 06:02:29,517912,767.6019668579102
7616,2022-02-11 07:02:12,517912,794.7952747344971
7617,2022-02-11 08:02:11,517912,772.3853588104248
7618,2022-02-11 08:02:54,517912,790.5011177062988
7619,2022-02-11 09:02:24,517912,793.5976982116699
7620,2022-02-11 09:02:29,517914,817.4726963043213
7621,2022-02-11 09:02:23,517915,753.7446022033691
7622,2022-02-11 10:02:22,517915,803.8284778594971
7623,2022-02-12 01:02:09,517919,795.9244251251221
7624,2022-02-12 01:02:43,517919,773.3848094940186
7625,2022-02-12 01:02:51,517919,791.3665771484375
7626,2022-02-12 02:02:28,517919,772.8579044342041
7627,2022-02-12 02:02:32,517919,766.1657333374023
7628,2022-02-12 01:02:43,517920,799.7322082519531
7629,2022-02-12 02:02:15,517920,828.8769721984863
7630,2022-02-12 02:02:41,517920,806.596040725708
7631,2022-02-12 03:02:04,517920,811.1891746520996
7632,2022-02-12 03:02:04,517920,811.619758605957
7633,2022-02-12 03:02:27,517920,816.0185813903809
7634,2022-02-12 09:02:37,517922,763.7519836425781
7635,2022-02-12 04:02:28,517924,778.8774967193604
7636,2022-02-12 05:02:38,517924,761.380672454834
7637,2022-02-12 08:02:40,517924,795.4232692718506
7638,2022-02-12 09:02:38,517924,770.8077430725098
7639,2022-02-13 04:02:13,517925,826.7338275909424
7640,2022-02-13 01:02:41,517926,791.4221286773682
7641,2022-02-13 02:02:12,517926,767.5614356994629
7642,2022-02-13 04:02:43,517926,770.7960605621338
7643,2022-02-13 05:02:56,517926,811.5718364715576
7644,2022-02-14 02:02:37,517928,814.7614002227783
7645,2022-02-14 03:02:31,517928,800.9583950042725
7646,2022-02-14 03:02:33,517928,795.2513694763184
7647,2022-02-14 03:02:49,517928,767.2762870788574
7648,2022-02-14 04:02:22,517928,785.0503921508789
7649,2022-02-14 04:02:44,517928,854.7639846801758
7650,2022-02-14 04:02:46,517928,761.9223594665527
7651,2022-02-14 04:02:55,517928,782.5286388397217
7652,2022-02-14 05:02:13,517928,853.9998531341553
7653,2022-02-14 05:02:26,517928,1071.4919567108154
7654,2022-02-14 05:02:42,517928,776.0365009307861
7655,2022-02-14 06:02:43,517928,802.7572631835938
7656,2022-02-14 06:02:53,517928,773.5447883605957
7657,2022-02-14 06:02:54,517928,768.8243389129639
7658,2022-02-14 07:02:10,517928,790.9555435180664
7659,2022-02-14 07:02:18,517928,804.9812316894531
7660,2022-02-14 07:02:22,517928,759.007453918457
7661,2022-02-14 07:02:47,517928,770.1816558837891
7662,2022-02-14 01:02:32,517929,1334.226131439209
7663,2022-02-14 01:02:42,517929,790.4281616210938
7664,2022-02-14 02:02:30,517929,790.1504039764404
7665,2022-02-14 05:02:07,517929,753.4999847412109
7666,2022-02-14 05:02:17,517929,763.6814117431641
7667,2022-02-14 05:02:31,517929,771.1424827575684
7668,2022-02-14 06:02:28,517929,757.4150562286377
7669,2022-02-14 08:02:20,517929,807.1129322052002
7670,2022-02-14 09:02:34,517929,777.1122455596924
7671,2022-02-14 09:02:39,517929,800.6374835968018
7672,2022-02-14 02:02:15,517930,777.437686920166
7673,2022-02-14 10:02:35,517930,831.6559791564941
7674,2022-02-14 03:02:14,517931,772.5808620452881
7675,2022-02-14 04:02:51,517931,768.9845561981201
7676,2022-02-14 05:02:19,517931,776.7508029937744
7677,2022-02-14 05:02:31,517931,813.7974739074707
7678,2022-02-14 06:02:11,517931,788.9609336853027
7679,2022-02-14 06:02:16,517931,752.3109912872314
7680,2022-02-14 06:02:19,517931,762.094259262085
7681,2022-02-14 06:02:47,517931,804.685115814209
7682,2022-02-14 06:02:57,517931,785.6316566467285
7683,2022-02-14 01:02:40,517932,768.3374881744385
7684,2022-02-14 02:02:43,517932,793.569803237915
7685,2022-02-14 03:02:33,517932,804.215669631958
7686,2022-02-14 04:02:03,517932,769.83642578125
7687,2022-02-14 04:02:03,517932,789.1054153442383
7688,2022-02-14 04:02:21,517932,803.856372833252
7689,2022-02-14 04:02:47,517932,772.9799747467041
7690,2022-02-14 04:02:47,517932,761.6901397705078
7691,2022-02-14 05:02:07,517932,749.3622303009033
7692,2022-02-14 05:02:31,517932,785.7208251953125
7693,2022-02-14 05:02:41,517932,769.5748805999756
7694,2022-02-14 05:02:45,517932,774.0836143493652
7695,2022-02-14 06:02:09,517932,794.0356731414795
7696,2022-02-14 06:02:17,517932,785.5253219604492
7697,2022-02-14 06:02:18,517932,803.8573265075684
7698,2022-02-14 06:02:25,517932,746.5710639953613
7699,2022-02-14 06:02:27,517932,774.0681171417236
7700,2022-02-14 06:02:29,517932,802.0939826965332
7701,2022-02-14 06:02:40,517932,749.150276184082
7702,2022-02-14 06:02:55,517932,813.7383460998535
7703,2022-02-14 06:02:58,517932,750.2317428588867
7704,2022-02-14 07:02:03,517932,798.6366748809814
7705,2022-02-14 07:02:08,517932,807.2044849395752
7706,2022-02-14 07:02:14,517932,772.3453044891357
7707,2022-02-14 07:02:36,517932,764.4672393798828
7708,2022-02-14 07:02:42,517932,797.2755432128906
7709,2022-02-14 07:02:46,517932,778.1376838684082
7710,2022-02-14 07:02:55,517932,789.2551422119141
7711,2022-02-14 08:02:00,517932,768.460750579834
7712,2022-02-14 08:02:18,517932,792.2465801239014
7713,2022-02-14 08:02:21,517932,809.0183734893799
7714,2022-02-14 08:02:23,517932,778.9309024810791
7715,2022-02-14 08:02:25,517932,759.4044208526611
7716,2022-02-14 08:02:29,517932,1553.6043643951416
7717,2022-02-14 08:02:29,517932,768.6381340026855
7718,2022-02-14 08:02:36,517932,813.5743141174316
7719,2022-02-14 08:02:46,517932,787.8847122192383
7720,2022-02-14 08:02:49,517932,773.6959457397461
7721,2022-02-14 09:02:03,517932,780.1148891448975
7722,2022-02-14 09:02:10,517932,769.8080539703369
7723,2022-02-14 09:02:14,517932,768.5925960540771
7724,2022-02-14 09:02:14,517932,773.6561298370361
7725,2022-02-14 09:02:18,517932,813.4474754333496
7726,2022-02-14 09:02:27,517932,744.7049617767334
7727,2022-02-14 09:02:32,517932,765.7186985015869
7728,2022-02-14 09:02:37,517932,770.3990936279297
7729,2022-02-14 09:02:42,517932,780.8008193969727
7730,2022-02-14 09:02:42,517932,758.1665515899658
7731,2022-02-14 09:02:48,517932,809.7693920135498
7732,2022-02-14 09:02:51,517932,765.300989151001
7733,2022-02-14 09:02:53,517932,813.6651515960693
7734,2022-02-14 10:02:10,517932,769.4475650787354
7735,2022-02-14 10:02:10,517932,782.9811573028564
7736,2022-02-14 10:02:12,517932,765.6381130218506
7737,2022-02-14 10:02:12,517932,772.6857662200928
7738,2022-02-14 10:02:29,517932,957.5819969177246
7739,2022-02-14 10:02:47,517932,793.3623790740967
7740,2022-02-14 11:02:02,517932,813.4217262268066
7741,2022-02-14 11:02:06,517932,944.5013999938965
7742,2022-02-14 11:02:23,517932,876.4684200286865
7743,2022-02-14 11:02:39,517932,760.0107192993164
7744,2022-02-14 10:02:11,517933,774.6458053588867
7745,2022-02-14 10:02:52,517933,819.1397190093994
7746,2022-02-14 11:02:17,517933,778.1856060028076
7747,2022-02-14 11:02:30,517933,793.2815551757812
7748,2022-02-15 12:02:18,517933,781.4419269561768
7749,2022-02-15 12:02:49,517933,787.5950336456299
7750,2022-02-14 10:02:11,517934,798.7213134765625
7751,2022-02-14 10:02:03,517936,785.4485511779785
7752,2022-02-14 10:02:54,517936,768.4767246246338
7753,2022-02-14 11:02:04,517936,749.8366832733154
7754,2022-02-14 11:02:05,517936,746.5603351593018
7755,2022-02-15 01:02:16,517936,1039.5493507385254
7756,2022-02-15 01:02:48,517936,770.2748775482178
7757,2022-02-15 12:02:30,517936,746.2985515594482
7758,2022-02-15 12:02:45,517936,775.9428024291992
7759,2022-02-15 12:02:47,517936,767.0702934265137
7760,2022-02-15 12:02:50,517936,805.117130279541
7761,2022-02-15 01:02:27,517937,1021.8808650970459
7762,2022-02-15 01:02:32,517937,741.7948246002197
7763,2022-02-15 02:02:08,517937,803.4069538116455
7764,2022-02-15 03:02:47,517937,765.7663822174072
7765,2022-02-15 04:02:15,517937,852.2830009460449
7766,2022-02-15 04:02:23,517937,781.3043594360352
7767,2022-02-15 03:02:10,517939,797.3732948303223
7768,2022-02-15 05:02:16,517939,796.6663837432861
7769,2022-02-15 05:02:46,517939,790.1194095611572
7770,2022-02-15 05:02:52,517939,787.8715991973877
7771,2022-02-15 06:02:32,517939,775.4898071289062
7772,2022-02-15 06:02:37,517939,803.0445575714111
7773,2022-02-15 08:02:29,517939,763.6499404907227
7774,2022-02-15 08:02:39,517939,754.9874782562256
7775,2022-02-15 05:02:06,517940,810.4650974273682
7776,2022-02-15 06:02:38,517940,765.6192779541016
7777,2022-02-15 07:02:55,517940,1015.9592628479004
7778,2022-02-15 06:02:17,517941,830.0356864929199
7779,2022-02-15 08:02:48,517941,827.5787830352783
7780,2022-02-15 09:02:19,517948,768.9645290374756
7781,2022-02-15 10:02:34,517948,782.6483249664307
7782,2022-02-15 10:02:40,517948,762.9480361938477
7783,2022-02-15 10:02:47,517948,758.439302444458
7784,2022-02-15 11:02:27,517948,777.5819301605225
7785,2022-02-15 11:02:42,517948,768.9580917358398
7786,2022-02-15 10:02:25,517950,1022.9229927062988
7787,2022-02-15 11:02:28,517950,778.203010559082
7788,2022-02-15 10:02:35,517951,748.0311393737793
7789,2022-02-15 11:02:15,517951,755.5348873138428
7790,2022-02-15 12:02:35,517951,753.0972957611084
7791,2022-02-15 12:02:41,517951,754.2827129364014
7792,2022-02-15 01:02:02,517954,754.4939517974854
7793,2022-02-15 01:02:19,517954,754.8494338989258
7794,2022-02-15 02:02:03,517954,751.9688606262207
7795,2022-02-15 02:02:32,517954,773.4603881835938
7796,2022-02-15 12:02:28,517954,786.829948425293
7797,2022-02-15 12:02:35,517954,770.780086517334
7798,2022-02-15 07:02:24,517957,782.4273109436035
7799,2022-02-15 09:02:52,517959,801.577091217041
7800,2022-02-15 10:02:19,517959,794.1982746124268
7801,2022-02-15 10:02:49,517959,794.0473556518555
7802,2022-02-15 11:02:28,517959,803.4682273864746
7803,2022-02-15 11:02:29,517959,785.0844860076904
7804,2022-02-15 11:02:46,517959,824.5055675506592
7805,2022-02-16 12:02:05,517959,814.3520355224609
7806,2022-02-16 12:02:29,517959,753.0224323272705
7807,2022-02-15 11:02:17,517960,774.876594543457
7808,2022-02-15 11:02:17,517960,799.3886470794678
7809,2022-02-15 11:02:18,517960,773.540735244751
7810,2022-02-15 11:02:39,517960,834.514856338501
7811,2022-02-16 01:02:36,517960,776.9153118133545
7812,2022-02-16 01:02:44,517960,776.3035297393799
7813,2022-02-16 01:02:45,517960,791.4187908172607
7814,2022-02-16 01:02:51,517960,803.2612800598145
7815,2022-02-16 02:02:19,517960,814.3320083618164
7816,2022-02-16 12:02:31,517960,797.1043586730957
7817,2022-02-15 11:02:47,517961,801.0597229003906
7818,2022-02-16 02:02:43,517961,787.4674797058105
7819,2022-02-16 12:02:54,517961,844.7506427764893
7820,2022-02-16 02:02:23,517962,775.2399444580078
7821,2022-02-16 03:02:16,517962,807.3654174804688
7822,2022-02-16 03:02:30,517962,892.6820755004883
7823,2022-02-16 03:02:54,517962,801.9487857818604
7824,2022-02-16 12:02:54,517962,839.0247821807861
7825,2022-02-16 12:02:56,517962,823.6801624298096
7826,2022-02-16 04:02:07,517965,772.5205421447754
7827,2022-02-16 04:02:47,517965,872.8439807891846
7828,2022-02-16 05:02:07,517965,803.9476871490479
7829,2022-02-16 05:02:19,517965,799.4487285614014
7830,2022-02-16 05:02:41,517965,806.2388896942139
7831,2022-02-16 07:02:42,517965,747.5578784942627
7832,2022-02-16 08:02:24,517965,831.4652442932129
7833,2022-02-16 08:02:55,517965,1303.260326385498
7834,2022-02-16 06:02:48,517966,823.8766193389893
7835,2022-02-16 07:02:34,517966,781.2519073486328
7836,2022-02-16 06:02:18,517967,816.1087036132812
7837,2022-02-16 06:02:25,517967,817.4088001251221
7838,2022-02-16 07:02:20,517967,837.6226425170898
7839,2022-02-16 08:02:07,517967,820.7473754882812
7840,2022-02-16 08:02:35,517967,803.6320209503174
7841,2022-02-16 08:02:50,517967,833.9695930480957
7842,2022-02-16 09:02:09,517971,769.7947025299072
7843,2022-02-16 09:02:18,517971,847.9511737823486
7844,2022-02-16 09:02:29,517971,758.2345008850098
7845,2022-02-16 09:02:30,517971,792.9396629333496
7846,2022-02-16 10:02:37,517971,837.9001617431641
7847,2022-02-16 10:02:43,517971,793.3893203735352
7848,2022-02-16 10:02:47,517971,796.3323593139648
7849,2022-02-16 10:02:54,517971,874.9759197235107
7850,2022-02-16 11:02:55,517971,781.1760902404785
7851,2022-02-16 11:02:11,517972,790.7116413116455
7852,2022-02-16 11:02:13,517972,781.7389965057373
7853,2022-02-16 12:02:01,517972,737.0905876159668
7854,2022-02-16 12:02:37,517972,784.6615314483643
7855,2022-02-16 01:02:32,517974,737.8888130187988
7856,2022-02-16 12:02:59,517974,805.9709072113037
7857,2022-02-16 01:02:28,517975,807.4171543121338
7858,2022-02-16 01:02:12,517976,886.1300945281982
7859,2022-02-16 02:02:09,517977,820.7302093505859
7860,2022-02-16 02:02:54,517977,778.9013385772705
7861,2022-02-16 03:02:08,517977,786.1464023590088
7862,2022-02-16 02:02:52,517978,836.5650177001953
7863,2022-02-16 04:02:57,517985,762.3205184936523
7864,2022-02-16 05:02:15,517987,754.5046806335449
7865,2022-02-16 05:02:44,517987,769.9503898620605
7866,2022-02-16 07:02:49,517990,811.6269111633301
7867,2022-02-16 08:02:13,517993,796.849250793457
7868,2022-02-16 08:02:13,517994,765.0468349456787
7869,2022-02-16 09:02:26,517994,885.4193687438965
7870,2022-02-16 09:02:31,517996,762.1941566467285
7871,2022-02-16 10:02:14,517997,804.6939373016357
7872,2022-02-17 02:02:08,518005,746.9892501831055
7873,2022-02-17 02:02:37,518005,771.970272064209
7874,2022-02-17 05:02:38,518007,807.6019287109375
7875,2022-02-17 06:02:08,518007,759.7768306732178
7876,2022-02-17 07:02:03,518007,766.3059234619141
7877,2022-02-17 09:02:06,518007,787.9447937011719
7878,2022-02-17 09:02:24,518007,772.0696926116943
7879,2022-02-17 01:02:50,518009,815.7806396484375
7880,2022-02-17 12:02:06,518009,822.277307510376
7881,2022-02-17 12:02:30,518009,790.3485298156738
7882,2022-02-17 12:02:56,518009,768.4898376464844
7883,2022-02-17 01:02:21,518011,803.337812423706
7884,2022-02-17 02:02:17,518011,797.5776195526123
7885,2022-02-17 02:02:58,518011,788.801908493042
7886,2022-02-17 02:02:59,518011,779.1554927825928
7887,2022-02-17 04:02:42,518013,798.5281944274902
7888,2022-02-17 05:02:30,518013,776.0410308837891
7889,2022-02-17 05:02:30,518013,775.1538753509521
7890,2022-02-17 05:02:33,518013,803.2584190368652
7891,2022-02-17 05:02:40,518013,780.9324264526367
7892,2022-02-17 05:02:54,518013,770.4582214355469
7893,2022-02-17 05:02:54,518013,783.0557823181152
7894,2022-02-17 07:02:45,518013,767.859935760498
7895,2022-02-17 07:02:57,518013,753.3550262451172
7896,2022-02-17 06:02:56,518014,768.6560153961182
7897,2022-02-17 07:02:08,518015,755.5010318756104
7898,2022-02-17 07:02:28,518015,765.0628089904785
7899,2022-02-17 08:02:06,518015,823.1391906738281
7900,2022-02-17 08:02:27,518015,758.3072185516357
7901,2022-02-17 08:02:18,518018,797.3783016204834
7902,2022-02-17 09:02:45,518018,786.53883934021
7903,2022-02-17 09:02:11,518019,814.3861293792725
7904,2022-02-17 09:02:20,518019,778.0342102050781
7905,2022-02-17 09:02:20,518019,776.9913673400879
7906,2022-02-17 10:02:13,518019,785.7825756072998
7907,2022-02-18 12:02:20,518021,850.555419921875
7908,2022-02-18 12:02:38,518022,741.9083118438721
7909,2022-02-18 01:02:58,518026,755.0888061523438
7910,2022-02-18 02:02:59,518026,745.4788684844971
7911,2022-02-18 04:02:10,518029,807.9376220703125
7912,2022-02-18 04:02:41,518029,761.2617015838623
7913,2022-02-18 05:02:11,518030,1112.7798557281494
7914,2022-02-18 06:02:58,518030,765.1216983795166
7915,2022-02-18 08:02:24,518033,846.2789058685303
7916,2022-02-18 11:02:00,518033,977.7545928955078
7917,2022-02-18 12:02:44,518033,779.0272235870361
7918,2022-02-18 01:02:52,518034,769.148588180542
7919,2022-02-18 01:02:55,518034,781.684398651123
7920,2022-02-18 03:02:18,518034,739.276647567749
7921,2022-02-18 11:02:30,518034,816.7026042938232
7922,2022-02-18 12:02:01,518034,785.1574420928955
7923,2022-02-18 12:02:59,518034,748.7833499908447
7924,2022-02-18 03:02:16,518036,783.2212448120117
7925,2022-02-18 03:02:55,518036,806.1227798461914
7926,2022-02-18 04:02:34,518037,771.1176872253418
7927,2022-02-18 04:02:09,518038,748.4560012817383
7928,2022-02-18 05:02:06,518038,743.4101104736328
7929,2022-02-18 05:02:36,518039,769.5016860961914
7930,2022-02-18 06:02:08,518039,767.225980758667
7931,2022-02-18 06:02:44,518039,768.6161994934082
7932,2022-02-18 07:02:19,518039,786.3852977752686
7933,2022-02-18 06:02:58,518041,802.959680557251
7934,2022-02-18 08:02:39,518041,798.6903190612793
7935,2022-02-18 08:02:06,518042,756.2894821166992
7936,2022-02-18 08:02:09,518042,829.1778564453125
7937,2022-02-18 08:02:37,518042,788.2885932922363
7938,2022-02-18 09:02:58,518042,813.1091594696045
7939,2022-02-18 10:02:34,518043,830.5809497833252
7940,2022-02-19 12:02:18,518043,823.2998847961426
7941,2022-02-19 01:02:29,518044,784.5301628112793
7942,2022-02-19 01:02:41,518044,782.4604511260986
7943,2022-02-20 04:02:35,518049,816.0006999969482
7944,2022-02-21 06:02:38,518049,799.4680404663086
7945,2022-02-21 07:02:47,518049,788.1667613983154
7946,2022-02-21 01:02:12,518050,803.1058311462402
7947,2022-02-21 06:02:54,518050,777.4658203125
7948,2022-02-21 07:02:18,518050,837.7833366394043
7949,2022-02-21 09:02:19,518050,788.9199256896973
7950,2022-02-21 09:02:39,518050,797.1246242523193
7951,2022-02-21 10:02:02,518050,821.8119144439697
7952,2022-02-21 10:02:54,518050,798.903226852417
7953,2022-02-21 11:02:06,518050,821.7141628265381
7954,2022-02-21 11:02:29,518050,795.771598815918
7955,2022-02-21 11:02:32,518050,797.0116138458252
7956,2022-02-21 12:02:25,518050,788.4557247161865
7957,2022-02-21 12:02:38,518050,785.1827144622803
7958,2022-02-21 12:02:40,518050,776.4022350311279
7959,2022-02-21 12:02:47,518050,805.1126003265381
7960,2022-02-21 01:02:07,518051,806.2286376953125
7961,2022-02-21 01:02:40,518051,813.8084411621094
7962,2022-02-21 01:02:44,518051,802.753210067749
7963,2022-02-21 02:02:00,518051,831.0492038726807
7964,2022-02-21 02:02:03,518051,814.5158290863037
7965,2022-02-21 02:02:11,518051,791.6955947875977
7966,2022-02-21 02:02:18,518051,804.1536808013916
7967,2022-02-21 02:02:37,518051,798.5897064208984
7968,2022-02-21 02:02:43,518051,797.2140312194824
7969,2022-02-21 02:02:58,518051,783.4391593933105
7970,2022-02-21 03:02:15,518051,789.0076637268066
7971,2022-02-21 03:02:43,518051,792.5279140472412
7972,2022-02-21 04:02:00,518051,814.9058818817139
7973,2022-02-21 04:02:46,518051,767.6103115081787
7974,2022-02-21 04:02:47,518051,779.8752784729004
7975,2022-02-21 04:02:18,518053,815.4318332672119
7976,2022-02-21 04:02:39,518053,791.3632392883301
7977,2022-02-21 05:02:18,518053,785.1526737213135
7978,2022-02-21 05:02:38,518053,825.2518177032471
7979,2022-02-21 06:02:17,518053,785.3882312774658
7980,2022-02-21 06:02:48,518053,781.9693088531494
7981,2022-02-21 06:02:38,518058,759.1133117675781
7982,2022-02-21 07:02:22,518058,784.0611934661865
7983,2022-02-21 07:02:44,518058,797.6400852203369
7984,2022-02-21 07:02:46,518058,820.814847946167
7985,2022-02-21 07:02:56,518059,766.0672664642334
7986,2022-02-21 08:02:32,518059,806.2028884887695
7987,2022-02-22 01:02:27,518064,787.5156402587891
7988,2022-02-22 09:02:06,518064,851.3665199279785
7989,2022-02-22 09:02:35,518064,803.3337593078613
7990,2022-02-22 09:02:42,518064,792.9275035858154
7991,2022-02-22 09:02:56,518064,813.8880729675293
7992,2022-02-22 10:02:31,518064,798.8100051879883
7993,2022-02-22 10:02:42,518064,806.7383766174316
7994,2022-02-22 10:02:44,518064,853.417158126831
7995,2022-02-22 11:02:04,518064,763.0274295806885
7996,2022-02-22 11:02:04,518064,767.4775123596191
7997,2022-02-22 11:02:05,518064,773.9167213439941
7998,2022-02-22 11:02:23,518064,827.3272514343262
7999,2022-02-22 11:02:31,518064,814.0661716461182
8000,2022-02-22 11:02:41,518064,768.8274383544922
8001,2022-02-22 11:02:57,518064,765.5487060546875
8002,2022-02-22 12:02:35,518064,826.3554573059082
8003,2022-02-22 01:02:17,518065,774.0335464477539
8004,2022-02-22 01:02:27,518065,752.8386116027832
8005,2022-02-22 12:02:56,518065,779.3705463409424
8006,2022-02-22 12:02:58,518065,758.1501007080078
8007,2022-02-22 01:02:16,518067,817.4130916595459
8008,2022-02-22 12:02:47,518067,936.3582134246826
8009,2022-02-22 01:02:25,518069,1247.51877784729
8010,2022-02-22 01:02:40,518069,785.9866619110107
8011,2022-02-22 02:02:17,518069,768.5778141021729
8012,2022-02-22 02:02:39,518069,808.1767559051514
8013,2022-02-22 01:02:04,518070,810.3067874908447
8014,2022-02-22 01:02:24,518070,806.1859607696533
8015,2022-02-22 01:02:32,518070,839.5302295684814
8016,2022-02-22 02:02:08,518070,774.7869491577148
8017,2022-02-22 02:02:25,518070,794.9512004852295
8018,2022-02-22 02:02:25,518070,804.0151596069336
8019,2022-02-22 02:02:40,518071,787.7883911132812
8020,2022-02-22 03:02:21,518071,778.2225608825684
8021,2022-02-22 02:02:10,518072,765.8967971801758
8022,2022-02-22 02:02:24,518072,793.846607208252
8023,2022-02-22 03:02:05,518072,827.7361392974854
8024,2022-02-22 04:02:20,518072,776.7562866210938
8025,2022-02-22 06:02:40,518077,810.9219074249268
8026,2022-02-22 07:02:14,518077,819.2377090454102
8027,2022-02-22 07:02:37,518079,848.0789661407471
8028,2022-02-22 08:02:01,518079,833.528995513916
8029,2022-02-22 08:02:20,518079,786.6687774658203
8030,2022-02-22 09:02:44,518079,816.2939548492432
8031,2022-02-22 09:02:46,518079,855.4248809814453
8032,2022-02-22 09:02:51,518079,806.3104152679443
8033,2022-02-22 09:02:57,518079,779.9215316772461
8034,2022-02-23 12:02:19,518079,847.2950458526611
8035,2022-02-23 12:02:20,518079,822.9548931121826
8036,2022-02-23 12:02:44,518079,799.8447418212891
8037,2022-02-23 12:02:58,518079,791.2271022796631
8038,2022-02-22 08:02:18,518080,871.4501857757568
8039,2022-02-22 08:02:36,518080,809.9651336669922
8040,2022-02-22 09:02:08,518082,817.0597553253174
8041,2022-02-22 09:02:15,518082,807.443380355835
8042,2022-02-22 09:02:58,518082,798.917293548584
8043,2022-02-22 10:02:24,518082,790.4489040374756
8044,2022-02-22 10:02:45,518082,786.3304615020752
8045,2022-02-22 10:02:23,518083,796.1125373840332
8046,2022-02-22 10:02:41,518083,782.3545932769775
8047,2022-02-22 11:02:32,518083,947.9975700378418
8048,2022-02-22 10:02:11,518086,849.0829467773438
8049,2022-02-22 11:02:30,518088,802.2534847259521
8050,2022-02-22 11:02:54,518089,808.868408203125
8051,2022-02-23 12:02:53,518089,796.5114116668701
8052,2022-02-23 01:02:29,518090,825.8769512176514
8053,2022-02-23 12:02:29,518090,811.4855289459229
8054,2022-02-23 05:02:33,518098,861.7880344390869
8055,2022-02-23 05:02:15,518099,767.8117752075195
8056,2022-02-23 05:02:54,518099,793.4567928314209
8057,2022-02-23 06:02:11,518099,814.1517639160156
8058,2022-02-23 07:02:02,518099,807.3990345001221
8059,2022-02-23 07:02:15,518099,802.2561073303223
8060,2022-02-23 01:02:28,518100,797.6546287536621
8061,2022-02-23 06:02:35,518100,831.000566482544
8062,2022-02-23 06:02:39,518100,869.8375225067139
8063,2022-02-23 07:02:05,518100,782.1512222290039
8064,2022-02-23 07:02:36,518100,793.9143180847168
8065,2022-02-23 07:02:57,518100,781.8708419799805
8066,2022-02-23 08:02:06,518100,776.2362957000732
8067,2022-02-23 08:02:23,518100,801.3575077056885
8068,2022-02-23 08:02:38,518100,794.2647933959961
8069,2022-02-23 08:02:59,518100,844.4681167602539
8070,2022-02-23 09:02:16,518100,820.5552101135254
8071,2022-02-23 09:02:23,518100,802.7255535125732
8072,2022-02-23 09:02:30,518100,787.7318859100342
8073,2022-02-23 09:02:41,518100,816.8094158172607
8074,2022-02-23 09:02:41,518100,791.2006378173828
8075,2022-02-23 10:02:01,518100,830.6300640106201
8076,2022-02-23 10:02:54,518100,1067.5885677337646
8077,2022-02-23 10:02:56,518100,812.1109008789062
8078,2022-02-23 11:02:23,518100,1236.7088794708252
8079,2022-02-23 12:02:32,518100,907.1376323699951
8080,2022-02-23 01:02:29,518101,802.0658493041992
8081,2022-02-23 01:02:06,518102,788.4492874145508
8082,2022-02-23 02:02:19,518102,795.0136661529541
8083,2022-02-23 02:02:33,518102,768.9151763916016
8084,2022-02-23 02:02:49,518102,800.5924224853516
8085,2022-02-23 05:02:22,518106,809.7019195556641
8086,2022-02-23 05:02:05,518107,799.3113994598389
8087,2022-02-23 06:02:59,518109,804.6748638153076
8088,2022-02-23 08:02:14,518111,848.9079475402832
8089,2022-02-24 11:02:00,518111,804.6722412109375
8090,2022-02-24 11:02:02,518111,808.3407878875732
8091,2022-02-24 11:02:09,518111,792.572021484375
8092,2022-02-24 11:02:18,518111,818.4826374053955
8093,2022-02-23 09:02:11,518116,1473.4857082366943
8094,2022-02-23 10:02:48,518116,821.3303089141846
8095,2022-02-23 10:02:59,518117,782.6690673828125
8096,2022-02-23 11:02:40,518119,818.394660949707
8097,2022-02-24 03:02:34,518122,812.272310256958
8098,2022-02-24 03:02:58,518122,763.1187438964844
8099,2022-02-24 05:02:23,518122,788.6323928833008
8100,2022-02-24 05:02:52,518122,791.0833358764648
8101,2022-02-24 04:02:02,518123,784.390926361084
8102,2022-02-24 04:02:04,518123,804.9314022064209
8103,2022-02-24 06:02:50,518123,795.783281326294
8104,2022-02-24 05:02:07,518124,794.2352294921875
8105,2022-02-24 06:02:32,518124,830.5637836456299
8106,2022-02-24 09:02:43,518125,822.319507598877
8107,2022-02-24 10:02:22,518125,796.5421676635742
8108,2022-02-24 10:02:55,518126,1241.6021823883057
8109,2022-02-24 11:02:48,518126,796.7855930328369
8110,2022-02-24 01:02:36,518127,783.4823131561279
8111,2022-02-24 01:02:52,518127,812.5600814819336
8112,2022-02-24 02:02:14,518127,808.8223934173584
8113,2022-02-24 02:02:55,518127,799.0844249725342
8114,2022-02-24 03:02:43,518127,820.1541900634766
8115,2022-02-24 11:02:04,518127,830.8849334716797
8116,2022-02-24 12:02:30,518127,811.4542961120605
8117,2022-02-24 12:02:43,518127,856.0614585876465
8118,2022-02-24 12:02:44,518127,802.9687404632568
8119,2022-02-24 02:02:12,518128,761.3143920898438
8120,2022-02-24 02:02:23,518128,783.0498218536377
8121,2022-02-24 02:02:38,518128,788.8784408569336
8122,2022-02-24 03:02:00,518128,828.5634517669678
8123,2022-02-24 03:02:53,518128,1212.890625
8124,2022-02-24 03:02:55,518128,826.9970417022705
8125,2022-02-24 03:02:58,518128,774.4240760803223
8126,2022-02-24 05:02:59,518128,809.5014095306396
8127,2022-02-24 06:02:01,518131,771.2101936340332
8128,2022-02-24 06:02:11,518131,800.8298873901367
8129,2022-02-24 06:02:37,518132,763.2203102111816
8130,2022-02-24 08:02:16,518134,793.0643558502197
8131,2022-02-24 09:02:25,518134,796.4813709259033
8132,2022-02-24 08:02:10,518135,805.0315380096436
8133,2022-02-24 09:02:26,518136,794.4777011871338
8134,2022-02-24 10:02:41,518137,805.1888942718506
8135,2022-02-24 11:02:55,518137,783.9779853820801
8136,2022-02-25 03:02:33,518143,798.149824142456
8137,2022-02-25 03:02:10,518144,830.4157257080078
8138,2022-02-25 05:02:08,518144,788.9959812164307
8139,2022-02-25 05:02:09,518144,853.0082702636719
8140,2022-02-25 05:02:28,518144,823.2576847076416
8141,2022-02-25 08:02:42,518144,809.8495006561279
8142,2022-02-25 08:02:47,518144,786.6988182067871
8143,2022-02-25 08:02:49,518144,826.3833522796631
8144,2022-02-25 08:02:59,518144,784.3234539031982
8145,2022-02-25 05:02:49,518145,803.2398223876953
8146,2022-02-25 01:02:05,518147,800.9862899780273
8147,2022-02-25 01:02:25,518147,836.9059562683105
8148,2022-02-25 01:02:50,518147,810.7316493988037
8149,2022-02-25 01:02:54,518147,837.8770351409912
8150,2022-02-25 02:02:13,518147,841.1757946014404
8151,2022-02-25 02:02:52,518147,828.4921646118164
8152,2022-02-25 06:02:15,518147,802.5403022766113
8153,2022-02-25 06:02:35,518147,828.3412456512451
8154,2022-02-25 06:02:42,518147,826.1358737945557
8155,2022-02-25 07:02:04,518147,815.7329559326172
8156,2022-02-25 07:02:07,518147,814.2476081848145
8157,2022-02-25 08:02:16,518147,801.8269538879395
8158,2022-02-25 09:02:32,518147,842.167854309082
8159,2022-02-25 10:02:29,518147,804.9342632293701
8160,2022-02-25 12:02:21,518147,800.724983215332
8161,2022-02-25 12:02:23,518147,1168.6320304870605
8162,2022-02-25 12:02:33,518147,822.786808013916
8163,2022-02-25 12:02:49,518147,824.4013786315918
8164,2022-02-25 12:02:59,518147,854.5269966125488
8165,2022-02-25 02:02:14,518149,798.356294631958
8166,2022-02-25 02:02:20,518149,830.7998180389404
8167,2022-02-25 03:02:07,518149,812.934160232544
8168,2022-02-25 03:02:32,518149,834.5718383789062
8169,2022-02-25 03:02:35,518149,795.0153350830078
8170,2022-02-25 03:02:59,518149,871.5550899505615
8171,2022-02-25 04:02:47,518149,1067.6672458648682
8172,2022-02-25 04:02:50,518150,841.8173789978027
8173,2022-02-25 05:02:02,518152,845.2985286712646
8174,2022-02-25 05:02:42,518152,792.6445007324219
8175,2022-02-25 05:02:49,518152,804.9700260162354
8176,2022-02-25 06:02:12,518152,794.295072555542
8177,2022-02-25 07:02:03,518152,825.2933025360107
8178,2022-02-25 06:02:13,518153,834.730863571167
8179,2022-02-25 07:02:23,518153,813.3335113525391
8180,2022-02-25 07:02:24,518155,801.3083934783936
8181,2022-02-25 08:02:03,518158,826.3969421386719
8182,2022-02-25 08:02:42,518158,806.9851398468018
8183,2022-02-25 09:02:04,518158,856.9164276123047
8184,2022-02-25 09:02:52,518159,835.5474472045898
8185,2022-02-25 09:02:20,518161,809.3500137329102
8186,2022-02-25 11:02:42,518162,796.8335151672363
8187,2022-02-26 12:02:29,518162,804.0850162506104
8188,2022-02-25 11:02:14,518163,803.4746646881104
8189,2022-02-25 11:02:39,518163,817.1062469482422
8190,2022-02-26 02:02:23,518163,820.3451633453369
8191,2022-02-26 12:02:50,518163,788.5017395019531
8192,2022-02-26 02:02:57,518168,811.5978240966797
8193,2022-02-26 04:02:10,518168,774.0921974182129
8194,2022-02-26 06:02:37,518170,775.8033275604248
8195,2022-02-27 04:02:06,518170,790.3766632080078
8196,2022-02-27 05:02:13,518170,966.6488170623779
8197,2022-02-28 04:02:47,518171,798.5467910766602
8198,2022-02-28 04:02:55,518171,783.1065654754639
8199,2022-02-28 05:02:01,518171,786.618709564209
8200,2022-02-28 06:02:59,518171,851.6719341278076
8201,2022-02-28 07:02:35,518171,775.6516933441162
8202,2022-02-28 08:02:00,518171,783.3857536315918
8203,2022-02-28 08:02:19,518171,940.9618377685547
8204,2022-02-28 08:02:43,518171,770.3697681427002
8205,2022-02-28 01:02:52,518173,781.7995548248291
8206,2022-02-28 02:02:27,518173,812.6211166381836
8207,2022-02-28 11:02:15,518173,894.1750526428223
8208,2022-02-28 12:02:39,518173,778.2564163208008
8209,2022-02-28 01:02:17,518174,808.3100318908691
8210,2022-02-28 01:02:43,518174,780.7192802429199
8211,2022-02-28 01:02:58,518174,776.4227390289307
8212,2022-02-28 02:02:07,518174,806.5755367279053
8213,2022-02-28 02:02:07,518174,789.2014980316162
8214,2022-02-28 02:02:10,518174,793.3242321014404
8215,2022-02-28 02:02:57,518174,815.0279521942139
8216,2022-02-28 12:02:06,518174,795.1240539550781
8217,2022-02-28 02:02:46,518175,755.5274963378906
8218,2022-02-28 03:02:51,518175,783.4959030151367
8219,2022-02-28 04:02:06,518175,823.1394290924072
8220,2022-02-28 04:02:50,518175,843.7659740447998
8221,2022-02-28 05:02:13,518175,784.4421863555908
8222,2022-02-28 05:02:22,518175,773.1645107269287
8223,2022-02-28 05:02:27,518175,790.149450302124
8224,2022-02-28 05:02:27,518175,858.8097095489502
8225,2022-02-28 05:02:45,518175,789.7524833679199
8226,2022-02-28 06:02:03,518175,886.0526084899902
8227,2022-02-28 06:02:33,518175,776.6177654266357
8228,2022-02-28 06:02:36,518175,790.1861667633057
8229,2022-02-28 06:02:54,518175,788.7814044952393
8230,2022-02-28 07:02:11,518177,818.3236122131348
8231,2022-02-28 08:02:01,518177,770.3568935394287
8232,2022-02-28 08:02:06,518177,790.6794548034668
8233,2022-02-28 08:02:52,518177,841.0606384277344
8234,2022-02-28 09:02:29,518177,784.6546173095703
8235,2022-02-28 09:02:43,518177,804.0170669555664
8236,2022-02-28 09:02:47,518177,806.2970638275146
8237,2022-02-28 09:02:58,518177,782.8192710876465
8238,2022-02-28 08:02:51,518181,799.3590831756592
8239,2022-02-28 09:02:24,518181,779.0384292602539
8240,2022-02-28 10:02:08,518182,824.1219520568848