index_1based,timestamp,sut_version,value
1,2021-09-01 12:09:08,515218,11.920655369758606
2,2021-09-01 01:09:09,515219,11.869222521781921
3,2021-09-01 01:09:30,515219,11.909902691841125
4,2021-09-01 01:09:36,515219,12.03012228012085
5,2021-09-01 01:09:50,515219,12.023025155067444
6,2021-09-01 02:09:19,515219,12.005117535591125
7,2021-09-01 02:09:52,515219,11.963359713554382
8,2021-09-01 03:09:49,515219,11.91341757774353
9,2021-09-01 03:09:52,515219,11.700237393379211
10,2021-09-01 12:09:15,515219,12.007537484169006
11,2021-09-01 04:09:42,515220,11.86365008354187
12,2021-09-01 05:09:49,515220,12.112540006637573
13,2021-09-01 06:09:30,515220,11.958125233650208
14,2021-09-01 06:09:57,515220,12.135990262031555
15,2021-09-01 07:09:40,515220,11.903352737426758
16,2021-09-01 08:09:19,515222,12.064287662506104
17,2021-09-01 09:09:20,515222,11.980847716331482
18,2021-09-01 01:09:03,515224,11.921129822731018
19,2021-09-01 01:09:16,515224,12.007139921188354
20,2021-09-01 01:09:20,515224,11.959275007247925
21,2021-09-01 02:09:02,515224,12.152904868125916
22,2021-09-01 02:09:33,515224,11.961334943771362
23,2021-09-01 02:09:35,515224,12.139889597892761
24,2021-09-01 11:09:28,515224,12.1133953332901
25,2021-09-01 11:09:47,515224,11.943477392196655
26,2021-09-01 11:09:47,515224,12.19014286994934
27,2021-09-01 12:09:15,515224,12.074809670448303
28,2021-09-01 12:09:16,515224,11.865174770355225
29,2021-09-01 12:09:18,515224,12.05943763256073
30,2021-09-01 12:09:19,515224,12.02818751335144
31,2021-09-01 12:09:20,515224,12.0540851354599
32,2021-09-01 12:09:50,515224,12.059869766235352
33,2021-09-01 01:09:04,515225,12.02010989189148
34,2021-09-01 01:09:08,515225,12.095502614974976
35,2021-09-01 02:09:05,515225,12.125495076179504
36,2021-09-01 02:09:14,515225,11.92545235157013
37,2021-09-01 03:09:41,515228,12.092732787132263
38,2021-09-01 04:09:14,515230,11.942639946937561
39,2021-09-01 09:09:36,515238,11.922617554664612
40,2021-09-02 12:09:03,515240,11.83001458644867
41,2021-09-02 05:09:09,515242,12.022129893302917
42,2021-09-02 06:09:10,515242,12.037320137023926
43,2021-09-02 06:09:49,515242,11.847400069236755
44,2021-09-02 06:09:51,515242,11.835587620735168
45,2021-09-02 08:09:51,515243,12.09271490573883
46,2021-09-02 09:09:09,515243,11.958162784576416
47,2021-09-02 09:09:24,515243,11.919809579849243
48,2021-09-02 09:09:26,515243,11.98367953300476
49,2021-09-02 10:09:33,515243,11.882272362709045
50,2021-09-02 11:09:05,515243,12.008969783782959
51,2021-09-02 11:09:26,515243,11.983749866485596
52,2021-09-02 12:09:43,515243,11.975679993629456
53,2021-09-02 01:09:15,515244,11.858687400817871
54,2021-09-02 01:09:22,515244,11.904770135879517
55,2021-09-02 12:09:27,515244,12.00531780719757
56,2021-09-02 12:09:28,515244,12.102092504501343
57,2021-09-02 12:09:29,515244,12.001802325248718
58,2021-09-02 12:09:33,515244,11.978090405464172
59,2021-09-02 12:09:49,515244,11.925504803657532
60,2021-09-02 02:09:12,515246,11.939787864685059
61,2021-09-02 03:09:54,515247,11.964694857597351
62,2021-09-02 04:09:36,515247,11.883589625358582
63,2021-09-02 03:09:10,515248,12.027379870414734
64,2021-09-02 04:09:28,515248,11.934657096862793
65,2021-09-02 06:09:12,515251,11.842287182807922
66,2021-09-02 06:09:31,515251,12.117089629173279
67,2021-09-02 07:09:21,515251,11.990032196044922
68,2021-09-02 07:09:46,515251,11.729532480239868
69,2021-09-02 07:09:28,515252,11.956375241279602
70,2021-09-02 07:09:28,515252,12.033262252807617
71,2021-09-02 07:09:42,515254,11.87788724899292
72,2021-09-02 08:09:04,515254,12.08464503288269
73,2021-09-02 09:09:41,515257,11.910452246665955
74,2021-09-03 01:09:33,515260,12.061402797698975
75,2021-09-03 01:09:52,515260,11.793702244758606
76,2021-09-03 01:09:54,515260,12.030400037765503
77,2021-09-03 01:09:58,515260,11.947414875030518
78,2021-09-03 02:09:29,515260,11.960097551345825
79,2021-09-03 12:09:58,515260,11.944617629051208
80,2021-09-03 06:09:03,515262,12.064664959907532
81,2021-09-03 06:09:40,515262,12.026125192642212
82,2021-09-03 07:09:32,515262,12.141947150230408
83,2021-09-03 08:09:51,515262,11.98890209197998
84,2021-09-03 09:09:06,515263,12.156942486763
85,2021-09-03 09:09:24,515263,12.071775197982788
86,2021-09-03 09:09:35,515263,11.930067539215088
87,2021-09-03 10:09:15,515263,12.280524969100952
88,2021-09-03 10:09:19,515263,12.057802677154541
89,2021-09-03 10:09:41,515264,11.941282153129578
90,2021-09-03 11:09:05,515264,11.781915426254272
91,2021-09-03 01:09:49,515265,11.978045105934143
92,2021-09-03 12:09:11,515265,12.012410163879395
93,2021-09-03 01:09:54,515266,11.892129778862
94,2021-09-03 01:09:56,515266,11.935200095176697
95,2021-09-03 02:09:20,515266,11.942382454872131
96,2021-09-03 03:09:23,515268,11.924787759780884
97,2021-09-03 04:09:51,515268,11.963785290718079
98,2021-09-03 04:09:15,515269,11.936619877815247
99,2021-09-03 05:09:12,515269,12.232202291488647
100,2021-09-03 06:09:10,515272,11.751630306243896
101,2021-09-03 10:09:51,515275,11.93145751953125
102,2021-09-03 11:09:03,515275,12.199134826660156
103,2021-09-03 11:09:13,515277,11.896830201148987
104,2021-09-04 01:09:09,515277,12.054355144500732
105,2021-09-04 01:09:34,515277,12.063156962394714
106,2021-09-04 01:09:44,515277,12.076894640922546
107,2021-09-04 01:09:49,515277,11.937775015830994
108,2021-09-04 02:09:24,515277,11.81409776210785
109,2021-09-04 02:09:37,515277,11.847532391548157
110,2021-09-04 12:09:24,515277,12.089049816131592
111,2021-09-04 12:09:39,515277,11.895565390586853
112,2021-09-04 12:09:56,515277,12.0465749502182
113,2021-09-04 02:09:17,515278,12.147587537765503
114,2021-09-04 03:09:24,515278,12.083327174186707
115,2021-09-04 06:09:01,515279,12.088592648506165
116,2021-09-04 06:09:51,515279,12.114777565002441
117,2021-09-04 07:09:15,515279,12.055282592773438
118,2021-09-04 10:09:22,515281,12.011082768440247
119,2021-09-05 05:09:15,515282,11.973559856414795
120,2021-09-05 05:09:45,515282,11.905109882354736
121,2021-09-05 07:09:28,515282,12.031612396240234
122,2021-09-06 01:09:46,515282,12.04873502254486
123,2021-09-06 06:09:47,515282,11.79899275302887
124,2021-09-06 08:09:15,515282,11.807112693786621
125,2021-09-06 08:09:16,515282,11.80934488773346
126,2021-09-06 08:09:16,515282,11.96464478969574
127,2021-09-06 08:09:25,515282,12.054054737091064
128,2021-09-06 08:09:45,515282,11.797834634780884
129,2021-09-06 09:09:29,515282,12.018922567367554
130,2021-09-06 09:09:48,515282,11.923532485961914
131,2021-09-06 09:09:48,515282,11.997205018997192
132,2021-09-06 10:09:46,515282,12.025037407875061
133,2021-09-06 11:09:12,515282,11.975147724151611
134,2021-09-06 11:09:25,515282,12.16004490852356
135,2021-09-06 11:09:29,515282,12.249107956886292
136,2021-09-06 12:09:10,515282,12.067997455596924
137,2021-09-06 12:09:24,515282,12.09405779838562
138,2021-09-06 12:09:29,515282,12.014097571372986
139,2021-09-06 12:09:29,515282,12.166762351989746
140,2021-09-06 01:09:37,515283,12.17277705669403
141,2021-09-06 12:09:47,515283,12.1902996301651
142,2021-09-06 01:09:51,515284,12.048737406730652
143,2021-09-06 01:09:37,515285,12.015745043754578
144,2021-09-06 02:09:16,515285,11.852527260780334
145,2021-09-06 03:09:04,515286,11.997897624969482
146,2021-09-06 03:09:05,515286,12.11374282836914
147,2021-09-06 04:09:19,515286,12.10811972618103
148,2021-09-06 04:09:31,515286,11.952557563781738
149,2021-09-06 04:09:53,515286,12.019099593162537
150,2021-09-06 06:09:08,515290,12.041135430335999
151,2021-09-06 06:09:17,515290,12.014887928962708
152,2021-09-06 07:09:03,515290,11.915414929389954
153,2021-09-06 07:09:16,515290,11.869407892227173
154,2021-09-06 07:09:01,515291,12.03987717628479
155,2021-09-06 08:09:38,515291,12.338152527809143
156,2021-09-06 08:09:19,515292,11.953882575035095
157,2021-09-06 09:09:51,515292,11.917492151260376
158,2021-09-06 10:09:22,515292,11.889569759368896
159,2021-09-06 10:09:23,515292,11.96956992149353
160,2021-09-06 09:09:53,515293,11.918402314186096
161,2021-09-06 09:09:57,515293,12.005757689476013
162,2021-09-06 10:09:27,515293,11.921882629394531
163,2021-09-06 10:09:42,515293,12.078084945678711
164,2021-09-06 11:09:45,515293,11.83663785457611
165,2021-09-06 11:09:53,515293,11.907070279121399
166,2021-09-06 09:09:19,515294,11.846839785575867
167,2021-09-06 09:09:41,515294,12.201235294342041
168,2021-09-06 10:09:00,515294,11.953319907188416
169,2021-09-06 10:09:50,515294,12.072937488555908
170,2021-09-06 10:09:58,515294,12.076285481452942
171,2021-09-06 11:09:27,515294,12.007740139961243
172,2021-09-06 10:09:08,515295,12.025817632675171
173,2021-09-06 11:09:44,515295,12.250059843063354
174,2021-09-07 12:09:07,515295,12.173057794570923
175,2021-09-07 02:09:54,515296,12.009345293045044
176,2021-09-07 12:09:52,515296,12.08248496055603
177,2021-09-07 02:09:00,515297,12.052044868469238
178,2021-09-07 05:09:24,515303,12.154342532157898
179,2021-09-07 06:09:00,515303,12.014034986495972
180,2021-09-07 06:09:59,515304,11.972432732582092
181,2021-09-07 07:09:10,515304,12.077957391738892
182,2021-09-07 08:09:03,515304,12.141847610473633
183,2021-09-07 08:09:41,515304,11.886014938354492
184,2021-09-07 09:09:45,515304,11.913292407989502
185,2021-09-07 10:09:20,515308,12.208884954452515
186,2021-09-07 11:09:21,515308,11.93494200706482
187,2021-09-07 11:09:52,515308,12.216730117797852
188,2021-09-07 12:09:03,515308,12.032480239868164
189,2021-09-07 12:09:15,515308,12.160509824752808
190,2021-09-07 12:09:37,515308,11.927689909934998
191,2021-09-07 01:09:22,515309,11.971275210380554
192,2021-09-07 01:09:37,515309,12.147597670555115
193,2021-09-07 02:09:10,515309,12.011945247650146
194,2021-09-07 02:09:17,515309,11.92438006401062
195,2021-09-07 02:09:32,515309,11.902775168418884
196,2021-09-07 02:09:42,515309,12.16463029384613
197,2021-09-07 02:09:45,515309,11.915684938430786
198,2021-09-07 02:09:54,515309,12.140324711799622
199,2021-09-07 03:09:15,515309,11.86130702495575
200,2021-09-07 03:09:39,515309,11.818072199821472
201,2021-09-07 03:09:39,515309,11.634032726287842
202,2021-09-07 03:09:46,515309,11.948922872543335
203,2021-09-07 03:09:50,515309,11.879072189331055
204,2021-09-07 06:09:00,515309,11.838589906692505
205,2021-09-07 06:09:42,515309,11.942722797393799
206,2021-09-07 07:09:24,515309,11.929655075073242
207,2021-09-07 07:09:48,515309,11.961544752120972
208,2021-09-07 02:09:37,515310,11.916977763175964
209,2021-09-07 02:09:54,515310,11.987842321395874
210,2021-09-07 03:09:11,515310,12.010509967803955
211,2021-09-07 03:09:34,515310,11.970967054367065
212,2021-09-07 04:09:07,515310,12.04588532447815
213,2021-09-07 04:09:44,515310,11.811867356300354
214,2021-09-07 02:09:23,515311,11.929625272750854
215,2021-09-07 03:09:02,515311,11.929422616958618
216,2021-09-07 03:09:37,515311,11.926779747009277
217,2021-09-07 03:09:45,515311,12.102420330047607
218,2021-09-07 03:09:56,515311,12.075469493865967
219,2021-09-07 04:09:44,515311,12.125319838523865
220,2021-09-07 04:09:51,515311,12.084172368049622
221,2021-09-07 05:09:37,515313,12.108484506607056
222,2021-09-07 06:09:06,515313,11.973517537117004
223,2021-09-07 06:09:25,515313,11.901915073394775
224,2021-09-07 06:09:29,515313,12.062782645225525
225,2021-09-07 06:09:30,515313,12.017990350723267
226,2021-09-07 07:09:07,515313,12.20148503780365
227,2021-09-07 07:09:48,515313,12.081607580184937
228,2021-09-07 08:09:33,515313,12.009077668190002
229,2021-09-07 09:09:05,515313,12.099972367286682
230,2021-09-07 09:09:11,515313,12.073472738265991
231,2021-09-07 08:09:24,515314,12.120914459228516
232,2021-09-07 08:09:46,515314,12.190924882888794
233,2021-09-07 08:09:51,515314,11.972622275352478
234,2021-09-07 09:09:49,515314,12.219730019569397
235,2021-09-07 09:09:51,515314,12.157385349273682
236,2021-09-07 10:09:04,515314,11.840025186538696
237,2021-09-07 10:09:32,515314,12.075787782669067
238,2021-09-07 11:09:08,515314,12.225084900856018
239,2021-09-07 11:09:14,515314,11.97070300579071
240,2021-09-07 11:09:18,515314,11.879812479019165
241,2021-09-08 12:09:02,515314,11.823585033416748
242,2021-09-08 12:09:11,515314,12.05818772315979
243,2021-09-08 12:09:11,515314,11.921647191047668
244,2021-09-08 12:09:17,515314,12.059839963912964
245,2021-09-08 01:09:03,515317,12.002145051956177
246,2021-09-08 12:09:05,515317,12.039715051651001
247,2021-09-08 01:09:01,515318,12.1518874168396
248,2021-09-08 01:09:32,515318,12.150604724884033
249,2021-09-08 01:09:50,515318,12.07545518875122
250,2021-09-08 02:09:14,515318,12.091812491416931
251,2021-09-08 02:09:30,515318,11.903855204582214
252,2021-09-08 06:09:28,515318,12.009572386741638
253,2021-09-08 07:09:03,515318,11.978235244750977
254,2021-09-08 07:09:05,515318,11.976829767227173
255,2021-09-08 07:09:42,515318,12.21822738647461
256,2021-09-08 07:09:54,515318,12.024807333946228
257,2021-09-08 07:09:55,515318,11.98057234287262
258,2021-09-08 08:09:01,515318,12.078179717063904
259,2021-09-08 08:09:21,515318,11.939823031425476
260,2021-09-08 08:09:27,515318,11.92282497882843
261,2021-09-08 09:09:22,515318,11.882259845733643
262,2021-09-08 09:09:31,515318,12.100292444229126
263,2021-09-08 11:09:04,515318,12.110354900360107
264,2021-09-08 11:09:08,515318,12.067834734916687
265,2021-09-08 11:09:13,515318,11.959302425384521
266,2021-09-08 11:09:17,515318,11.906359791755676
267,2021-09-08 11:09:29,515318,12.054920196533203
268,2021-09-08 12:09:23,515318,12.065684795379639
269,2021-09-08 12:09:40,515318,12.113927602767944
270,2021-09-08 02:09:12,515320,12.057002782821655
271,2021-09-08 02:09:15,515320,11.886922121047974
272,2021-09-08 03:09:55,515320,12.09292471408844
273,2021-09-08 02:09:36,515321,11.838447451591492
274,2021-09-08 02:09:55,515321,11.793370246887207
275,2021-09-08 03:09:33,515321,11.91867709159851
276,2021-09-08 03:09:46,515321,12.011942863464355
277,2021-09-08 03:09:51,515321,11.89567506313324
278,2021-09-08 04:09:05,515321,12.122963070869446
279,2021-09-08 04:09:42,515321,11.96158230304718
280,2021-09-08 04:09:15,515323,12.074867486953735
281,2021-09-08 05:09:28,515323,12.033377885818481
282,2021-09-08 05:09:35,515323,11.989765167236328
283,2021-09-08 06:09:18,515323,12.046685218811035
284,2021-09-08 05:09:12,515324,11.867847442626953
285,2021-09-08 05:09:39,515324,12.150999903678894
286,2021-09-08 05:09:47,515324,11.809437274932861
287,2021-09-08 06:09:48,515324,12.02132761478424
288,2021-09-08 09:09:37,515324,11.986287832260132
289,2021-09-08 06:09:31,515325,11.964074969291687
290,2021-09-08 09:09:52,515325,11.926890015602112
291,2021-09-08 10:09:37,515325,12.060882449150085
292,2021-09-08 11:09:27,515325,11.853285431861877
293,2021-09-08 11:09:36,515325,12.035834789276123
294,2021-09-09 12:09:36,515325,11.861677169799805
295,2021-09-08 11:09:06,515326,11.969507932662964
296,2021-09-08 11:09:30,515326,11.99439525604248
297,2021-09-09 09:09:16,515327,11.952435374259949
298,2021-09-09 09:09:20,515327,12.000112533569336
299,2021-09-09 09:09:27,515327,11.915125250816345
300,2021-09-09 12:09:11,515327,12.221112251281738
301,2021-09-09 02:09:13,515334,11.838487386703491
302,2021-09-09 03:09:58,515335,12.061432600021362
303,2021-09-09 04:09:07,515335,11.735265254974365
304,2021-09-09 03:09:29,515336,11.972577571868896
305,2021-09-09 04:09:01,515336,11.801647543907166
306,2021-09-09 04:09:34,515336,11.806197762489319
307,2021-09-09 04:09:49,515336,11.814587712287903
308,2021-09-09 06:09:44,515337,12.06583023071289
309,2021-09-09 07:09:38,515338,12.015592455863953
310,2021-09-09 08:09:20,515338,12.043654918670654
311,2021-09-09 01:09:39,515341,11.976982355117798
312,2021-09-09 01:09:53,515341,11.905297636985779
313,2021-09-09 09:09:20,515341,11.775877475738525
314,2021-09-09 09:09:22,515341,11.950485110282898
315,2021-09-09 09:09:32,515341,11.921757459640503
316,2021-09-09 10:09:32,515341,11.927779912948608
317,2021-09-09 10:09:44,515341,11.973917484283447
318,2021-09-09 11:09:02,515341,12.167370319366455
319,2021-09-09 11:09:04,515341,11.832867860794067
320,2021-09-09 11:09:24,515341,12.068117260932922
321,2021-09-09 12:09:03,515341,11.968782544136047
322,2021-09-09 12:09:05,515341,11.875120401382446
323,2021-09-09 12:09:25,515341,12.07601249217987
324,2021-09-09 12:09:28,515341,12.004332542419434
325,2021-09-09 12:09:32,515341,11.937000155448914
326,2021-09-09 12:09:37,515341,11.848909854888916
327,2021-09-09 12:09:50,515341,11.969335079193115
328,2021-09-09 02:09:29,515342,12.054319977760315
329,2021-09-09 02:09:44,515342,11.956822276115417
330,2021-09-09 04:09:08,515344,11.847920417785645
331,2021-09-09 04:09:12,515344,11.911752223968506
332,2021-09-09 04:09:33,515344,11.993989944458008
333,2021-09-09 05:09:31,515344,12.09392786026001
334,2021-09-09 05:09:43,515344,11.84857726097107
335,2021-09-09 05:09:58,515344,11.685917377471924
336,2021-09-09 06:09:50,515345,11.88976764678955
337,2021-09-09 07:09:19,515347,12.033909559249878
338,2021-09-09 08:09:57,515347,11.923835277557373
339,2021-09-09 09:09:11,515348,11.990140080451965
340,2021-09-09 10:09:30,515348,11.83866798877716
341,2021-09-09 11:09:33,515350,12.122547626495361
342,2021-09-09 11:09:38,515350,12.01627254486084
343,2021-09-10 12:09:40,515350,12.003342509269714
344,2021-09-10 12:09:58,515350,12.032150030136108
345,2021-09-09 11:09:08,515351,11.9414222240448
346,2021-09-09 11:09:11,515351,12.06310510635376
347,2021-09-10 01:09:43,515351,11.868835091590881
348,2021-09-10 12:09:29,515351,11.965702772140503
349,2021-09-10 12:09:50,515351,11.92525029182434
350,2021-09-10 12:09:52,515351,11.990734934806824
351,2021-09-10 01:09:06,515352,11.994152069091797
352,2021-09-10 01:09:22,515352,11.938337087631226
353,2021-09-10 01:09:57,515352,11.828835010528564
354,2021-09-10 02:09:23,515352,12.081629633903503
355,2021-09-10 02:09:48,515352,11.899434924125671
356,2021-09-10 12:09:41,515352,11.903989911079407
357,2021-09-10 02:09:38,515356,11.880149841308594
358,2021-09-10 03:09:04,515356,11.998255252838135
359,2021-09-10 03:09:29,515356,11.948242783546448
360,2021-09-10 03:09:59,515356,11.865732669830322
361,2021-09-10 04:09:12,515356,11.907474994659424
362,2021-09-10 04:09:19,515356,11.916794776916504
363,2021-09-10 04:09:47,515357,11.802935004234314
364,2021-09-10 05:09:05,515357,12.071747183799744
365,2021-09-10 05:09:11,515358,11.976242661476135
366,2021-09-10 07:09:47,515362,11.991429924964905
367,2021-09-10 08:09:26,515362,11.896397471427917
368,2021-09-10 07:09:08,515364,12.056565284729004
369,2021-09-10 07:09:49,515364,11.918577551841736
370,2021-09-10 08:09:32,515364,11.852267384529114
371,2021-09-10 01:09:15,515366,12.083697319030762
372,2021-09-10 01:09:19,515366,11.827269792556763
373,2021-09-10 01:09:34,515366,12.061839699745178
374,2021-09-10 02:09:00,515366,11.796872019767761
375,2021-09-10 02:09:03,515366,11.983512043952942
376,2021-09-10 02:09:04,515366,11.800037622451782
377,2021-09-10 02:09:20,515366,11.88622772693634
378,2021-09-10 02:09:37,515366,11.888785362243652
379,2021-09-10 02:09:44,515366,11.92692756652832
380,2021-09-10 02:09:47,515366,11.870642304420471
381,2021-09-10 03:09:06,515366,11.924898028373718
382,2021-09-10 03:09:29,515366,11.907377243041992
383,2021-09-10 03:09:34,515366,11.864569783210754
384,2021-09-10 03:09:35,515366,11.993072628974915
385,2021-09-10 03:09:39,515366,12.067149877548218
386,2021-09-10 04:09:08,515366,12.03000009059906
387,2021-09-10 04:09:27,515366,11.870397329330444
388,2021-09-10 04:09:34,515366,11.89563274383545
389,2021-09-10 09:09:40,515366,11.925782561302185
390,2021-09-10 09:09:46,515366,11.972579956054688
391,2021-09-10 11:09:01,515366,12.041197419166565
392,2021-09-10 02:09:38,515367,11.84499442577362
393,2021-09-10 03:09:49,515367,11.835012435913086
394,2021-09-10 03:09:56,515367,11.92869484424591
395,2021-09-10 04:09:15,515367,12.044832706451416
396,2021-09-10 03:09:41,515368,11.885695457458496
397,2021-09-10 05:09:20,515369,11.863459944725037
398,2021-09-10 06:09:30,515369,12.033810019493103
399,2021-09-10 05:09:32,515371,11.92230999469757
400,2021-09-10 06:09:58,515371,11.908007860183716
401,2021-09-10 06:09:16,515373,11.981794834136963
402,2021-09-10 07:09:43,515373,11.947920322418213
403,2021-09-13 04:09:41,515375,11.862645149230957
404,2021-09-13 05:09:45,515375,12.071700096130371
405,2021-09-10 10:09:49,515377,11.975950002670288
406,2021-09-10 11:09:12,515378,11.902772784233093
407,2021-09-11 01:09:06,515379,11.905145049095154
408,2021-09-11 12:09:19,515379,12.018244862556458
409,2021-09-11 12:09:39,515379,11.975492238998413
410,2021-09-11 01:09:11,515380,11.980352997779846
411,2021-09-11 01:09:50,515380,12.15427279472351
412,2021-09-11 02:09:28,515380,11.989144682884216
413,2021-09-11 02:09:33,515380,11.924070119857788
414,2021-09-11 01:09:35,515381,12.086665034294128
415,2021-09-11 02:09:02,515381,11.934402585029602
416,2021-09-11 02:09:34,515381,11.926327347755432
417,2021-09-13 05:09:42,515381,11.917225122451782
418,2021-09-13 06:09:17,515382,12.102065086364746
419,2021-09-13 07:09:14,515382,11.999227404594421
420,2021-09-11 02:09:59,515385,12.0845627784729
421,2021-09-11 03:09:35,515385,12.0278799533844
422,2021-09-11 06:09:35,515387,12.030454874038696
423,2021-09-11 01:09:11,515388,11.835419535636902
424,2021-09-11 12:09:35,515388,11.86627209186554
425,2021-09-11 08:09:51,515389,11.968505382537842
426,2021-09-11 09:09:03,515389,11.841619610786438
427,2021-09-12 05:09:25,515390,12.017377614974976
428,2021-09-12 06:09:06,515390,12.045977711677551
429,2021-09-12 03:09:10,515391,11.927817463874817
430,2021-09-13 04:09:59,515391,11.92497730255127
431,2021-09-13 06:09:00,515391,11.833274960517883
432,2021-09-13 06:09:12,515391,11.901679635047913
433,2021-09-13 06:09:34,515391,11.98523998260498
434,2021-09-13 07:09:05,515391,11.869507431983948
435,2021-09-13 07:09:07,515391,11.954677700996399
436,2021-09-13 07:09:22,515391,12.145277857780457
437,2021-09-13 07:09:25,515391,11.962247490882874
438,2021-09-13 07:09:26,515391,11.816564798355103
439,2021-09-13 07:09:29,515391,11.9319349527359
440,2021-09-13 07:09:29,515391,12.063262462615967
441,2021-09-13 07:09:36,515391,12.093420028686523
442,2021-09-13 07:09:55,515391,11.882702112197876
443,2021-09-13 08:09:04,515391,11.960827708244324
444,2021-09-13 08:09:29,515391,11.928423047065735
445,2021-09-13 08:09:49,515391,11.994377970695496
446,2021-09-13 09:09:03,515391,12.009892463684082
447,2021-09-13 01:09:48,515393,11.92714512348175
448,2021-09-13 01:09:53,515393,12.132604718208313
449,2021-09-13 11:09:09,515393,11.978302597999573
450,2021-09-13 11:09:43,515393,11.897777915000916
451,2021-09-13 11:09:59,515393,11.971697807312012
452,2021-09-14 08:09:18,515393,11.721547842025757
453,2021-09-14 08:09:51,515393,11.945099830627441
454,2021-09-14 12:09:52,515393,12.022267580032349
455,2021-09-13 01:09:31,515394,11.930642127990723
456,2021-09-13 01:09:55,515394,11.835585236549377
457,2021-09-13 11:09:30,515394,11.787229776382446
458,2021-09-13 11:09:43,515394,11.965574622154236
459,2021-09-14 12:09:24,515394,11.902042031288147
460,2021-09-13 01:09:40,515396,11.986152529716492
461,2021-09-14 01:09:47,515396,11.8410325050354
462,2021-09-14 11:09:29,515396,11.910947561264038
463,2021-09-14 11:09:56,515396,11.867564916610718
464,2021-09-14 01:09:43,515397,11.86985194683075
465,2021-09-14 09:09:01,515397,11.95997953414917
466,2021-09-14 09:09:01,515397,11.862622499465942
467,2021-09-14 09:09:02,515397,11.999467611312866
468,2021-09-14 09:09:27,515397,11.981474757194519
469,2021-09-14 11:09:28,515397,11.744607090950012
470,2021-09-14 11:09:34,515397,12.010650038719177
471,2021-09-14 11:09:41,515397,11.79976999759674
472,2021-09-14 12:09:25,515397,11.887507438659668
473,2021-09-14 12:09:42,515397,11.870024800300598
474,2021-09-13 03:09:11,515398,11.959409713745117
475,2021-09-14 07:09:42,515398,11.985445022583008
476,2021-09-14 09:09:18,515398,11.846204996109009
477,2021-09-14 09:09:48,515398,11.851317882537842
478,2021-09-14 11:09:56,515398,11.844314932823181
479,2021-09-14 10:09:38,515399,11.94012999534607
480,2021-09-14 12:09:50,515399,11.855895519256592
481,2021-09-14 11:09:19,515401,11.728052496910095
482,2021-09-14 01:09:27,515403,11.973721981048584
483,2021-09-14 01:09:40,515403,11.830700039863586
484,2021-09-14 02:09:18,515403,12.04502284526825
485,2021-09-14 09:09:13,515403,11.921955347061157
486,2021-09-14 09:09:17,515403,11.723514795303345
487,2021-09-14 09:09:29,515403,12.00531005859375
488,2021-09-14 10:09:52,515403,11.983252763748169
489,2021-09-14 12:09:08,515403,12.039172649383545
490,2021-09-14 12:09:11,515403,11.895405054092407
491,2021-09-14 12:09:18,515403,11.895384788513184
492,2021-09-14 12:09:20,515403,12.21908450126648
493,2021-09-14 12:09:22,515403,11.483929753303528
494,2021-09-14 12:09:32,515403,11.946794986724854
495,2021-09-14 05:09:17,515405,11.99783742427826
496,2021-09-14 06:09:27,515405,11.873160004615784
497,2021-09-14 06:09:43,515405,11.89269483089447
498,2021-09-14 07:09:08,515405,11.794882416725159
499,2021-09-14 07:09:36,515405,11.891277432441711
500,2021-09-14 07:09:51,515405,11.906580328941345
501,2021-09-14 08:09:05,515405,11.886922121047974
502,2021-09-14 08:09:11,515405,11.853487491607666
503,2021-09-14 08:09:14,515405,11.859049797058105
504,2021-09-14 08:09:29,515405,11.670239567756653
505,2021-09-14 08:09:41,515405,11.782525181770325
506,2021-09-14 09:09:20,515406,11.872865557670593
507,2021-09-14 09:09:28,515406,11.651834845542908
508,2021-09-14 09:09:42,515406,12.030037641525269
509,2021-09-14 09:09:56,515406,11.859962344169617
510,2021-09-14 10:09:01,515406,11.776419878005981
511,2021-09-14 10:09:10,515406,11.91431999206543
512,2021-09-14 10:09:22,515406,11.894444823265076
513,2021-09-14 10:09:26,515406,11.770692467689514
514,2021-09-14 10:09:28,515406,11.991015076637268
515,2021-09-14 10:09:57,515406,11.896820068359375
516,2021-09-14 11:09:31,515406,12.059762477874756
517,2021-09-14 11:09:42,515406,11.918267607688904
518,2021-09-14 11:09:59,515406,12.005839943885803
519,2021-09-14 11:09:58,515407,12.029290199279785
520,2021-09-15 12:09:50,515407,11.955082416534424
521,2021-09-14 08:09:39,515409,11.980647444725037
522,2021-09-14 09:09:03,515409,12.075872421264648
523,2021-09-14 09:09:17,515409,11.568122506141663
524,2021-09-14 09:09:48,515409,12.080249786376953
525,2021-09-14 11:09:01,515410,11.961325407028198
526,2021-09-14 11:09:44,515410,11.944239735603333
527,2021-09-14 11:09:50,515410,11.964859962463379
528,2021-09-15 01:09:52,515410,11.938502788543701
529,2021-09-15 12:09:32,515410,11.97716772556305
530,2021-09-15 12:09:43,515410,11.815835237503052
531,2021-09-15 12:09:44,515410,11.979039907455444
532,2021-09-15 12:09:55,515410,11.92420244216919
533,2021-09-15 01:09:35,515412,11.992424726486206
534,2021-09-15 03:09:17,515412,12.047320008277893
535,2021-09-15 03:09:27,515415,11.927607655525208
536,2021-09-15 03:09:35,515415,12.034857273101807
537,2021-09-15 04:09:06,515415,11.971555352210999
538,2021-09-15 04:09:51,515415,11.975522637367249
539,2021-09-15 03:09:37,515416,12.165070176124573
540,2021-09-15 03:09:47,515416,11.932932734489441
541,2021-09-15 03:09:59,515416,11.906822323799133
542,2021-09-15 04:09:21,515416,11.964884996414185
543,2021-09-15 06:09:53,515416,11.809639930725098
544,2021-09-15 06:09:59,515416,11.80684506893158
545,2021-09-15 07:09:35,515416,11.959485411643982
546,2021-09-15 01:09:03,515418,11.78672730922699
547,2021-09-15 02:09:34,515418,11.90520703792572
548,2021-09-15 02:09:38,515418,11.841169595718384
549,2021-09-15 02:09:53,515418,11.963392496109009
550,2021-09-15 03:09:33,515418,11.797197461128235
551,2021-09-15 03:09:36,515418,11.974335312843323
552,2021-09-15 03:09:41,515418,11.851295232772827
553,2021-09-15 03:09:50,515418,11.793814897537231
554,2021-09-15 03:09:59,515418,11.985599994659424
555,2021-09-15 06:09:38,515418,11.891167163848877
556,2021-09-15 08:09:26,515418,11.988404989242554
557,2021-09-15 08:09:52,515418,11.750414967536926
558,2021-09-15 08:09:55,515418,11.783082485198975
559,2021-09-15 09:09:36,515418,11.923292875289917
560,2021-09-15 10:09:43,515418,11.755517721176147
561,2021-09-15 03:09:28,515420,11.887212991714478
562,2021-09-15 06:09:32,515422,11.90077006816864
563,2021-09-15 05:09:05,515423,12.03288197517395
564,2021-09-15 09:09:36,515423,11.896969676017761
565,2021-09-15 06:09:09,515424,11.82582974433899
566,2021-09-15 07:09:58,515428,11.902000308036804
567,2021-09-15 08:09:29,515428,11.95680022239685
568,2021-09-15 08:09:44,515428,12.07337498664856
569,2021-09-15 09:09:22,515428,11.954970359802246
570,2021-09-15 09:09:26,515428,11.876342296600342
571,2021-09-15 11:09:52,515428,11.517165303230286
572,2021-09-16 01:09:10,515428,11.714632511138916
573,2021-09-16 12:09:23,515428,12.017842531204224
574,2021-09-16 12:09:26,515428,11.82087242603302
575,2021-09-16 12:09:31,515428,11.954527497291565
576,2021-09-16 12:09:48,515428,12.061802744865417
577,2021-09-15 09:09:22,515429,11.923352479934692
578,2021-09-15 09:09:44,515429,11.904117465019226
579,2021-09-15 09:09:57,515429,11.88949704170227
580,2021-09-15 10:09:01,515429,11.928039789199829
581,2021-09-15 11:09:10,515429,11.874227523803711
582,2021-09-16 01:09:29,515429,11.88847005367279
583,2021-09-16 02:09:03,515429,11.852782368659973
584,2021-09-16 02:09:36,515429,11.890877485275269
585,2021-09-16 02:09:46,515429,11.909392476081848
586,2021-09-16 02:09:51,515429,11.828307509422302
587,2021-09-16 12:09:34,515429,11.9930100440979
588,2021-09-16 12:09:58,515429,11.9838947057724
589,2021-09-15 10:09:17,515430,11.943962574005127
590,2021-09-15 10:09:21,515430,11.973862648010254
591,2021-09-15 09:09:42,515431,11.925007700920105
592,2021-09-16 01:09:58,515431,12.003637552261353
593,2021-09-16 02:09:13,515431,11.894199848175049
594,2021-09-16 02:09:21,515431,11.927735209465027
595,2021-09-15 10:09:09,515432,12.015677690505981
596,2021-09-16 01:09:07,515432,11.828230023384094
597,2021-09-16 02:09:23,515432,11.909008026123047
598,2021-09-16 02:09:32,515432,11.92652702331543
599,2021-09-16 01:09:39,515434,11.916367411613464
600,2021-09-16 03:09:46,515434,11.63173496723175
601,2021-09-16 01:09:00,515435,11.895880103111267
602,2021-09-16 01:09:26,515435,11.889370083808899
603,2021-09-16 03:09:47,515435,12.000200152397156
604,2021-09-16 03:09:50,515435,11.982224583625793
605,2021-09-16 04:09:01,515435,11.811737418174744
606,2021-09-16 05:09:38,515435,11.997475028038025
607,2021-09-16 01:09:28,515436,12.103622555732727
608,2021-09-16 02:09:01,515436,11.919209957122803
609,2021-09-16 02:09:39,515436,12.03397512435913
610,2021-09-16 03:09:50,515436,11.946247816085815
611,2021-09-16 04:09:29,515436,11.940329670906067
612,2021-09-16 03:09:00,515438,11.826387643814087
613,2021-09-16 05:09:04,515438,11.940709948539734
614,2021-09-16 05:09:38,515442,11.531857252120972
615,2021-09-16 05:09:47,515442,11.694442629814148
616,2021-09-16 06:09:39,515442,11.779935359954834
617,2021-09-16 07:09:30,515442,11.853457689285278
618,2021-09-16 07:09:51,515442,11.829567551612854
619,2021-09-16 07:09:16,515444,11.98515772819519
620,2021-09-16 08:09:07,515444,12.01127290725708
621,2021-09-16 04:09:13,515446,11.868494749069214
622,2021-09-16 09:09:03,515446,12.044702172279358
623,2021-09-16 09:09:06,515446,11.936494708061218
624,2021-09-16 09:09:37,515446,11.873570084571838
625,2021-09-16 09:09:49,515446,11.985612511634827
626,2021-09-16 09:09:50,515446,11.93089246749878
627,2021-09-16 09:09:50,515446,11.947452425956726
628,2021-09-16 11:09:06,515446,11.881290078163147
629,2021-09-16 11:09:08,515446,11.972712874412537
630,2021-09-16 11:09:43,515446,11.750264763832092
631,2021-09-16 12:09:12,515446,11.797165274620056
632,2021-09-16 12:09:37,515446,11.737319827079773
633,2021-09-16 12:09:58,515446,11.905720233917236
634,2021-09-16 01:09:38,515449,11.87573790550232
635,2021-09-16 01:09:56,515449,11.813680529594421
636,2021-09-16 05:09:02,515449,11.958277225494385
637,2021-09-16 05:09:43,515449,12.035624980926514
638,2021-09-16 05:09:57,515449,12.035825252532959
639,2021-09-16 06:09:09,515449,11.934984922409058
640,2021-09-16 06:09:51,515449,11.795897483825684
641,2021-09-16 06:09:52,515449,11.908285021781921
642,2021-09-16 08:09:39,515449,11.971244812011719
643,2021-09-16 08:09:53,515449,11.905949711799622
644,2021-09-16 09:09:44,515449,11.971405148506165
645,2021-09-16 10:09:05,515449,11.674284934997559
646,2021-09-16 10:09:12,515449,11.942135095596313
647,2021-09-16 10:09:47,515449,11.833869814872742
648,2021-09-16 06:09:23,515451,11.982640027999878
649,2021-09-16 06:09:49,515451,11.841302514076233
650,2021-09-16 07:09:04,515451,11.921157240867615
651,2021-09-16 07:09:57,515451,11.88807487487793
652,2021-09-16 09:09:15,515451,11.962562799453735
653,2021-09-16 09:09:39,515451,11.909589767456055
654,2021-09-16 10:09:44,515451,11.87728762626648
655,2021-09-16 11:09:15,515451,12.03237771987915
656,2021-09-17 02:09:40,515451,11.716117262840271
657,2021-09-17 12:09:03,515451,11.833535432815552
658,2021-09-17 12:09:04,515451,11.914902329444885
659,2021-09-17 12:09:10,515451,11.760900020599365
660,2021-09-17 12:09:28,515451,11.871512532234192
661,2021-09-17 12:09:28,515451,11.848815083503723
662,2021-09-17 12:09:34,515451,11.978942155838013
663,2021-09-17 12:09:47,515451,11.976460218429565
664,2021-09-16 09:09:48,515452,11.856992244720459
665,2021-09-16 11:09:48,515452,11.833352446556091
666,2021-09-17 02:09:03,515452,11.91319465637207
667,2021-09-17 02:09:52,515452,11.741816997528076
668,2021-09-16 10:09:57,515453,11.778342723846436
669,2021-09-16 11:09:44,515453,11.88657522201538
670,2021-09-17 02:09:20,515453,11.900584697723389
671,2021-09-17 02:09:52,515453,11.968860030174255
672,2021-09-16 10:09:36,515454,11.875562071800232
673,2021-09-17 02:09:57,515454,11.86352014541626
674,2021-09-16 11:09:31,515455,11.818014979362488
675,2021-09-17 01:09:30,515455,11.92191481590271
676,2021-09-17 05:09:22,515455,11.930966973304749
677,2021-09-17 05:09:45,515455,11.842257380485535
678,2021-09-17 03:09:12,515456,11.761577129364014
679,2021-09-17 12:09:08,515456,11.850392818450928
680,2021-09-16 11:09:22,515457,12.054890394210815
681,2021-09-17 12:09:35,515458,11.959955096244812
682,2021-09-17 12:09:13,515459,11.996784806251526
683,2021-09-17 01:09:59,515460,11.888960003852844
684,2021-09-17 03:09:41,515460,11.898165345191956
685,2021-09-17 01:09:42,515461,11.952080130577087
686,2021-09-17 04:09:27,515461,11.764112114906311
687,2021-09-17 05:09:23,515467,12.056600451469421
688,2021-09-17 06:09:36,515467,12.037605047225952
689,2021-09-17 06:09:49,515467,12.279489636421204
690,2021-09-17 07:09:56,515467,11.848459839820862
691,2021-09-17 07:09:44,515469,12.025370001792908
692,2021-09-17 08:09:37,515469,12.05576777458191
693,2021-09-17 08:09:39,515469,11.799755096435547
694,2021-09-17 08:09:59,515469,12.019482851028442
695,2021-09-17 09:09:15,515469,11.82479739189148
696,2021-09-17 01:09:00,515470,12.066519856452942
697,2021-09-17 01:09:15,515470,11.962465047836304
698,2021-09-17 01:09:24,515470,11.972162127494812
699,2021-09-17 01:09:37,515470,12.011522650718689
700,2021-09-17 01:09:42,515470,12.079262733459473
701,2021-09-17 02:09:39,515470,11.987932920455933
702,2021-09-17 02:09:46,515470,11.945664882659912
703,2021-09-17 09:09:53,515470,11.851572394371033
704,2021-09-17 10:09:07,515470,11.910977363586426
705,2021-09-17 11:09:05,515470,12.002457976341248
706,2021-09-17 11:09:28,515470,11.924694776535034
707,2021-09-17 11:09:38,515470,12.204902172088623
708,2021-09-17 11:09:42,515470,12.036829590797424
709,2021-09-17 12:09:09,515470,11.918975114822388
710,2021-09-17 12:09:16,515470,12.001760005950928
711,2021-09-17 12:09:29,515470,12.047430276870728
712,2021-09-17 12:09:35,515470,11.936175227165222
713,2021-09-17 12:09:50,515470,12.029052376747131
714,2021-09-17 02:09:12,515471,11.998127102851868
715,2021-09-17 02:09:11,515472,11.972237825393677
716,2021-09-17 02:09:17,515472,11.89395785331726
717,2021-09-17 02:09:34,515472,11.812659502029419
718,2021-09-17 02:09:36,515472,11.853348016738892
719,2021-09-17 02:09:42,515472,11.834495067596436
720,2021-09-17 02:09:51,515472,11.981622576713562
721,2021-09-17 02:09:52,515472,12.06267237663269
722,2021-09-17 04:09:39,515472,11.795685291290283
723,2021-09-17 04:09:56,515472,11.942294836044312
724,2021-09-17 03:09:49,515473,11.997754573822021
725,2021-09-17 04:09:16,515473,11.924449801445007
726,2021-09-17 04:09:03,515474,12.123762965202332
727,2021-09-17 05:09:52,515474,11.883612275123596
728,2021-09-17 05:09:05,515475,11.837972402572632
729,2021-09-17 05:09:09,515475,11.879977583885193
730,2021-09-17 05:09:53,515475,12.031769752502441
731,2021-09-17 06:09:37,515475,11.883012652397156
732,2021-09-17 06:09:45,515475,12.089752554893494
733,2021-09-17 06:09:01,515476,11.87275767326355
734,2021-09-17 06:09:11,515478,11.589315533638
735,2021-09-17 06:09:28,515478,11.953595280647278
736,2021-09-17 08:09:30,515481,12.009739875793457
737,2021-09-17 09:09:41,515481,12.09771990776062
738,2021-09-17 10:09:57,515482,12.105082273483276
739,2021-09-18 01:09:43,515487,11.886034607887268
740,2021-09-18 12:09:26,515487,12.104244828224182
741,2021-09-18 01:09:06,515489,11.873482465744019
742,2021-09-18 01:09:36,515489,11.982535123825073
743,2021-09-18 03:09:50,515489,11.889207363128662
744,2021-09-18 02:09:43,515491,12.088497281074524
745,2021-09-18 03:09:55,515492,12.095494866371155
746,2021-09-18 07:09:36,515499,11.958879828453064
747,2021-09-18 01:09:05,515503,11.832799911499023
748,2021-09-18 08:09:11,515503,11.904052495956421
749,2021-09-18 09:09:36,515503,12.042410373687744
750,2021-09-18 12:09:13,515503,11.96810781955719
751,2021-09-19 01:09:52,515504,12.037802338600159
752,2021-09-19 02:09:40,515504,11.79678499698639
753,2021-09-19 02:09:24,515505,11.968129873275757
754,2021-09-19 03:09:32,515505,12.152697443962097
755,2021-09-19 08:09:59,515507,12.0967698097229
756,2021-09-19 09:09:22,515507,11.885637640953064
757,2021-09-20 01:09:24,515507,12.071495056152344
758,2021-09-20 01:09:52,515507,11.996697783470154
759,2021-09-20 06:09:45,515507,12.113975286483765
760,2021-09-20 09:09:54,515507,12.050477862358093
761,2021-09-20 10:09:08,515507,11.998132467269897
762,2021-09-20 11:09:15,515507,11.992747783660889
763,2021-09-20 11:09:33,515507,12.145559787750244
764,2021-09-20 12:09:00,515507,12.07126498222351
765,2021-09-20 12:09:05,515507,11.86593234539032
766,2021-09-20 01:09:04,515508,12.126274704933167
767,2021-09-20 02:09:23,515510,12.036885023117065
768,2021-09-20 02:09:35,515510,11.987504959106445
769,2021-09-20 02:09:51,515510,11.892275214195251
770,2021-09-20 03:09:49,515510,11.913750171661377
771,2021-09-20 03:09:07,515511,11.979994773864746
772,2021-09-20 03:09:38,515511,11.976617574691772
773,2021-09-20 04:09:14,515511,11.907885074615479
774,2021-09-20 04:09:16,515511,11.927490234375
775,2021-09-20 04:09:20,515511,11.906799674034119
776,2021-09-20 04:09:40,515511,11.971679925918579
777,2021-09-20 04:09:55,515511,11.873759627342224
778,2021-09-20 06:09:54,515511,11.842460036277771
779,2021-09-20 07:09:29,515514,12.070837616920471
780,2021-09-20 07:09:58,515514,11.848482489585876
781,2021-09-20 08:09:05,515514,11.786237359046936
782,2021-09-20 08:09:14,515514,12.008854746818542
783,2021-09-20 08:09:26,515514,11.799092292785645
784,2021-09-20 09:09:15,515514,12.045300006866455
785,2021-09-20 09:09:40,515514,11.857062578201294
786,2021-09-20 09:09:52,515514,11.939919590950012
787,2021-09-20 10:09:50,515514,11.95424735546112
788,2021-09-20 10:09:44,515515,11.911619901657104
789,2021-09-21 01:09:01,515515,12.011249661445618
790,2021-09-21 02:09:26,515515,11.748075485229492
791,2021-09-21 08:09:23,515519,11.917734742164612
792,2021-09-21 08:09:38,515519,11.944772601127625
793,2021-09-21 09:09:07,515519,11.8290376663208
794,2021-09-21 09:09:19,515519,11.887844800949097
795,2021-09-21 10:09:50,515519,11.922357678413391
796,2021-09-21 01:09:28,515520,11.945992708206177
797,2021-09-21 01:09:59,515520,11.988892555236816
798,2021-09-21 02:09:12,515520,11.957074999809265
799,2021-09-21 02:09:30,515520,12.033279538154602
800,2021-09-21 11:09:10,515520,11.920117735862732
801,2021-09-21 11:09:29,515520,11.897282600402832
802,2021-09-21 03:09:22,515522,11.947617530822754
803,2021-09-21 04:09:18,515522,11.820257306098938
804,2021-09-21 04:09:58,515523,12.015692591667175
805,2021-09-21 03:09:35,515524,12.015252113342285
806,2021-09-21 04:09:35,515524,11.918282508850098
807,2021-09-21 04:09:42,515524,11.829999685287476
808,2021-09-21 05:09:27,515524,12.036652565002441
809,2021-09-21 07:09:14,515524,11.919670104980469
810,2021-09-21 07:09:18,515524,11.90340280532837
811,2021-09-21 07:09:33,515524,11.940974593162537
812,2021-09-21 05:09:17,515525,12.032382488250732
813,2021-09-21 07:09:43,515525,11.950460076332092
814,2021-09-21 06:09:35,515526,11.964425444602966
815,2021-09-21 07:09:49,515526,11.860359907150269
816,2021-09-21 06:09:27,515527,12.0611971616745
817,2021-09-21 07:09:38,515527,12.055860161781311
818,2021-09-21 06:09:55,515528,12.186962366104126
819,2021-09-21 07:09:20,515529,11.996269822120667
820,2021-09-21 08:09:42,515529,12.021995186805725
821,2021-09-21 06:09:33,515530,12.06020712852478
822,2021-09-21 08:09:07,515530,11.997814774513245
823,2021-09-21 08:09:20,515530,12.029802203178406
824,2021-09-21 08:09:20,515530,11.90949261188507
825,2021-09-21 08:09:25,515530,12.034794688224792
826,2021-09-21 09:09:36,515530,11.788329482078552
827,2021-09-21 09:09:42,515530,11.982125043869019
828,2021-09-21 09:09:24,515531,11.785854697227478
829,2021-09-21 10:09:54,515531,11.894825100898743
830,2021-09-21 10:09:08,515532,11.951639652252197
831,2021-09-22 12:09:14,515536,12.07959234714508
832,2021-09-22 12:09:54,515536,11.834467649459839
833,2021-09-22 02:09:46,515538,11.842037439346313
834,2021-09-22 06:09:24,515538,11.84232234954834
835,2021-09-22 06:09:33,515538,11.932057738304138
836,2021-09-22 06:09:46,515538,11.922539472579956
837,2021-09-22 07:09:02,515538,11.812989711761475
838,2021-09-22 07:09:15,515538,12.05037236213684
839,2021-09-22 07:09:41,515538,11.757020354270935
840,2021-09-22 10:09:02,515539,11.855164766311646
841,2021-09-22 10:09:18,515539,11.931365132331848
842,2021-09-22 10:09:34,515539,11.845862865447998
843,2021-09-22 10:09:49,515539,11.869876980781555
844,2021-09-22 11:09:19,515539,11.890115141868591
845,2021-09-22 11:09:26,515539,11.790574789047241
846,2021-09-22 11:09:28,515539,11.91320538520813
847,2021-09-22 11:09:31,515539,11.91816508769989
848,2021-09-22 11:09:42,515539,11.938917636871338
849,2021-09-22 11:09:48,515539,12.134262323379517
850,2021-09-22 11:09:51,515539,11.976747512817383
851,2021-09-22 12:09:02,515539,11.82091236114502
852,2021-09-22 12:09:04,515539,11.828500032424927
853,2021-09-22 12:09:06,515539,11.908828020095825
854,2021-09-22 12:09:20,515539,11.813949942588806
855,2021-09-22 12:09:31,515539,11.917457580566406
856,2021-09-22 12:09:32,515539,11.934959888458252
857,2021-09-22 12:09:38,515539,11.911602020263672
858,2021-09-22 12:09:41,515539,11.958287358283997
859,2021-09-22 12:09:51,515539,11.925307512283325
860,2021-09-22 01:09:38,515540,11.980452537536621
861,2021-09-22 12:09:17,515540,11.687732338905334
862,2021-09-22 01:09:06,515541,12.038082480430603
863,2021-09-22 01:09:29,515541,11.908594965934753
864,2021-09-22 01:09:31,515541,11.856027245521545
865,2021-09-22 01:09:42,515541,11.967119574546814
866,2021-09-22 01:09:58,515541,11.925880312919617
867,2021-09-22 02:09:14,515541,11.904675364494324
868,2021-09-22 12:09:07,515541,11.853687167167664
869,2021-09-22 03:09:40,515543,11.73795759677887
870,2021-09-22 03:09:44,515543,11.830360293388367
871,2021-09-22 03:09:54,515544,12.091160416603088
872,2021-09-22 05:09:31,515545,11.903957724571228
873,2021-09-22 07:09:21,515546,12.01035737991333
874,2021-09-22 05:09:03,515547,11.979945302009583
875,2021-09-22 05:09:29,515547,11.903407573699951
876,2021-09-22 05:09:42,515547,11.538574695587158
877,2021-09-22 05:09:53,515547,11.866762638092041
878,2021-09-22 05:09:55,515547,11.795852184295654
879,2021-09-22 06:09:00,515547,11.995827555656433
880,2021-09-22 06:09:49,515549,12.048537731170654
881,2021-09-22 07:09:49,515549,11.627194881439209
882,2021-09-22 08:09:54,515551,12.016187310218811
883,2021-09-22 09:09:40,515553,11.815244555473328
884,2021-09-23 01:09:56,515559,11.708757281303406
885,2021-09-23 05:09:26,515562,12.000315189361572
886,2021-09-23 05:09:51,515562,11.827752590179443
887,2021-09-23 06:09:18,515562,11.877652406692505
888,2021-09-23 07:09:03,515562,11.749964952468872
889,2021-09-23 07:09:20,515562,12.021427750587463
890,2021-09-23 07:09:37,515562,11.910472512245178
891,2021-09-23 08:09:28,515562,11.771005392074585
892,2021-09-23 08:09:28,515562,11.82558000087738
893,2021-09-23 08:09:55,515562,11.984667778015137
894,2021-09-23 09:09:00,515562,11.599140167236328
895,2021-09-23 09:09:23,515562,11.959635019302368
896,2021-09-23 09:09:42,515562,12.213454842567444
897,2021-09-23 10:09:02,515562,11.963202953338623
898,2021-09-23 10:09:36,515562,11.93382740020752
899,2021-09-23 11:09:36,515562,11.865242719650269
900,2021-09-23 11:09:48,515562,11.9044429063797
901,2021-09-23 11:09:07,515563,12.029577493667603
902,2021-09-23 01:09:38,515564,11.948615312576294
903,2021-09-23 12:09:27,515564,11.869259476661682
904,2021-09-23 12:09:44,515564,12.083824872970581
905,2021-09-23 02:09:58,515565,11.739662289619446
906,2021-09-23 03:09:08,515565,11.97803258895874
907,2021-09-23 04:09:35,515565,12.06962525844574
908,2021-09-23 02:09:42,515566,12.12460458278656
909,2021-09-23 03:09:20,515566,11.894875168800354
910,2021-09-23 03:09:27,515566,12.015132308006287
911,2021-09-23 03:09:48,515566,12.033172845840454
912,2021-09-23 03:09:49,515567,12.05843985080719
913,2021-09-23 04:09:26,515567,11.79575502872467
914,2021-09-23 05:09:39,515569,12.009955048561096
915,2021-09-23 07:09:00,515570,11.9097501039505
916,2021-09-23 07:09:28,515570,11.858919858932495
917,2021-09-23 07:09:34,515570,11.801459789276123
918,2021-09-23 07:09:38,515570,11.848322749137878
919,2021-09-23 08:09:10,515570,11.819827556610107
920,2021-09-23 08:09:30,515570,11.948667764663696
921,2021-09-23 07:09:23,515571,11.956775188446045
922,2021-09-23 08:09:12,515571,11.926694512367249
923,2021-09-23 09:09:35,515571,11.93236768245697
924,2021-09-23 09:09:51,515571,11.958467364311218
925,2021-09-23 09:09:20,515573,11.990230083465576
926,2021-09-23 11:09:17,515575,11.886680126190186
927,2021-09-23 11:09:27,515575,11.946682333946228
928,2021-09-23 11:09:28,515575,11.975440382957458
929,2021-09-23 11:09:54,515575,11.77482008934021
930,2021-09-24 12:09:00,515575,12.026534676551819
931,2021-09-24 12:09:32,515575,11.912002563476562
932,2021-09-23 11:09:06,515576,12.013007998466492
933,2021-09-24 01:09:18,515576,11.828017234802246
934,2021-09-24 01:09:23,515576,12.058867812156677
935,2021-09-24 01:09:41,515576,11.94824993610382
936,2021-09-24 02:09:41,515576,11.852360367774963
937,2021-09-24 12:09:35,515576,12.027859687805176
938,2021-09-24 12:09:37,515576,11.82511031627655
939,2021-09-24 12:09:40,515576,11.845937371253967
940,2021-09-24 01:09:02,515577,11.77266538143158
941,2021-09-24 02:09:52,515577,11.902564764022827
942,2021-09-24 03:09:13,515577,11.937827467918396
943,2021-09-24 03:09:40,515577,11.879720091819763
944,2021-09-24 04:09:59,515578,11.976792812347412
945,2021-09-24 05:09:24,515580,11.720210313796997
946,2021-09-24 06:09:57,515580,11.856020092964172
947,2021-09-24 07:09:09,515580,11.960452198982239
948,2021-09-24 08:09:04,515580,11.926600337028503
949,2021-09-24 07:09:10,515581,11.892504692077637
950,2021-09-24 08:09:04,515581,12.06013798713684
951,2021-09-24 08:09:34,515582,11.95260763168335
952,2021-09-24 08:09:12,515583,11.95779025554657
953,2021-09-24 08:09:28,515583,12.080810070037842
954,2021-09-24 09:09:35,515583,11.918460130691528
955,2021-09-24 10:09:29,515583,11.864020228385925
956,2021-09-24 01:09:10,515586,12.030720114707947
957,2021-09-24 01:09:18,515586,12.064737677574158
958,2021-09-24 01:09:42,515586,11.913349628448486
959,2021-09-24 01:09:54,515586,11.835557222366333
960,2021-09-24 01:09:57,515586,11.763885021209717
961,2021-09-24 02:09:21,515586,11.953232288360596
962,2021-09-24 02:09:26,515586,11.765069961547852
963,2021-09-24 02:09:34,515586,11.9320547580719
964,2021-09-24 02:09:36,515586,12.008642554283142
965,2021-09-24 03:09:22,515586,12.01497733592987
966,2021-09-24 03:09:26,515586,11.921462416648865
967,2021-09-24 03:09:30,515586,12.057785391807556
968,2021-09-24 12:09:26,515586,12.186310291290283
969,2021-09-24 12:09:57,515586,11.986085176467896
970,2021-09-24 02:09:07,515587,11.977702379226685
971,2021-09-24 02:09:59,515587,11.908862590789795
972,2021-09-24 02:09:08,515588,11.900762915611267
973,2021-09-24 03:09:18,515589,12.111702561378479
974,2021-09-24 04:09:43,515589,12.043960094451904
975,2021-09-24 04:09:50,515589,11.864272356033325
976,2021-09-24 05:09:22,515589,11.954527497291565
977,2021-09-24 04:09:16,515590,11.884072422981262
978,2021-09-24 05:09:05,515590,12.038105130195618
979,2021-09-24 05:09:21,515590,11.878692507743835
980,2021-09-24 05:09:21,515590,11.798197627067566
981,2021-09-24 05:09:24,515590,12.04433262348175
982,2021-09-24 05:09:50,515590,12.090889811515808
983,2021-09-24 06:09:29,515591,11.981017589569092
984,2021-09-24 07:09:55,515591,11.89268946647644
985,2021-09-24 06:09:58,515592,12.06608235836029
986,2021-09-24 07:09:40,515592,11.93240225315094
987,2021-09-24 08:09:17,515594,11.997094750404358
988,2021-09-24 09:09:29,515594,11.817379593849182
989,2021-09-24 09:09:48,515594,11.922684907913208
990,2021-09-24 09:09:30,515595,12.11433470249176
991,2021-09-24 10:09:11,515595,11.824395060539246
992,2021-09-24 10:09:05,515596,11.937656998634338
993,2021-09-24 10:09:33,515596,11.984832286834717
994,2021-09-24 09:09:37,515597,12.020877599716187
995,2021-09-24 09:09:43,515597,11.917884945869446
996,2021-09-24 11:09:22,515597,11.928547620773315
997,2021-09-25 01:09:10,515602,12.033867239952087
998,2021-09-25 01:09:44,515602,12.005769610404968
999,2021-09-25 01:09:53,515602,11.939307451248169
1000,2021-09-25 01:09:53,515602,11.724025011062622
1001,2021-09-25 02:09:29,515602,11.919292211532593
1002,2021-09-25 02:09:37,515602,11.674507856369019
1003,2021-09-25 02:09:38,515602,11.965714693069458
1004,2021-09-25 02:09:45,515602,12.033952474594116
1005,2021-09-25 01:09:34,515603,11.794852614402771
1006,2021-09-25 02:09:16,515603,11.884722709655762
1007,2021-09-25 02:09:43,515603,12.052292227745056
1008,2021-09-25 02:09:59,515603,11.836242079734802
1009,2021-09-25 03:09:06,515603,11.904919743537903
1010,2021-09-25 02:09:38,515605,11.865009665489197
1011,2021-09-25 03:09:48,515605,12.05917775630951
1012,2021-09-25 03:09:45,515607,11.895412802696228
1013,2021-09-25 04:09:01,515607,12.038132548332214
1014,2021-09-25 04:09:11,515607,11.948630213737488
1015,2021-09-25 04:09:18,515607,11.917222738265991
1016,2021-09-25 04:09:30,515607,11.86382532119751
1017,2021-09-25 04:09:44,515607,11.797892451286316
1018,2021-09-25 04:09:51,515607,11.87361478805542
1019,2021-09-25 04:09:51,515607,11.982762217521667
1020,2021-09-25 05:09:03,515607,11.9157874584198
1021,2021-09-25 05:09:05,515607,11.845662593841553
1022,2021-09-25 05:09:32,515607,12.031367421150208
1023,2021-09-25 05:09:34,515607,11.912319660186768
1024,2021-09-25 05:09:35,515607,11.782867312431335
1025,2021-09-25 05:09:49,515607,11.793142557144165
1026,2021-09-25 05:09:59,515607,11.800389885902405
1027,2021-09-25 06:09:12,515607,12.042677998542786
1028,2021-09-25 07:09:50,515607,11.918147206306458
1029,2021-09-25 10:09:22,515608,11.787182688713074
1030,2021-09-25 01:09:27,515609,11.837672591209412
1031,2021-09-25 02:09:11,515609,11.861124634742737
1032,2021-09-25 02:09:16,515609,11.973392367362976
1033,2021-09-25 05:09:16,515609,12.015552520751953
1034,2021-09-25 05:09:52,515609,11.806080341339111
1035,2021-09-25 12:09:04,515609,12.020982503890991
1036,2021-09-25 06:09:25,515611,12.002435326576233
1037,2021-09-25 08:09:48,515615,11.86697006225586
1038,2021-09-25 09:09:01,515615,11.930197477340698
1039,2021-09-25 09:09:57,515615,11.917205452919006
1040,2021-09-25 10:09:01,515615,12.00042724609375
1041,2021-09-26 05:09:29,515616,11.812867522239685
1042,2021-09-26 05:09:50,515616,11.813270449638367
1043,2021-09-26 06:09:44,515616,11.861304640769958
1044,2021-09-26 06:09:49,515616,12.016967535018921
1045,2021-09-26 06:09:52,515616,12.000014781951904
1046,2021-09-26 01:09:55,515617,11.754775047302246
1047,2021-09-26 02:09:33,515617,11.765074729919434
1048,2021-09-26 02:09:34,515617,12.016122341156006
1049,2021-09-26 02:09:38,515617,12.01168954372406
1050,2021-09-26 03:09:55,515617,11.769067645072937
1051,2021-09-26 04:09:04,515617,11.885640025138855
1052,2021-09-26 04:09:55,515617,11.887167692184448
1053,2021-09-26 05:09:45,515617,11.883927583694458
1054,2021-09-26 05:09:55,515617,11.902132630348206
1055,2021-09-26 06:09:04,515617,11.762352585792542
1056,2021-09-26 07:09:25,515617,11.95805013179779
1057,2021-09-26 07:09:25,515617,12.008960247039795
1058,2021-09-26 07:09:26,515617,11.873124837875366
1059,2021-09-26 07:09:52,515617,11.935935020446777
1060,2021-09-26 12:09:09,515617,11.68681263923645
1061,2021-09-26 11:09:12,515618,11.984260082244873
1062,2021-09-27 04:09:07,515618,11.805022358894348
1063,2021-09-27 04:09:09,515618,11.864517331123352
1064,2021-09-27 05:09:04,515618,11.783609986305237
1065,2021-09-27 05:09:25,515618,11.829612851142883
1066,2021-09-27 05:09:36,515618,11.952239871025085
1067,2021-09-27 05:09:59,515618,11.80442214012146
1068,2021-09-27 06:09:25,515618,12.013099789619446
1069,2021-09-27 06:09:33,515618,11.823977828025818
1070,2021-09-27 06:09:54,515618,11.965587735176086
1071,2021-09-27 06:09:57,515618,11.956585049629211
1072,2021-09-27 07:09:13,515618,11.842602491378784
1073,2021-09-27 07:09:21,515618,11.918745040893555
1074,2021-09-27 07:09:22,515618,11.860855221748352
1075,2021-09-27 07:09:37,515618,12.03853726387024
1076,2021-09-27 07:09:43,515618,11.84306025505066
1077,2021-09-27 07:09:44,515618,11.960022449493408
1078,2021-09-27 08:09:26,515618,11.923489570617676
1079,2021-09-27 08:09:35,515618,11.86943233013153
1080,2021-09-27 08:09:59,515618,12.07592248916626
1081,2021-09-27 09:09:54,515618,11.78820013999939
1082,2021-09-27 12:09:03,515618,11.886235475540161
1083,2021-09-27 01:09:48,515619,11.847314834594727
1084,2021-09-27 09:09:23,515619,12.024015188217163
1085,2021-09-27 10:09:26,515619,11.906927824020386
1086,2021-09-27 10:09:46,515619,12.069265246391296
1087,2021-09-27 12:09:32,515619,11.993369460105896
1088,2021-09-27 12:09:48,515619,12.00625479221344
1089,2021-09-27 12:09:50,515619,11.951114535331726
1090,2021-09-27 12:09:57,515619,11.90957248210907
1091,2021-09-27 01:09:29,515620,12.062139511108398
1092,2021-09-27 01:09:57,515620,12.001447677612305
1093,2021-09-27 01:09:59,515620,11.836055517196655
1094,2021-09-27 02:09:06,515620,11.853577494621277
1095,2021-09-27 02:09:26,515620,11.999487280845642
1096,2021-09-27 02:09:33,515620,11.959350109100342
1097,2021-09-27 02:09:53,515620,11.9273179769516
1098,2021-09-27 03:09:17,515620,12.001987099647522
1099,2021-09-27 12:09:45,515620,11.91884994506836
1100,2021-09-27 12:09:48,515620,12.00284481048584
1101,2021-09-28 12:09:11,515620,11.908267140388489
1102,2021-09-28 12:09:19,515620,11.831807494163513
1103,2021-09-28 12:09:37,515620,11.779267191886902
1104,2021-09-28 12:09:38,515620,11.790302395820618
1105,2021-09-27 03:09:13,515621,11.876620054244995
1106,2021-09-27 03:09:23,515621,11.81363046169281
1107,2021-09-27 04:09:53,515621,11.881687641143799
1108,2021-09-27 05:09:42,515621,11.828052401542664
1109,2021-09-27 04:09:22,515622,12.220322489738464
1110,2021-09-27 04:09:58,515622,11.92512035369873
1111,2021-09-27 05:09:57,515622,12.06582248210907
1112,2021-09-27 05:09:58,515622,11.952217817306519
1113,2021-09-27 04:09:40,515623,12.034107446670532
1114,2021-09-27 05:09:58,515623,11.94431483745575
1115,2021-09-27 05:09:30,515624,12.012552618980408
1116,2021-09-27 05:09:53,515625,12.006889581680298
1117,2021-09-27 06:09:02,515625,11.801779866218567
1118,2021-09-27 07:09:24,515626,11.957499980926514
1119,2021-09-27 08:09:12,515627,12.323142886161804
1120,2021-09-27 08:09:24,515627,12.05270767211914
1121,2021-09-27 09:09:08,515627,11.918522715568542
1122,2021-09-27 09:09:20,515627,11.862944960594177
1123,2021-09-27 09:09:22,515627,11.785037517547607
1124,2021-09-27 09:09:29,515628,11.83364748954773
1125,2021-09-27 11:09:01,515628,11.962217092514038
1126,2021-09-27 11:09:09,515628,11.946194767951965
1127,2021-09-27 11:09:54,515628,12.056852579116821
1128,2021-09-27 10:09:59,515630,11.903374791145325
1129,2021-09-27 11:09:52,515630,11.885620355606079
1130,2021-09-28 12:09:05,515630,11.960037350654602
1131,2021-09-28 12:09:43,515630,11.602437496185303
1132,2021-09-28 12:09:16,515632,11.891599893569946
1133,2021-09-28 12:09:21,515632,11.883482336997986
1134,2021-09-28 01:09:12,515633,12.036975026130676
1135,2021-09-28 01:09:18,515633,11.832410097122192
1136,2021-09-28 01:09:19,515633,11.638014912605286
1137,2021-09-28 02:09:05,515633,11.926722526550293
1138,2021-09-28 02:09:41,515633,12.004975080490112
1139,2021-09-28 02:09:45,515633,11.97145700454712
1140,2021-09-28 02:09:59,515633,12.118045091629028
1141,2021-09-28 12:09:49,515633,12.095054984092712
1142,2021-09-28 02:09:08,515634,11.973327398300171
1143,2021-09-28 02:09:16,515634,11.896250247955322
1144,2021-09-28 03:09:19,515634,11.5328449010849
1145,2021-09-28 03:09:20,515634,11.980893015861511
1146,2021-09-28 03:09:52,515634,12.012284994125366
1147,2021-09-28 04:09:13,515634,12.068095207214355
1148,2021-09-28 04:09:35,515634,11.857705116271973
1149,2021-09-28 05:09:32,515634,11.882367730140686
1150,2021-09-28 05:09:40,515634,11.80757761001587
1151,2021-09-28 05:09:52,515634,11.962849497795105
1152,2021-09-28 06:09:18,515634,12.040064930915833
1153,2021-09-28 06:09:21,515634,11.96940004825592
1154,2021-09-28 06:09:31,515634,11.994180083274841
1155,2021-09-28 06:09:31,515634,12.124544978141785
1156,2021-09-28 06:09:32,515634,11.997395157814026
1157,2021-09-28 07:09:00,515634,11.78816020488739
1158,2021-09-28 07:09:07,515634,11.928102970123291
1159,2021-09-28 07:09:11,515634,12.002367377281189
1160,2021-09-28 07:09:14,515634,12.087662816047668
1161,2021-09-28 07:09:14,515634,12.004806995391846
1162,2021-09-28 07:09:24,515634,12.05174207687378
1163,2021-09-28 07:09:42,515634,11.80421769618988
1164,2021-09-28 07:09:46,515634,11.990904808044434
1165,2021-09-28 07:09:53,515634,11.948229670524597
1166,2021-09-28 08:09:02,515634,11.835225224494934
1167,2021-09-28 08:09:22,515634,11.962277889251709
1168,2021-09-28 08:09:30,515634,11.839054822921753
1169,2021-09-28 08:09:37,515634,11.872090101242065
1170,2021-09-28 08:09:37,515634,11.929442286491394
1171,2021-09-28 08:09:49,515634,11.842147707939148
1172,2021-09-28 09:09:00,515634,12.022145390510559
1173,2021-09-28 09:09:03,515634,11.996655464172363
1174,2021-09-28 09:09:07,515634,11.955990195274353
1175,2021-09-28 09:09:12,515634,11.985694766044617
1176,2021-09-28 09:09:20,515634,12.110239863395691
1177,2021-09-28 10:09:29,515634,12.201212644577026
1178,2021-09-28 10:09:16,515635,11.94733738899231
1179,2021-09-28 10:09:18,515635,11.923134922981262
1180,2021-09-28 10:09:49,515635,12.037824988365173
1181,2021-09-28 11:09:22,515635,11.961469650268555
1182,2021-09-28 11:09:40,515635,11.897954940795898
1183,2021-09-28 11:09:48,515635,11.802939772605896
1184,2021-09-28 12:09:36,515635,11.951834559440613
1185,2021-09-28 01:09:08,515636,11.997895240783691
1186,2021-09-28 12:09:55,515636,12.148280143737793
1187,2021-09-28 01:09:39,515637,11.921690106391907
1188,2021-09-28 02:09:47,515637,12.065932750701904
1189,2021-09-28 02:09:56,515637,11.948105096817017
1190,2021-09-28 03:09:04,515637,11.876540184020996
1191,2021-09-28 04:09:17,515637,11.984034776687622
1192,2021-09-28 04:09:19,515637,12.041442394256592
1193,2021-09-28 04:09:31,515637,12.040114998817444
1194,2021-09-28 03:09:04,515638,12.038177251815796
1195,2021-09-28 04:09:56,515638,11.93995714187622
1196,2021-09-28 03:09:30,515639,11.993462443351746
1197,2021-09-28 03:09:36,515639,12.001607418060303
1198,2021-09-28 03:09:49,515639,11.971157193183899
1199,2021-09-28 04:09:01,515639,11.870540380477905
1200,2021-09-28 04:09:16,515639,12.010952830314636
1201,2021-09-28 04:09:58,515639,11.966280341148376
1202,2021-09-28 04:09:18,515640,11.992210149765015
1203,2021-09-28 04:09:21,515640,11.814430356025696
1204,2021-09-28 05:09:44,515641,11.865607500076294
1205,2021-09-28 06:09:09,515642,11.856144666671753
1206,2021-09-28 06:09:27,515642,11.901872754096985
1207,2021-09-28 07:09:20,515642,12.01686978340149
1208,2021-09-28 07:09:50,515642,11.999667286872864
1209,2021-09-28 06:09:54,515643,11.973497867584229
1210,2021-09-28 08:09:13,515643,11.784182786941528
1211,2021-09-28 08:09:49,515643,11.724748015403748
1212,2021-09-28 08:09:58,515643,11.820642352104187
1213,2021-09-28 08:09:48,515644,12.066357135772705
1214,2021-09-28 09:09:20,515644,11.88090205192566
1215,2021-09-28 08:09:32,515645,11.974642276763916
1216,2021-09-28 09:09:10,515645,11.979292631149292
1217,2021-09-28 09:09:27,515645,12.19302237033844
1218,2021-09-28 09:09:51,515645,11.96841299533844
1219,2021-09-28 10:09:28,515645,11.960627436637878
1220,2021-09-28 10:09:53,515645,12.08896279335022
1221,2021-09-28 09:09:39,515646,12.04519510269165
1222,2021-09-28 10:09:04,515646,12.08731472492218
1223,2021-09-28 10:09:31,515646,11.993299722671509
1224,2021-09-28 11:09:40,515646,11.871089935302734
1225,2021-09-28 11:09:38,515647,12.092439532279968
1226,2021-09-28 11:09:56,515648,11.920942664146423
1227,2021-09-29 01:09:56,515650,11.781370043754578
1228,2021-09-29 12:09:41,515650,12.006369829177856
1229,2021-09-29 04:09:28,515657,11.870572566986084
1230,2021-09-29 05:09:31,515657,11.936402916908264
1231,2021-09-29 06:09:12,515661,12.017767429351807
1232,2021-09-29 06:09:31,515661,11.854825019836426
1233,2021-09-29 06:09:04,515662,11.970045566558838
1234,2021-09-29 07:09:14,515662,11.861464977264404
1235,2021-09-29 07:09:20,515662,11.922752261161804
1236,2021-09-29 07:09:42,515662,11.702065467834473
1237,2021-09-29 07:09:58,515662,11.963330507278442
1238,2021-09-29 08:09:19,515662,12.064765095710754
1239,2021-09-29 01:09:02,515666,12.022484540939331
1240,2021-09-29 01:09:18,515666,11.99982225894928
1241,2021-09-29 10:09:10,515666,11.953837871551514
1242,2021-09-29 10:09:23,515666,11.67497992515564
1243,2021-09-29 11:09:23,515666,11.898639798164368
1244,2021-09-29 12:09:08,515666,12.021614909172058
1245,2021-09-29 12:09:47,515666,12.028855085372925
1246,2021-09-29 01:09:16,515667,12.000212669372559
1247,2021-09-29 01:09:41,515667,12.02987253665924
1248,2021-09-29 01:09:43,515667,11.911157369613647
1249,2021-09-29 02:09:56,515667,11.966087222099304
1250,2021-09-29 01:09:05,515668,11.954817771911621
1251,2021-09-29 02:09:49,515668,11.914889812469482
1252,2021-09-29 03:09:46,515668,11.929199695587158
1253,2021-09-29 04:09:12,515668,11.933217644691467
1254,2021-09-29 02:09:17,515669,11.769712567329407
1255,2021-09-29 03:09:50,515669,12.01669991016388
1256,2021-09-29 04:09:06,515669,11.839894652366638
1257,2021-09-29 04:09:23,515669,11.947582364082336
1258,2021-09-29 04:09:33,515669,12.081584930419922
1259,2021-09-29 05:09:11,515669,11.860772967338562
1260,2021-09-29 05:09:29,515669,11.840242743492126
1261,2021-09-29 05:09:29,515669,11.956967115402222
1262,2021-09-29 06:09:22,515672,11.90720021724701
1263,2021-09-29 06:09:23,515672,11.871709823608398
1264,2021-09-29 06:09:32,515672,12.051142454147339
1265,2021-09-29 07:09:03,515672,11.855164766311646
1266,2021-09-29 07:09:06,515672,11.87473714351654
1267,2021-09-29 07:09:50,515672,11.884817481040955
1268,2021-09-29 07:09:57,515672,11.897785067558289
1269,2021-09-29 06:09:56,515673,11.879472732543945
1270,2021-09-29 07:09:30,515673,11.953604817390442
1271,2021-09-29 08:09:07,515673,12.046504616737366
1272,2021-09-29 08:09:56,515673,12.016879916191101
1273,2021-09-29 09:09:31,515673,11.770747303962708
1274,2021-09-29 09:09:52,515673,11.872527599334717
1275,2021-09-29 07:09:38,515674,12.017284631729126
1276,2021-09-29 08:09:11,515675,11.961280107498169
1277,2021-09-29 08:09:13,515675,11.945212483406067
1278,2021-09-29 08:09:32,515675,11.84435784816742
1279,2021-09-29 08:09:59,515675,11.771649718284607
1280,2021-09-29 09:09:02,515675,11.938467621803284
1281,2021-09-29 09:09:05,515675,12.055562734603882
1282,2021-09-29 09:09:13,515675,11.929702162742615
1283,2021-09-29 09:09:34,515675,11.805950403213501
1284,2021-09-29 09:09:40,515675,11.8418949842453
1285,2021-09-29 09:09:52,515675,12.014442682266235
1286,2021-09-29 10:09:13,515675,11.57854974269867
1287,2021-09-29 10:09:40,515675,11.921107172966003
1288,2021-09-29 11:09:36,515676,11.944087743759155
1289,2021-09-29 11:09:58,515676,11.835577487945557
1290,2021-09-30 01:09:21,515679,12.05606997013092
1291,2021-09-30 01:09:57,515679,12.040572762489319
1292,2021-09-30 02:09:08,515679,12.048977613449097
1293,2021-09-30 02:09:22,515679,12.014085054397583
1294,2021-09-30 02:09:37,515680,11.831647157669067
1295,2021-09-30 02:09:40,515680,12.00729787349701
1296,2021-09-30 03:09:39,515682,12.037944793701172
1297,2021-09-30 04:09:14,515682,12.073355317115784
1298,2021-09-30 04:09:29,515684,11.994250416755676
1299,2021-09-30 05:09:04,515685,11.927337050437927
1300,2021-09-30 05:09:08,515685,11.881385445594788
1301,2021-09-30 06:09:37,515687,11.886565089225769
1302,2021-09-30 07:09:21,515687,11.887242197990417
1303,2021-09-30 07:09:31,515687,11.904935240745544
1304,2021-09-30 07:09:49,515687,12.055879831314087
1305,2021-09-30 07:09:54,515687,11.952182650566101
1306,2021-09-30 07:09:59,515687,12.167620062828064
1307,2021-09-30 08:09:00,515687,11.98213279247284
1308,2021-09-30 08:09:11,515687,11.932942867279053
1309,2021-09-30 09:09:37,515687,11.945942640304565
1310,2021-09-30 09:09:43,515687,11.9046550989151
1311,2021-09-30 11:09:03,515693,12.104824781417847
1312,2021-09-30 12:09:48,515693,11.885064840316772
1313,2021-09-30 10:09:20,515694,12.237987518310547
1314,2021-09-30 11:09:12,515694,12.008457779884338
1315,2021-09-30 11:09:21,515694,11.92558228969574
1316,2021-09-30 11:09:37,515694,12.012465000152588
1317,2021-09-30 12:09:10,515694,12.11926281452179
1318,2021-09-30 12:09:18,515694,12.025527358055115
1319,2021-09-30 12:09:34,515694,11.945279836654663
1320,2021-09-30 12:09:39,515694,12.0521479845047
1321,2021-09-30 12:09:01,515695,11.942317485809326
1322,2021-09-30 12:09:08,515695,11.960510015487671
1323,2021-09-30 01:09:23,515696,11.951320171356201
1324,2021-09-30 12:09:26,515696,12.000352144241333
1325,2021-09-30 01:09:33,515697,12.114260196685791
1326,2021-09-30 01:09:33,515697,11.949664950370789
1327,2021-09-30 01:09:40,515697,11.954362392425537
1328,2021-09-30 02:09:10,515697,12.079657316207886
1329,2021-09-30 02:09:11,515697,11.976267695426941
1330,2021-09-30 02:09:43,515697,11.916807293891907
1331,2021-09-30 02:09:46,515697,11.898402571678162
1332,2021-09-30 03:09:32,515697,11.919972896575928
1333,2021-09-30 03:09:06,515698,12.089594602584839
1334,2021-09-30 03:09:10,515698,11.808505058288574
1335,2021-09-30 03:09:46,515698,11.859047412872314
1336,2021-09-30 03:09:57,515698,11.872182488441467
1337,2021-09-30 03:09:35,515699,11.956907510757446
1338,2021-09-30 03:09:47,515699,11.834602355957031
1339,2021-09-30 04:09:53,515700,11.898549795150757
1340,2021-09-30 04:09:58,515700,11.904197335243225
1341,2021-09-30 05:09:13,515701,12.082087397575378
1342,2021-09-30 05:09:17,515701,12.036222219467163
1343,2021-09-30 05:09:51,515701,11.956387162208557
1344,2021-09-30 06:09:58,515701,11.900742053985596
1345,2021-09-30 05:09:17,515702,11.869753003120422
1346,2021-09-30 06:09:40,515702,11.880840063095093
1347,2021-09-30 06:09:22,515704,11.957699656486511
1348,2021-09-30 06:09:41,515704,11.975070238113403
1349,2021-09-30 07:09:16,515704,11.825147867202759
1350,2021-09-30 07:09:20,515704,12.071982622146606
1351,2021-09-30 07:09:33,515704,11.87854290008545
1352,2021-09-30 07:09:41,515704,11.866262555122375
1353,2021-09-30 07:09:41,515704,11.887622475624084
1354,2021-09-30 08:09:04,515704,11.778417825698853
1355,2021-09-30 08:09:19,515704,11.856012344360352
1356,2021-09-30 08:09:38,515704,12.058539986610413
1357,2021-09-30 08:09:31,515705,11.976280212402344
1358,2021-09-30 08:09:54,515705,12.061872482299805
1359,2021-09-30 09:09:06,515705,11.7367023229599
1360,2021-09-30 09:09:38,515705,12.03906536102295
1361,2021-09-30 10:09:36,515707,11.978842616081238
1362,2021-09-30 11:09:23,515707,11.867409944534302
1363,2021-10-01 01:10:41,515710,12.058035135269165
1364,2021-10-01 01:10:46,515710,12.017679810523987
1365,2021-10-01 12:10:07,515710,12.027115225791931
1366,2021-10-01 12:10:07,515710,12.138277888298035
1367,2021-10-01 12:10:24,515710,11.982192397117615
1368,2021-10-01 12:10:30,515710,11.90621018409729
1369,2021-10-01 01:10:27,515711,11.97967529296875
1370,2021-10-01 12:10:36,515711,11.970749497413635
1371,2021-10-01 01:10:56,515713,12.133792042732239
1372,2021-10-01 11:10:08,515713,11.857092380523682
1373,2021-10-01 12:10:13,515713,11.838364601135254
1374,2021-10-01 12:10:17,515713,11.947107315063477
1375,2021-10-01 05:10:00,515717,11.91949725151062
1376,2021-10-01 07:10:28,515717,11.97526752948761
1377,2021-10-01 06:10:30,515718,12.184754610061646
1378,2021-10-01 07:10:11,515718,11.857100129127502
1379,2021-10-01 11:10:55,515728,12.115930318832397
1380,2021-10-01 12:10:15,515728,12.151817679405212
1381,2021-10-01 01:10:03,515730,12.280099987983704
1382,2021-10-01 01:10:45,515730,12.107957601547241
1383,2021-10-01 02:10:15,515730,11.806035041809082
1384,2021-10-01 03:10:52,515730,12.087282538414001
1385,2021-10-01 04:10:45,515730,12.011915445327759
1386,2021-10-01 05:10:15,515730,12.114247679710388
1387,2021-10-01 05:10:45,515730,12.084695100784302
1388,2021-10-01 06:10:04,515730,11.973272562026978
1389,2021-10-01 11:10:26,515730,12.068780064582825
1390,2021-10-01 12:10:02,515730,12.103222608566284
1391,2021-10-01 12:10:18,515730,12.025669813156128
1392,2021-10-01 12:10:32,515730,12.139700055122375
1393,2021-10-01 12:10:45,515730,12.148550152778625
1394,2021-10-01 12:10:45,515730,12.218130230903625
1395,2021-10-01 12:10:53,515730,12.181719541549683
1396,2021-10-01 05:10:14,515731,11.92304015159607
1397,2021-10-01 05:10:51,515731,11.962352991104126
1398,2021-10-01 07:10:04,515732,11.993805170059204
1399,2021-10-01 07:10:06,515732,12.156649827957153
1400,2021-10-01 08:10:30,515732,12.081722617149353
1401,2021-10-01 08:10:32,515732,12.07506775856018
1402,2021-10-01 08:10:54,515732,11.915679574012756
1403,2021-10-01 08:10:59,515732,12.113370299339294
1404,2021-10-01 08:10:22,515733,12.085745334625244
1405,2021-10-02 01:10:56,515735,11.911547780036926
1406,2021-10-02 02:10:35,515735,12.130070328712463
1407,2021-10-02 02:10:41,515735,12.094972729682922
1408,2021-10-02 02:10:58,515735,11.938504576683044
1409,2021-10-02 03:10:18,515735,12.010497450828552
1410,2021-10-02 03:10:19,515735,11.959387063980103
1411,2021-10-02 03:10:31,515735,11.832104921340942
1412,2021-10-02 03:10:54,515735,12.06478476524353
1413,2021-10-02 04:10:32,515735,11.893999576568604
1414,2021-10-02 12:10:39,515735,12.033827900886536
1415,2021-10-02 01:10:04,515736,12.01717495918274
1416,2021-10-02 01:10:25,515736,11.933022737503052
1417,2021-10-02 02:10:29,515736,11.969630122184753
1418,2021-10-02 02:10:29,515736,12.276229858398438
1419,2021-10-02 02:10:35,515736,12.030342817306519
1420,2021-10-02 03:10:15,515736,12.141337394714355
1421,2021-10-02 03:10:53,515736,11.9853675365448
1422,2021-10-02 04:10:23,515736,11.975634694099426
1423,2021-10-02 05:10:14,515736,11.862772107124329
1424,2021-10-02 05:10:18,515736,12.014617919921875
1425,2021-10-02 05:10:19,515736,11.847227811813354
1426,2021-10-02 05:10:45,515736,12.130835056304932
1427,2021-10-02 05:10:49,515736,11.942214965820312
1428,2021-10-02 06:10:04,515736,11.976282000541687
1429,2021-10-02 06:10:11,515736,11.89640760421753
1430,2021-10-02 07:10:39,515736,11.970834732055664
1431,2021-10-02 07:10:40,515736,12.166207432746887
1432,2021-10-02 08:10:14,515736,11.978607177734375
1433,2021-10-02 08:10:16,515736,12.067732810974121
1434,2021-10-02 08:10:26,515736,12.0143324136734
1435,2021-10-02 09:10:29,515736,11.895689964294434
1436,2021-10-02 09:10:33,515736,11.842017769813538
1437,2021-10-02 09:10:35,515736,12.042624950408936
1438,2021-10-02 09:10:37,515736,12.129427790641785
1439,2021-10-02 09:10:56,515736,12.124289870262146
1440,2021-10-02 09:10:57,515736,12.100189924240112
1441,2021-10-02 10:10:54,515736,12.002240419387817
1442,2021-10-02 12:10:09,515736,11.95360243320465
1443,2021-10-03 01:10:00,515737,12.039742469787598
1444,2021-10-03 01:10:47,515737,12.170852422714233
1445,2021-10-03 02:10:32,515737,11.950772404670715
1446,2021-10-03 05:10:05,515737,12.091242671012878
1447,2021-10-03 05:10:11,515737,12.114865183830261
1448,2021-10-03 07:10:04,515737,12.11300015449524
1449,2021-10-03 08:10:41,515737,12.077969908714294
1450,2021-10-03 11:10:45,515737,11.95156991481781
1451,2021-10-03 12:10:34,515737,12.102220058441162
1452,2021-10-03 12:10:54,515737,12.074124813079834
1453,2021-10-03 03:10:01,515738,11.86515986919403
1454,2021-10-03 03:10:20,515738,11.943427324295044
1455,2021-10-03 03:10:36,515738,12.069374918937683
1456,2021-10-03 03:10:52,515738,11.901697516441345
1457,2021-10-03 04:10:32,515738,12.107164859771729
1458,2021-10-03 04:10:44,515738,11.971327066421509
1459,2021-10-03 04:10:50,515738,12.101939916610718
1460,2021-10-03 05:10:08,515738,11.854690313339233
1461,2021-10-03 05:10:18,515738,12.167772650718689
1462,2021-10-03 06:10:20,515738,12.053884863853455
1463,2021-10-03 06:10:33,515738,12.048857808113098
1464,2021-10-03 06:10:40,515738,11.987897753715515
1465,2021-10-03 06:10:56,515738,11.933994889259338
1466,2021-10-03 07:10:11,515738,12.136194705963135
1467,2021-10-03 08:10:38,515738,11.965700387954712
1468,2021-10-03 08:10:43,515738,11.987209916114807
1469,2021-10-03 09:10:06,515738,12.02343225479126
1470,2021-10-03 09:10:20,515738,12.133409976959229
1471,2021-10-03 09:10:22,515738,12.017342448234558
1472,2021-10-03 09:10:59,515738,11.90472960472107
1473,2021-10-03 03:10:02,515739,11.98640763759613
1474,2021-10-03 07:10:46,515739,12.04600214958191
1475,2021-10-03 09:10:13,515739,12.104922533035278
1476,2021-10-03 09:10:59,515739,11.916499733924866
1477,2021-10-03 11:10:25,515739,11.970444917678833
1478,2021-10-03 11:10:59,515739,11.94958508014679
1479,2021-10-04 01:10:33,515739,11.96215033531189
1480,2021-10-04 02:10:54,515739,11.882647275924683
1481,2021-10-04 01:10:22,515741,11.91353976726532
1482,2021-10-04 01:10:46,515741,11.942225098609924
1483,2021-10-04 01:10:46,515741,11.970179677009583
1484,2021-10-04 02:10:05,515741,12.013779878616333
1485,2021-10-04 02:10:50,515741,12.085520029067993
1486,2021-10-04 03:10:23,515741,11.994560360908508
1487,2021-10-04 03:10:42,515741,12.009974718093872
1488,2021-10-04 10:10:17,515741,12.021297812461853
1489,2021-10-04 10:10:39,515741,12.05327033996582
1490,2021-10-04 11:10:06,515741,11.873084902763367
1491,2021-10-04 11:10:42,515741,12.031942009925842
1492,2021-10-04 11:10:49,515741,12.02931523323059
1493,2021-10-04 12:10:08,515741,11.978007555007935
1494,2021-10-04 12:10:09,515741,11.93572223186493
1495,2021-10-04 03:10:33,515743,12.187247276306152
1496,2021-10-04 05:10:38,515743,11.99702501296997
1497,2021-10-04 05:10:42,515745,12.062489986419678
1498,2021-10-04 06:10:37,515745,11.781787872314453
1499,2021-10-04 06:10:25,515747,12.206079959869385
1500,2021-10-04 06:10:27,515747,12.148857116699219
1501,2021-10-04 06:10:33,515747,11.928762197494507
1502,2021-10-04 06:10:39,515747,12.044902443885803
1503,2021-10-04 07:10:06,515747,11.880167126655579
1504,2021-10-04 07:10:32,515747,11.932782530784607
1505,2021-10-04 07:10:40,515747,11.934307217597961
1506,2021-10-04 07:10:43,515747,11.93785011768341
1507,2021-10-04 08:10:24,515747,11.909867525100708
1508,2021-10-04 08:10:27,515747,12.046977877616882
1509,2021-10-04 08:10:31,515747,12.105334997177124
1510,2021-10-04 08:10:37,515747,12.035809755325317
1511,2021-10-04 08:10:56,515747,12.135819792747498
1512,2021-10-04 08:10:57,515747,11.870530247688293
1513,2021-10-04 08:10:41,515748,11.963899731636047
1514,2021-10-04 08:10:42,515748,11.970192193984985
1515,2021-10-04 09:10:42,515748,12.005762457847595
1516,2021-10-04 09:10:51,515748,12.051807641983032
1517,2021-10-04 09:10:53,515748,11.982284784317017
1518,2021-10-04 10:10:03,515748,11.993820071220398
1519,2021-10-04 10:10:03,515748,11.780210137367249
1520,2021-10-04 10:10:06,515748,11.966677904129028
1521,2021-10-04 10:10:31,515748,11.97108507156372
1522,2021-10-04 10:10:32,515748,12.195014953613281
1523,2021-10-04 10:10:46,515748,11.901395320892334
1524,2021-10-04 10:10:47,515748,11.920920014381409
1525,2021-10-04 10:10:53,515748,12.023042440414429
1526,2021-10-04 11:10:10,515748,11.90155029296875
1527,2021-10-04 11:10:20,515748,11.966127753257751
1528,2021-10-04 11:10:27,515748,12.016324996948242
1529,2021-10-04 11:10:39,515748,12.082819938659668
1530,2021-10-04 11:10:52,515748,12.043567299842834
1531,2021-10-04 11:10:58,515748,11.982142329216003
1532,2021-10-05 01:10:37,515748,12.007759809494019
1533,2021-10-05 12:10:29,515748,12.084834575653076
1534,2021-10-05 12:10:30,515748,11.968899965286255
1535,2021-10-05 01:10:01,515749,11.936072707176208
1536,2021-10-05 01:10:47,515749,11.82613730430603
1537,2021-10-05 12:10:36,515749,11.918472647666931
1538,2021-10-05 12:10:45,515749,12.049090266227722
1539,2021-10-05 01:10:47,515750,11.986784934997559
1540,2021-10-05 02:10:53,515750,12.002102732658386
1541,2021-10-05 03:10:08,515750,11.948192715644836
1542,2021-10-05 03:10:46,515750,11.865179538726807
1543,2021-10-05 03:10:48,515750,12.028577327728271
1544,2021-10-05 04:10:31,515750,11.929649710655212
1545,2021-10-05 06:10:58,515753,12.165127396583557
1546,2021-10-05 07:10:37,515753,11.926335096359253
1547,2021-10-05 08:10:02,515753,12.093905210494995
1548,2021-10-05 08:10:03,515753,11.94729208946228
1549,2021-10-05 08:10:18,515753,12.467147707939148
1550,2021-10-05 09:10:57,515753,12.034645080566406
1551,2021-10-05 07:10:32,515754,11.92916989326477
1552,2021-10-05 07:10:39,515754,12.03306794166565
1553,2021-10-05 07:10:41,515754,11.990792155265808
1554,2021-10-05 08:10:19,515754,11.767884492874146
1555,2021-10-05 08:10:21,515754,11.898487210273743
1556,2021-10-05 08:10:25,515754,12.14217722415924
1557,2021-10-05 08:10:32,515754,11.866287589073181
1558,2021-10-05 08:10:34,515754,12.048337459564209
1559,2021-10-05 09:10:15,515754,12.083262205123901
1560,2021-10-05 09:10:32,515754,12.021867632865906
1561,2021-10-05 09:10:32,515754,11.874770522117615
1562,2021-10-05 09:10:57,515754,11.883917450904846
1563,2021-10-05 01:10:29,515757,11.856072545051575
1564,2021-10-05 01:10:33,515757,12.025437355041504
1565,2021-10-05 01:10:42,515757,11.941332817077637
1566,2021-10-05 01:10:46,515757,12.174937725067139
1567,2021-10-05 01:10:47,515757,11.953175067901611
1568,2021-10-05 01:10:53,515757,12.180495262145996
1569,2021-10-05 02:10:01,515757,12.115867733955383
1570,2021-10-05 02:10:16,515757,12.020402550697327
1571,2021-10-05 02:10:16,515757,11.952487826347351
1572,2021-10-05 02:10:19,515757,12.203360199928284
1573,2021-10-05 02:10:25,515757,11.768847703933716
1574,2021-10-05 02:10:31,515757,12.101464867591858
1575,2021-10-05 02:10:33,515757,11.825594902038574
1576,2021-10-05 02:10:55,515757,12.16112732887268
1577,2021-10-05 03:10:17,515757,11.922657489776611
1578,2021-10-05 03:10:36,515757,11.873539686203003
1579,2021-10-05 04:10:18,515757,11.939782500267029
1580,2021-10-05 04:10:38,515757,12.032362222671509
1581,2021-10-05 09:10:28,515757,12.160975337028503
1582,2021-10-05 09:10:47,515757,12.088502645492554
1583,2021-10-05 10:10:02,515757,12.010555267333984
1584,2021-10-05 10:10:30,515757,12.008832097053528
1585,2021-10-05 10:10:42,515757,11.930570006370544
1586,2021-10-05 11:10:26,515757,12.05648958683014
1587,2021-10-05 11:10:45,515757,11.862420439720154
1588,2021-10-05 11:10:50,515757,12.103482484817505
1589,2021-10-05 12:10:01,515757,12.105324864387512
1590,2021-10-05 12:10:02,515757,11.887909770011902
1591,2021-10-05 12:10:31,515757,12.105242609977722
1592,2021-10-05 03:10:33,515758,12.149247527122498
1593,2021-10-05 03:10:40,515758,12.075287103652954
1594,2021-10-05 03:10:56,515758,12.009897828102112
1595,2021-10-05 04:10:01,515758,11.998117566108704
1596,2021-10-05 04:10:18,515758,11.953927278518677
1597,2021-10-05 04:10:31,515758,12.09750235080719
1598,2021-10-05 04:10:57,515759,11.937400102615356
1599,2021-10-05 06:10:49,515759,12.034732103347778
1600,2021-10-05 05:10:18,515760,12.103297114372253
1601,2021-10-05 06:10:35,515760,11.734842658042908
1602,2021-10-05 07:10:31,515761,12.043129801750183
1603,2021-10-05 08:10:51,515761,12.073615193367004
1604,2021-10-05 09:10:10,515761,11.966260075569153
1605,2021-10-05 09:10:10,515761,11.944547295570374
1606,2021-10-05 08:10:09,515764,12.05015242099762
1607,2021-10-05 09:10:32,515764,12.092704772949219
1608,2021-10-05 10:10:12,515764,11.937400102615356
1609,2021-10-05 10:10:47,515764,11.872420310974121
1610,2021-10-05 10:10:17,515768,11.792042851448059
1611,2021-10-05 11:10:31,515768,12.020429968833923
1612,2021-10-05 11:10:34,515768,12.146037817001343
1613,2021-10-05 11:10:41,515768,12.040295004844666
1614,2021-10-05 11:10:22,515769,11.9596928358078
1615,2021-10-06 01:10:21,515769,12.01912522315979
1616,2021-10-06 01:10:55,515769,11.813695430755615
1617,2021-10-06 12:10:58,515769,11.911371946334839
1618,2021-10-06 01:10:14,515770,11.853002309799194
1619,2021-10-06 01:10:25,515770,11.860422492027283
1620,2021-10-06 02:10:07,515770,11.826444864273071
1621,2021-10-06 02:10:39,515770,11.823115348815918
1622,2021-10-06 01:10:07,515772,12.156070470809937
1623,2021-10-06 02:10:03,515772,12.161442637443542
1624,2021-10-06 01:10:10,515779,12.091822624206543
1625,2021-10-06 01:10:48,515779,12.01739251613617
1626,2021-10-06 01:10:57,515779,12.04782485961914
1627,2021-10-06 01:10:58,515779,12.204982042312622
1628,2021-10-06 02:10:00,515779,11.99015200138092
1629,2021-10-06 02:10:14,515779,12.109962105751038
1630,2021-10-06 02:10:31,515779,11.91967248916626
1631,2021-10-06 02:10:43,515779,11.75271987915039
1632,2021-10-06 02:10:46,515779,11.880632042884827
1633,2021-10-06 02:10:54,515779,11.955472826957703
1634,2021-10-06 03:10:03,515779,11.949072480201721
1635,2021-10-06 03:10:39,515779,11.96310043334961
1636,2021-10-06 03:10:58,515779,11.799899935722351
1637,2021-10-06 06:10:01,515779,11.962159872055054
1638,2021-10-06 07:10:05,515779,12.01420783996582
1639,2021-10-06 07:10:08,515779,11.959147453308105
1640,2021-10-06 07:10:44,515779,12.037090063095093
1641,2021-10-06 07:10:56,515779,12.221405506134033
1642,2021-10-06 08:10:09,515779,11.953499913215637
1643,2021-10-06 08:10:17,515779,11.901002526283264
1644,2021-10-06 08:10:35,515779,11.98282778263092
1645,2021-10-06 08:10:35,515779,12.009197473526001
1646,2021-10-06 08:10:37,515779,11.867782473564148
1647,2021-10-06 08:10:40,515779,11.895264983177185
1648,2021-10-06 08:10:47,515779,11.97228193283081
1649,2021-10-06 09:10:04,515779,11.897372603416443
1650,2021-10-06 09:10:49,515779,11.968252658843994
1651,2021-10-06 10:10:18,515779,12.144137620925903
1652,2021-10-06 11:10:03,515779,11.873447299003601
1653,2021-10-06 11:10:32,515779,12.029297947883606
1654,2021-10-06 11:10:37,515779,11.855794787406921
1655,2021-10-06 11:10:52,515779,11.71421229839325
1656,2021-10-06 11:10:53,515779,12.096932530403137
1657,2021-10-06 11:10:59,515779,12.018937468528748
1658,2021-10-06 12:10:00,515779,11.862542629241943
1659,2021-10-06 12:10:03,515779,11.984710097312927
1660,2021-10-06 12:10:18,515779,11.895172595977783
1661,2021-10-06 12:10:37,515779,12.030982375144958
1662,2021-10-06 12:10:48,515779,11.978455185890198
1663,2021-10-06 12:10:51,515779,11.983120441436768
1664,2021-10-06 12:10:56,515779,11.801627278327942
1665,2021-10-06 03:10:09,515780,12.056662440299988
1666,2021-10-06 03:10:15,515780,11.895302534103394
1667,2021-10-06 03:10:19,515780,12.110797762870789
1668,2021-10-06 03:10:30,515780,11.907180547714233
1669,2021-10-06 03:10:35,515780,11.99076533317566
1670,2021-10-06 04:10:09,515780,12.191484570503235
1671,2021-10-06 04:10:29,515780,11.73450231552124
1672,2021-10-06 04:10:41,515780,11.923062801361084
1673,2021-10-06 05:10:11,515780,11.984679698944092
1674,2021-10-06 05:10:11,515780,11.952415108680725
1675,2021-10-06 05:10:30,515780,11.998042464256287
1676,2021-10-06 05:10:06,515781,12.062110304832458
1677,2021-10-06 06:10:18,515781,11.929922699928284
1678,2021-10-06 06:10:37,515781,11.954527497291565
1679,2021-10-06 07:10:08,515781,11.93080484867096
1680,2021-10-06 07:10:39,515781,11.902475357055664
1681,2021-10-06 08:10:56,515781,12.166677117347717
1682,2021-10-06 09:10:11,515781,12.068575024604797
1683,2021-10-06 09:10:33,515781,11.87676727771759
1684,2021-10-06 06:10:17,515783,11.75171971321106
1685,2021-10-06 08:10:29,515783,12.020055055618286
1686,2021-10-06 09:10:40,515783,12.065972089767456
1687,2021-10-06 09:10:53,515783,11.854014992713928
1688,2021-10-06 10:10:50,515784,11.945269703865051
1689,2021-10-06 11:10:29,515784,11.903510093688965
1690,2021-10-07 04:10:24,515785,11.985657215118408
1691,2021-10-07 06:10:13,515785,11.919527649879456
1692,2021-10-07 06:10:56,515785,11.87824010848999
1693,2021-10-07 07:10:18,515785,11.98929488658905
1694,2021-10-07 07:10:14,515787,12.121915221214294
1695,2021-10-07 08:10:33,515787,11.99595034122467
1696,2021-10-07 01:10:49,515791,12.044967412948608
1697,2021-10-07 03:10:49,515791,12.00859010219574
1698,2021-10-07 04:10:39,515791,12.035930156707764
1699,2021-10-07 04:10:58,515791,12.120270133018494
1700,2021-10-07 12:10:49,515791,11.956095099449158
1701,2021-10-07 05:10:17,515797,11.948246955871582
1702,2021-10-07 05:10:40,515797,11.985227465629578
1703,2021-10-07 06:10:02,515797,11.91864550113678
1704,2021-10-07 06:10:19,515797,11.854432225227356
1705,2021-10-07 06:10:28,515797,12.199065089225769
1706,2021-10-07 07:10:26,515797,11.937499642372131
1707,2021-10-07 07:10:42,515797,11.970827579498291
1708,2021-10-07 07:10:59,515797,11.931647062301636
1709,2021-10-07 08:10:05,515797,11.994799971580505
1710,2021-10-07 08:10:17,515797,11.986719965934753
1711,2021-10-07 08:10:44,515797,12.081152200698853
1712,2021-10-07 08:10:46,515797,12.015684843063354
1713,2021-10-07 08:10:57,515797,12.204357385635376
1714,2021-10-07 10:10:22,515797,11.810405254364014
1715,2021-10-07 10:10:33,515797,11.88886046409607
1716,2021-10-07 09:10:08,515798,11.95554792881012
1717,2021-10-07 11:10:49,515798,11.964985132217407
1718,2021-10-07 11:10:54,515798,12.090499997138977
1719,2021-10-07 11:10:57,515799,11.953357458114624
1720,2021-10-08 01:10:02,515799,11.999544501304626
1721,2021-10-08 01:10:44,515799,12.008072137832642
1722,2021-10-08 01:10:48,515799,11.873637437820435
1723,2021-10-08 01:10:58,515799,11.958839893341064
1724,2021-10-08 12:10:09,515799,11.880972385406494
1725,2021-10-08 12:10:11,515799,12.014732360839844
1726,2021-10-08 12:10:48,515799,11.93715751171112
1727,2021-10-08 01:10:00,515800,11.871169805526733
1728,2021-10-08 01:10:36,515800,11.918742656707764
1729,2021-10-08 02:10:18,515800,12.042710185050964
1730,2021-10-08 02:10:21,515800,11.967010498046875
1731,2021-10-08 03:10:29,515800,11.967737674713135
1732,2021-10-08 12:10:41,515800,12.103174924850464
1733,2021-10-08 04:10:34,515801,11.979492902755737
1734,2021-10-08 04:10:47,515801,12.099944949150085
1735,2021-10-08 04:10:50,515801,11.805705428123474
1736,2021-10-08 05:10:12,515801,12.025285363197327
1737,2021-10-08 05:10:21,515801,11.992865204811096
1738,2021-10-08 05:10:32,515801,11.943907737731934
1739,2021-10-08 05:10:42,515801,12.065232396125793
1740,2021-10-08 05:10:51,515801,12.05719530582428
1741,2021-10-08 06:10:05,515801,12.041335105895996
1742,2021-10-08 06:10:13,515801,12.083064913749695
1743,2021-10-08 07:10:40,515802,12.007522583007812
1744,2021-10-08 08:10:12,515802,12.104692459106445
1745,2021-10-08 09:10:10,515802,11.9631826877594
1746,2021-10-08 09:10:15,515802,11.965359449386597
1747,2021-10-08 09:10:38,515802,11.895604729652405
1748,2021-10-08 09:10:39,515802,11.925384998321533
1749,2021-10-08 09:10:54,515802,12.004969716072083
1750,2021-10-08 09:10:59,515802,11.967109441757202
1751,2021-10-08 10:10:04,515802,11.998722553253174
1752,2021-10-08 10:10:12,515802,11.9309800863266
1753,2021-10-08 10:10:46,515802,11.921177506446838
1754,2021-10-08 10:10:49,515802,11.82911992073059
1755,2021-10-08 11:10:13,515802,12.168794870376587
1756,2021-10-08 11:10:23,515802,12.02489972114563
1757,2021-10-08 11:10:24,515802,12.176632285118103
1758,2021-10-08 11:10:26,515802,11.846162676811218
1759,2021-10-08 11:10:38,515802,11.847977638244629
1760,2021-10-08 01:10:17,515803,12.036755084991455
1761,2021-10-08 01:10:17,515803,12.169777154922485
1762,2021-10-08 01:10:27,515803,11.93421483039856
1763,2021-10-08 01:10:34,515803,11.88134253025055
1764,2021-10-08 01:10:53,515803,11.894992589950562
1765,2021-10-08 02:10:04,515803,12.051677703857422
1766,2021-10-08 02:10:13,515803,11.991557478904724
1767,2021-10-08 02:10:20,515803,12.206462621688843
1768,2021-10-08 02:10:20,515803,11.95347249507904
1769,2021-10-08 02:10:48,515803,11.948162317276001
1770,2021-10-08 02:10:51,515803,11.93006455898285
1771,2021-10-08 02:10:57,515803,12.025922536849976
1772,2021-10-08 03:10:01,515803,12.074392437934875
1773,2021-10-08 03:10:43,515803,12.082867622375488
1774,2021-10-08 03:10:56,515803,11.96508526802063
1775,2021-10-08 04:10:13,515803,11.998569965362549
1776,2021-10-08 04:10:24,515803,11.933822631835938
1777,2021-10-08 04:10:26,515803,12.13777780532837
1778,2021-10-08 04:10:47,515803,12.2248774766922
1779,2021-10-08 06:10:39,515803,11.987020373344421
1780,2021-10-08 07:10:27,515803,12.026209831237793
1781,2021-10-08 08:10:28,515803,12.025129795074463
1782,2021-10-08 09:10:24,515803,12.036935091018677
1783,2021-10-08 10:10:20,515803,11.964815258979797
1784,2021-10-08 11:10:58,515803,11.985737681388855
1785,2021-10-08 12:10:03,515803,12.181152701377869
1786,2021-10-08 12:10:23,515803,12.029152512550354
1787,2021-10-08 12:10:32,515803,11.9753497838974
1788,2021-10-08 12:10:49,515803,12.084609866142273
1789,2021-10-08 12:10:56,515803,11.952375173568726
1790,2021-10-08 03:10:19,515804,11.861248016357422
1791,2021-10-08 03:10:19,515804,12.067152857780457
1792,2021-10-08 06:10:24,515804,11.766737699508667
1793,2021-10-08 06:10:40,515804,11.997535228729248
1794,2021-10-08 01:10:32,515805,11.992472410202026
1795,2021-10-08 02:10:18,515805,12.07118272781372
1796,2021-10-08 04:10:18,515806,12.001695036888123
1797,2021-10-08 07:10:59,515806,12.146920561790466
1798,2021-10-09 03:10:04,515806,12.290692925453186
1799,2021-10-09 03:10:48,515806,11.921079754829407
1800,2021-10-08 07:10:44,515808,12.012724876403809
1801,2021-10-08 07:10:52,515808,12.086315155029297
1802,2021-10-08 07:10:59,515808,11.980555057525635
1803,2021-10-08 09:10:07,515808,11.824617385864258
1804,2021-10-09 03:10:10,515808,11.981605291366577
1805,2021-10-09 05:10:09,515808,12.174187898635864
1806,2021-10-09 05:10:16,515808,12.127072811126709
1807,2021-10-09 05:10:53,515808,11.999147534370422
1808,2021-10-09 06:10:19,515808,12.059632539749146
1809,2021-10-09 06:10:48,515808,12.171194553375244
1810,2021-10-08 08:10:29,515809,12.05498218536377
1811,2021-10-09 02:10:25,515809,12.047322392463684
1812,2021-10-09 01:10:25,515811,11.829352378845215
1813,2021-10-09 01:10:29,515811,12.004424929618835
1814,2021-10-09 01:10:44,515811,12.077713012695312
1815,2021-10-09 04:10:43,515811,12.006362676620483
1816,2021-10-09 06:10:46,515811,12.100947499275208
1817,2021-10-09 07:10:36,515811,11.95766270160675
1818,2021-10-09 09:10:54,515811,12.090330123901367
1819,2021-10-09 10:10:17,515811,12.039372324943542
1820,2021-10-09 11:10:12,515811,11.933689713478088
1821,2021-10-09 11:10:36,515811,12.160807251930237
1822,2021-10-09 11:10:57,515811,11.921272277832031
1823,2021-10-09 12:10:14,515811,12.089980244636536
1824,2021-10-09 12:10:23,515811,12.058504819869995
1825,2021-10-09 01:10:06,515813,12.064692378044128
1826,2021-10-09 01:10:41,515813,12.088797092437744
1827,2021-10-09 01:10:49,515813,11.925029754638672
1828,2021-10-09 01:10:55,515813,11.879492402076721
1829,2021-10-09 02:10:31,515813,11.971092224121094
1830,2021-10-09 02:10:32,515813,11.901440024375916
1831,2021-10-09 11:10:33,515813,11.977189779281616
1832,2021-10-09 12:10:04,515813,12.116777300834656
1833,2021-10-09 03:10:25,515814,11.906312108039856
1834,2021-10-09 03:10:09,515816,11.813430190086365
1835,2021-10-09 05:10:05,515816,12.024009823799133
1836,2021-10-09 05:10:20,515816,12.044374942779541
1837,2021-10-09 05:10:58,515816,12.0366370677948
1838,2021-10-09 08:10:02,515818,12.110229730606079
1839,2021-10-09 09:10:46,515818,12.053545117378235
1840,2021-10-10 05:10:44,515818,12.122222781181335
1841,2021-10-10 06:10:12,515818,11.993207931518555
1842,2021-10-10 07:10:12,515818,12.018479704856873
1843,2021-10-10 07:10:15,515818,12.104290127754211
1844,2021-10-10 07:10:29,515818,11.99198305606842
1845,2021-10-10 08:10:35,515818,11.778172254562378
1846,2021-10-10 08:10:59,515818,11.939665079116821
1847,2021-10-09 09:10:16,515819,11.948155164718628
1848,2021-10-09 10:10:38,515819,12.00043261051178
1849,2021-10-10 08:10:00,515819,11.923667192459106
1850,2021-10-10 08:10:25,515819,12.013747692108154
1851,2021-10-10 09:10:30,515819,11.840569972991943
1852,2021-10-10 09:10:32,515819,12.15270459651947
1853,2021-10-10 09:10:46,515819,11.89429759979248
1854,2021-10-10 10:10:18,515819,11.971602439880371
1855,2021-10-10 12:10:07,515819,11.96343719959259
1856,2021-10-10 12:10:47,515819,12.030332684516907
1857,2021-10-09 10:10:23,515820,11.962124705314636
1858,2021-10-09 10:10:24,515820,12.251842617988586
1859,2021-10-10 09:10:11,515820,11.912312507629395
1860,2021-10-10 11:10:20,515820,12.045645117759705
1861,2021-10-09 10:10:55,515822,12.014614939689636
1862,2021-10-10 01:10:39,515822,11.991677284240723
1863,2021-10-10 10:10:55,515822,11.954012513160706
1864,2021-10-10 11:10:05,515822,11.823572516441345
1865,2021-10-09 11:10:16,515825,12.038262486457825
1866,2021-10-10 04:10:26,515825,12.006080150604248
1867,2021-10-10 04:10:43,515827,12.182374596595764
1868,2021-10-10 04:10:46,515827,11.845572590827942
1869,2021-10-10 05:10:36,515827,11.92921757698059
1870,2021-10-10 05:10:49,515827,12.079492211341858
1871,2021-10-10 05:10:51,515827,12.139540314674377
1872,2021-10-10 11:10:41,515827,12.114154696464539
1873,2021-10-10 11:10:48,515827,12.02434778213501
1874,2021-10-10 12:10:13,515827,12.12711215019226
1875,2021-10-10 02:10:04,515829,12.1510648727417
1876,2021-10-10 04:10:41,515829,11.898775100708008
1877,2021-10-10 06:10:12,515829,12.05381989479065
1878,2021-10-10 10:10:16,515829,11.94570243358612
1879,2021-10-10 12:10:22,515829,12.180177569389343
1880,2021-10-10 06:10:16,515830,12.01156735420227
1881,2021-10-10 07:10:47,515830,12.118769884109497
1882,2021-10-10 09:10:31,515830,12.059302926063538
1883,2021-10-10 09:10:57,515830,12.110992074012756
1884,2021-10-10 10:10:29,515830,12.012655138969421
1885,2021-10-10 11:10:49,515830,12.109552025794983
1886,2021-10-10 10:10:48,515832,11.99758231639862
1887,2021-10-10 10:10:49,515832,11.903564929962158
1888,2021-10-11 01:10:08,515832,11.967560052871704
1889,2021-10-11 01:10:50,515832,11.834567785263062
1890,2021-10-11 03:10:38,515835,11.945629715919495
1891,2021-10-11 04:10:33,515835,12.051982283592224
1892,2021-10-11 05:10:50,515836,11.979429721832275
1893,2021-10-11 06:10:25,515836,11.904652714729309
1894,2021-10-11 01:10:33,515837,11.845369935035706
1895,2021-10-11 06:10:13,515837,11.957602500915527
1896,2021-10-11 06:10:48,515837,12.082489728927612
1897,2021-10-11 09:10:23,515837,11.793054938316345
1898,2021-10-11 10:10:00,515837,12.017359733581543
1899,2021-10-11 10:10:21,515837,11.968114972114563
1900,2021-10-11 10:10:59,515837,12.03008770942688
1901,2021-10-11 11:10:12,515837,11.994640231132507
1902,2021-10-11 11:10:45,515837,12.05991506576538
1903,2021-10-11 12:10:49,515837,11.874997615814209
1904,2021-10-11 02:10:08,515838,11.995155215263367
1905,2021-10-11 02:10:08,515838,11.838105320930481
1906,2021-10-11 02:10:57,515838,11.929500102996826
1907,2021-10-11 05:10:29,515838,11.888055205345154
1908,2021-10-11 11:10:49,515838,11.984760165214539
1909,2021-10-12 01:10:57,515838,11.826652884483337
1910,2021-10-13 06:10:25,515838,11.76839530467987
1911,2021-10-13 12:10:13,515838,11.801307797431946
1912,2021-10-13 12:10:21,515838,11.786067485809326
1913,2021-10-12 12:10:40,515839,11.858159899711609
1914,2021-10-13 01:10:25,515839,11.831690073013306
1915,2021-10-12 05:10:36,515840,12.002782225608826
1916,2021-10-14 10:10:05,515840,11.922590136528015
1917,2021-10-12 08:10:15,515841,11.859349608421326
1918,2021-10-13 01:10:17,515841,11.891864538192749
1919,2021-10-12 04:10:14,515843,12.186009883880615
1920,2021-10-12 06:10:18,515843,12.014275193214417
1921,2021-10-12 11:10:39,515843,11.927595138549805
1922,2021-10-12 11:10:55,515843,12.131550312042236
1923,2021-10-12 12:10:02,515843,12.03608751296997
1924,2021-10-12 12:10:48,515843,11.971200108528137
1925,2021-10-13 02:10:12,515843,11.970362663269043
1926,2021-10-14 10:10:34,515843,12.04039752483368
1927,2021-10-12 05:10:52,515846,11.827715039253235
1928,2021-10-13 02:10:30,515846,11.99011504650116
1929,2021-10-13 03:10:33,515846,12.082439661026001
1930,2021-10-13 07:10:29,515846,11.953940391540527
1931,2021-10-14 06:10:02,515846,12.068922519683838
1932,2021-10-14 06:10:26,515846,12.153435349464417
1933,2021-10-14 06:10:30,515846,12.074617743492126
1934,2021-10-14 06:10:33,515846,12.150613069534302
1935,2021-10-14 08:10:02,515846,12.027062177658081
1936,2021-10-14 08:10:21,515846,11.863597631454468
1937,2021-10-14 08:10:31,515846,12.045142650604248
1938,2021-10-14 08:10:38,515846,11.995957493782043
1939,2021-10-14 08:10:59,515846,12.152417302131653
1940,2021-10-14 09:10:21,515846,11.970409750938416
1941,2021-10-15 02:10:09,515846,12.057424783706665
1942,2021-10-15 02:10:16,515846,11.940894722938538
1943,2021-10-15 02:10:58,515846,12.030670046806335
1944,2021-10-15 03:10:15,515846,11.988280415534973
1945,2021-10-15 03:10:59,515846,11.933427453041077
1946,2021-10-13 05:10:01,515852,11.956397891044617
1947,2021-10-13 05:10:06,515852,12.167197465896606
1948,2021-10-13 05:10:36,515852,11.976114511489868
1949,2021-10-13 06:10:33,515852,11.947532296180725
1950,2021-10-13 06:10:40,515852,11.970793008804321
1951,2021-10-13 11:10:10,515852,11.895872950553894
1952,2021-10-14 06:10:14,515852,12.050467729568481
1953,2021-10-14 07:10:03,515852,11.981269717216492
1954,2021-10-14 07:10:43,515852,12.101292610168457
1955,2021-10-14 07:10:53,515852,11.990297436714172
1956,2021-10-14 08:10:01,515852,12.105567455291748
1957,2021-10-14 08:10:40,515852,12.009517550468445
1958,2021-10-14 08:10:41,515852,11.85627281665802
1959,2021-10-14 08:10:59,515852,11.778157949447632
1960,2021-10-14 09:10:17,515852,12.003060579299927
1961,2021-10-14 09:10:19,515852,11.969332098960876
1962,2021-10-14 09:10:29,515852,12.094247341156006
1963,2021-10-14 09:10:38,515852,11.984115242958069
1964,2021-10-14 09:10:52,515852,11.945810317993164
1965,2021-10-14 09:10:54,515852,12.24965751171112
1966,2021-10-14 10:10:20,515852,11.98807954788208
1967,2021-10-14 10:10:35,515852,11.85193955898285
1968,2021-10-14 10:10:36,515852,11.95152223110199
1969,2021-10-14 10:10:41,515852,12.057777643203735
1970,2021-10-14 10:10:42,515852,11.889184713363647
1971,2021-10-14 10:10:49,515852,12.018712162971497
1972,2021-10-14 11:10:09,515852,12.033487558364868
1973,2021-10-14 11:10:29,515852,11.928614974021912
1974,2021-10-14 11:10:31,515852,12.005072236061096
1975,2021-10-14 11:10:42,515852,11.974070072174072
1976,2021-10-14 11:10:43,515852,12.061177492141724
1977,2021-10-14 11:10:49,515852,12.133949995040894
1978,2021-10-15 01:10:59,515852,12.07338273525238
1979,2021-10-15 02:10:00,515852,11.825897097587585
1980,2021-10-15 02:10:40,515852,11.986804604530334
1981,2021-10-15 12:10:05,515852,12.108924984931946
1982,2021-10-15 12:10:25,515852,12.023160457611084
1983,2021-10-15 12:10:55,515852,12.071927189826965
1984,2021-10-14 11:10:06,515853,11.93568229675293
1985,2021-10-14 11:10:34,515853,12.20368504524231
1986,2021-10-15 01:10:59,515853,12.10583746433258
1987,2021-10-15 02:10:11,515853,11.905642747879028
1988,2021-10-15 02:10:16,515853,12.014752626419067
1989,2021-10-15 02:10:16,515853,12.163615226745605
1990,2021-10-15 02:10:17,515853,11.93590223789215
1991,2021-10-15 02:10:29,515853,12.123212814331055
1992,2021-10-15 02:10:46,515853,12.013462781906128
1993,2021-10-15 03:10:04,515853,11.923507452011108
1994,2021-10-15 03:10:06,515853,12.024385333061218
1995,2021-10-15 12:10:07,515853,12.091155052185059
1996,2021-10-15 12:10:10,515853,11.977127194404602
1997,2021-10-15 12:10:55,515853,11.953669786453247
1998,2021-10-13 01:10:53,515854,11.997402310371399
1999,2021-10-13 06:10:35,515854,11.998510360717773
2000,2021-10-14 06:10:13,515854,11.831982731819153
2001,2021-10-14 08:10:47,515854,12.091225385665894
2002,2021-10-14 09:10:40,515854,11.848559975624084
2003,2021-10-14 09:10:47,515854,11.992049813270569
2004,2021-10-15 01:10:09,515854,11.879922747612
2005,2021-10-15 01:10:13,515854,12.016319632530212
2006,2021-10-15 01:10:13,515854,11.832277774810791
2007,2021-10-15 01:10:24,515854,11.879475116729736
2008,2021-10-15 01:10:35,515854,11.98449969291687
2009,2021-10-15 01:10:36,515854,11.913852095603943
2010,2021-10-15 01:10:59,515854,12.003587484359741
2011,2021-10-15 02:10:16,515854,11.881530284881592
2012,2021-10-15 03:10:13,515854,12.081812024116516
2013,2021-10-15 03:10:33,515854,11.980132460594177
2014,2021-10-15 03:10:53,515854,12.010720372200012
2015,2021-10-15 04:10:12,515854,12.045225501060486
2016,2021-10-15 04:10:15,515854,12.007862329483032
2017,2021-10-15 04:10:53,515854,12.077507376670837
2018,2021-10-15 04:10:58,515854,11.97868287563324
2019,2021-10-15 05:10:19,515854,11.93257749080658
2020,2021-10-15 05:10:23,515854,12.025502324104309
2021,2021-10-15 05:10:29,515854,11.906612515449524
2022,2021-10-15 05:10:29,515854,11.9572252035141
2023,2021-10-15 05:10:38,515854,12.023639678955078
2024,2021-10-15 05:10:39,515854,12.078534960746765
2025,2021-10-15 05:10:46,515854,11.835424900054932
2026,2021-10-15 06:10:23,515854,12.123515009880066
2027,2021-10-15 06:10:24,515854,12.012912631034851
2028,2021-10-15 06:10:40,515854,12.011985182762146
2029,2021-10-15 06:10:47,515854,11.966622471809387
2030,2021-10-15 07:10:26,515854,11.9742751121521
2031,2021-10-15 07:10:28,515854,12.049895524978638
2032,2021-10-14 04:10:59,515855,12.007915377616882
2033,2021-10-15 06:10:09,515855,11.947349905967712
2034,2021-10-15 06:10:24,515855,11.988387107849121
2035,2021-10-15 06:10:35,515855,12.0609450340271
2036,2021-10-15 06:10:43,515855,11.833990216255188
2037,2021-10-15 06:10:59,515855,11.983706951141357
2038,2021-10-15 07:10:03,515855,11.97910726070404
2039,2021-10-15 07:10:06,515855,11.974072456359863
2040,2021-10-15 07:10:14,515855,11.989709734916687
2041,2021-10-15 07:10:18,515855,12.139357924461365
2042,2021-10-15 07:10:33,515855,12.031992673873901
2043,2021-10-15 07:10:37,515855,11.98601245880127
2044,2021-10-15 07:10:52,515855,12.110462188720703
2045,2021-10-15 08:10:12,515855,12.188529968261719
2046,2021-10-15 08:10:17,515855,12.009199857711792
2047,2021-10-15 08:10:23,515855,11.786149740219116
2048,2021-10-15 08:10:27,515855,12.094435095787048
2049,2021-10-15 08:10:40,515855,12.016295194625854
2050,2021-10-15 08:10:46,515855,12.03948974609375
2051,2021-10-15 08:10:48,515855,12.120670080184937
2052,2021-10-15 08:10:58,515855,11.846912503242493
2053,2021-10-15 09:10:31,515855,11.889182329177856
2054,2021-10-15 09:10:42,515855,11.963880062103271
2055,2021-10-15 10:10:01,515855,11.924612522125244
2056,2021-10-15 10:10:05,515855,12.095600366592407
2057,2021-10-15 10:10:06,515855,12.130792737007141
2058,2021-10-15 10:10:07,515855,12.169280052185059
2059,2021-10-15 10:10:20,515855,11.761119961738586
2060,2021-10-15 10:10:23,515855,11.957885026931763
2061,2021-10-15 10:10:30,515855,12.035962343215942
2062,2021-10-15 10:10:32,515855,11.997352242469788
2063,2021-10-15 10:10:36,515855,11.928487420082092
2064,2021-10-15 10:10:37,515855,11.676715016365051
2065,2021-10-15 10:10:38,515855,12.094265222549438
2066,2021-10-15 10:10:49,515855,12.229135036468506
2067,2021-10-15 10:10:57,515855,11.765674948692322
2068,2021-10-15 11:10:28,515855,11.882102489471436
2069,2021-10-15 11:10:30,515855,12.029705047607422
2070,2021-10-15 01:10:05,515856,12.337740063667297
2071,2021-10-15 01:10:24,515856,11.994150280952454
2072,2021-10-15 01:10:26,515856,11.948960423469543
2073,2021-10-15 01:10:34,515856,11.971045136451721
2074,2021-10-15 01:10:49,515856,12.081705331802368
2075,2021-10-15 01:10:50,515856,11.853669881820679
2076,2021-10-15 02:10:06,515856,11.759227514266968
2077,2021-10-15 02:10:15,515856,11.866787672042847
2078,2021-10-15 02:10:29,515856,11.931862235069275
2079,2021-10-15 02:10:31,515856,11.873032450675964
2080,2021-10-15 11:10:06,515856,11.929565072059631
2081,2021-10-15 11:10:25,515856,11.979705095291138
2082,2021-10-15 11:10:26,515856,12.152962684631348
2083,2021-10-15 11:10:34,515856,12.017365097999573
2084,2021-10-15 11:10:37,515856,12.084369659423828
2085,2021-10-15 11:10:45,515856,11.98692500591278
2086,2021-10-15 11:10:48,515856,12.028300166130066
2087,2021-10-15 12:10:03,515856,12.01725959777832
2088,2021-10-15 12:10:08,515856,12.036047577857971
2089,2021-10-15 12:10:10,515856,12.168287634849548
2090,2021-10-15 12:10:24,515856,12.010565400123596
2091,2021-10-15 12:10:24,515856,11.791905164718628
2092,2021-10-15 12:10:30,515856,11.822279691696167
2093,2021-10-15 12:10:32,515856,11.687432527542114
2094,2021-10-15 12:10:36,515856,11.956037282943726
2095,2021-10-15 12:10:37,515856,12.0081627368927
2096,2021-10-15 12:10:40,515856,12.327912449836731
2097,2021-10-15 12:10:50,515856,12.011054754257202
2098,2021-10-15 12:10:53,515856,12.042745351791382
2099,2021-10-15 12:10:53,515856,12.061757445335388
2100,2021-10-15 01:10:11,515857,11.951005458831787
2101,2021-10-15 01:10:25,515857,12.031825184822083
2102,2021-10-15 01:10:34,515857,12.127287983894348
2103,2021-10-15 01:10:54,515857,12.058707475662231
2104,2021-10-15 02:10:16,515857,11.970095038414001
2105,2021-10-15 02:10:20,515857,12.078627347946167
2106,2021-10-15 02:10:30,515857,11.990500092506409
2107,2021-10-15 02:10:34,515857,12.03997254371643
2108,2021-10-15 01:10:15,515874,12.053622603416443
2109,2021-10-15 02:10:10,515874,11.926877498626709
2110,2021-10-15 02:10:35,515874,11.85030221939087
2111,2021-10-15 02:10:47,515874,11.98451280593872
2112,2021-10-15 03:10:03,515874,11.92114770412445
2113,2021-10-15 03:10:11,515874,11.67545735836029
2114,2021-10-15 03:10:25,515874,11.872462630271912
2115,2021-10-15 03:10:27,515874,12.200824618339539
2116,2021-10-15 03:10:41,515874,11.923884749412537
2117,2021-10-15 03:10:48,515874,11.929477453231812
2118,2021-10-15 03:10:15,515879,11.840662360191345
2119,2021-10-15 04:10:31,515879,12.08606481552124
2120,2021-10-15 03:10:49,515880,11.935587525367737
2121,2021-10-15 04:10:22,515880,11.886335015296936
2122,2021-10-15 05:10:17,515880,11.847474575042725
2123,2021-10-15 05:10:24,515880,11.989737749099731
2124,2021-10-15 04:10:52,515881,12.108084559440613
2125,2021-10-15 04:10:58,515881,12.088244557380676
2126,2021-10-15 04:10:13,515882,11.979312300682068
2127,2021-10-15 04:10:32,515882,11.89083993434906
2128,2021-10-15 04:10:47,515882,12.01062262058258
2129,2021-10-15 04:10:51,515882,12.080959677696228
2130,2021-10-15 05:10:43,515882,11.568704843521118
2131,2021-10-15 04:10:13,515884,12.09378719329834
2132,2021-10-15 04:10:55,515884,12.074432373046875
2133,2021-10-15 09:10:26,515884,12.136722207069397
2134,2021-10-15 09:10:32,515884,12.17516541481018
2135,2021-10-15 11:10:03,515884,12.035484910011292
2136,2021-10-15 11:10:53,515884,11.700647473335266
2137,2021-10-15 04:10:30,515885,12.059457302093506
2138,2021-10-15 05:10:32,515885,11.850834488868713
2139,2021-10-15 05:10:45,515885,12.106964588165283
2140,2021-10-15 05:10:47,515885,11.924607753753662
2141,2021-10-15 09:10:34,515885,12.008344531059265
2142,2021-10-15 11:10:04,515885,11.867215037345886
2143,2021-10-16 01:10:55,515885,11.762980222702026
2144,2021-10-16 12:10:22,515885,11.91285252571106
2145,2021-10-15 05:10:20,515886,12.053592205047607
2146,2021-10-15 06:10:51,515886,11.93555474281311
2147,2021-10-16 03:10:59,515886,11.988897919654846
2148,2021-10-15 06:10:21,515887,12.136442065238953
2149,2021-10-15 10:10:12,515887,12.032080292701721
2150,2021-10-16 02:10:49,515887,11.883689761161804
2151,2021-10-16 03:10:09,515887,11.93110704421997
2152,2021-10-16 03:10:41,515887,11.7393296957016
2153,2021-10-16 04:10:07,515887,11.95407748222351
2154,2021-10-16 04:10:30,515887,11.913632154464722
2155,2021-10-16 04:10:49,515887,11.734215021133423
2156,2021-10-15 06:10:49,515888,12.153912782669067
2157,2021-10-16 02:10:45,515888,11.86127483844757
2158,2021-10-16 03:10:09,515888,11.948745250701904
2159,2021-10-16 03:10:23,515888,11.877222657203674
2160,2021-10-16 03:10:46,515888,11.890770196914673
2161,2021-10-16 03:10:53,515888,11.831080317497253
2162,2021-10-15 10:10:20,515889,12.007332444190979
2163,2021-10-16 04:10:37,515889,11.875331997871399
2164,2021-10-15 10:10:07,515890,11.909044981002808
2165,2021-10-16 03:10:58,515890,12.058349847793579
2166,2021-10-16 04:10:43,515890,12.014434933662415
2167,2021-10-16 04:10:53,515890,12.044659852981567
2168,2021-10-15 10:10:14,515892,12.047727704048157
2169,2021-10-15 10:10:44,515892,12.018975019454956
2170,2021-10-16 03:10:28,515892,12.126989960670471
2171,2021-10-16 05:10:20,515892,12.026307582855225
2172,2021-10-16 05:10:44,515892,12.120590209960938
2173,2021-10-16 09:10:20,515892,12.02473759651184
2174,2021-10-15 11:10:26,515893,12.130849957466125
2175,2021-10-16 05:10:01,515893,12.115102410316467
2176,2021-10-16 05:10:04,515893,11.960729956626892
2177,2021-10-16 05:10:26,515893,11.975845098495483
2178,2021-10-16 09:10:09,515893,11.998294591903687
2179,2021-10-16 09:10:11,515893,11.899837255477905
2180,2021-10-16 09:10:20,515893,12.022446990013123
2181,2021-10-16 10:10:44,515893,12.150562405586243
2182,2021-10-16 11:10:31,515893,11.845250129699707
2183,2021-10-16 12:10:13,515893,12.041892409324646
2184,2021-10-16 12:10:47,515893,11.871820092201233
2185,2021-10-16 06:10:24,515894,11.95860207080841
2186,2021-10-16 12:10:48,515894,11.889770030975342
2187,2021-10-16 01:10:30,515895,11.992542743682861
2188,2021-10-16 02:10:29,515895,12.087882161140442
2189,2021-10-16 02:10:39,515895,12.013147473335266
2190,2021-10-16 06:10:02,515895,12.127313017845154
2191,2021-10-16 09:10:21,515895,11.914792656898499
2192,2021-10-16 12:10:13,515895,11.845945119857788
2193,2021-10-16 12:10:16,515895,11.913095116615295
2194,2021-10-16 06:10:38,515896,11.914024949073792
2195,2021-10-16 10:10:18,515896,11.538362503051758
2196,2021-10-16 01:10:03,515897,12.050657868385315
2197,2021-10-16 01:10:20,515897,11.822972893714905
2198,2021-10-16 06:10:01,515897,11.911792755126953
2199,2021-10-16 06:10:50,515897,11.889599561691284
2200,2021-10-16 10:10:13,515897,11.963195204734802
2201,2021-10-16 11:10:34,515897,11.871009469032288
2202,2021-10-16 12:10:11,515897,12.129552364349365
2203,2021-10-16 12:10:30,515897,11.986682415008545
2204,2021-10-16 01:10:46,515898,11.957724690437317
2205,2021-10-16 10:10:46,515898,11.989457607269287
2206,2021-10-16 10:10:50,515898,12.15129017829895
2207,2021-10-16 06:10:01,515899,12.071999907493591
2208,2021-10-16 06:10:35,515899,11.98179006576538
2209,2021-10-16 10:10:03,515899,11.965329647064209
2210,2021-10-16 12:10:18,515899,11.874840259552002
2211,2021-10-16 01:10:45,515905,11.603534817695618
2212,2021-10-16 11:10:33,515905,11.960592865943909
2213,2021-10-16 01:10:59,515910,12.098447680473328
2214,2021-10-16 03:10:31,515910,11.810337901115417
2215,2021-10-16 11:10:04,515910,11.846914887428284
2216,2021-10-16 11:10:28,515910,11.99977457523346
2217,2021-10-17 01:10:11,515911,11.92303478717804
2218,2021-10-17 02:10:12,515911,12.052567601203918
2219,2021-10-17 02:10:17,515912,11.863722205162048
2220,2021-10-17 02:10:29,515912,12.191134691238403
2221,2021-10-17 03:10:19,515912,11.854044795036316
2222,2021-10-17 03:10:30,515912,11.943117380142212
2223,2021-10-17 05:10:19,515918,12.042802572250366
2224,2021-10-17 06:10:53,515918,12.336902022361755
2225,2021-10-17 06:10:56,515921,12.033237218856812
2226,2021-10-17 07:10:30,515921,11.913742423057556
2227,2021-10-17 01:10:27,515925,12.260937690734863
2228,2021-10-17 02:10:13,515925,11.945082545280457
2229,2021-10-17 02:10:34,515926,11.987619996070862
2230,2021-10-17 03:10:38,515926,12.14467465877533
2231,2021-10-17 04:10:18,515930,11.970882415771484
2232,2021-10-17 05:10:24,515930,12.082737684249878
2233,2021-10-17 07:10:37,515930,12.135764956474304
2234,2021-10-17 08:10:26,515930,12.227010130882263
2235,2021-10-18 01:10:05,515936,11.848849654197693
2236,2021-10-18 12:10:48,515936,11.830827593803406
2237,2021-10-18 05:10:01,515938,11.543119549751282
2238,2021-10-18 05:10:10,515938,12.003377676010132
2239,2021-10-18 05:10:18,515938,11.999250054359436
2240,2021-10-18 06:10:16,515938,11.938999891281128
2241,2021-10-18 06:10:22,515938,12.006162405014038
2242,2021-10-18 06:10:39,515938,11.888675093650818
2243,2021-10-18 06:10:42,515938,12.36655056476593
2244,2021-10-18 07:10:04,515938,12.087587714195251
2245,2021-10-18 07:10:09,515938,11.913127303123474
2246,2021-10-18 07:10:09,515938,11.942597031593323
2247,2021-10-18 07:10:14,515938,11.987172365188599
2248,2021-10-18 07:10:18,515938,11.934932470321655
2249,2021-10-18 07:10:18,515938,11.983164548873901
2250,2021-10-18 07:10:20,515938,11.909347176551819
2251,2021-10-18 07:10:39,515938,11.934880018234253
2252,2021-10-18 07:10:46,515938,11.965602040290833
2253,2021-10-18 08:10:12,515938,12.003227472305298
2254,2021-10-18 08:10:29,515938,12.099510431289673
2255,2021-10-18 08:10:38,515938,11.918364763259888
2256,2021-10-18 08:10:53,515938,12.00284481048584
2257,2021-10-18 01:10:16,515939,12.028859853744507
2258,2021-10-18 01:10:22,515939,11.971794962882996
2259,2021-10-18 01:10:33,515939,12.138219475746155
2260,2021-10-18 02:10:57,515939,12.03508734703064
2261,2021-10-18 03:10:04,515939,11.640080213546753
2262,2021-10-18 03:10:05,515939,11.955742239952087
2263,2021-10-18 03:10:24,515939,11.980337500572205
2264,2021-10-18 03:10:51,515939,11.720914840698242
2265,2021-10-18 04:10:07,515939,11.92471981048584
2266,2021-10-18 04:10:12,515939,11.950544714927673
2267,2021-10-18 04:10:38,515939,12.298107743263245
2268,2021-10-18 05:10:49,515939,11.655062437057495
2269,2021-10-18 09:10:25,515939,12.127717137336731
2270,2021-10-18 09:10:45,515939,11.969690322875977
2271,2021-10-18 10:10:28,515939,11.925179958343506
2272,2021-10-18 10:10:33,515939,11.95313036441803
2273,2021-10-18 12:10:22,515939,11.868732571601868
2274,2021-10-18 12:10:44,515939,11.985209584236145
2275,2021-10-18 12:10:50,515939,11.792812943458557
2276,2021-10-18 03:10:11,515940,12.048140168190002
2277,2021-10-18 03:10:41,515940,12.143307328224182
2278,2021-10-18 04:10:55,515940,11.997617483139038
2279,2021-10-18 05:10:12,515940,11.916744709014893
2280,2021-10-18 05:10:13,515940,11.923832893371582
2281,2021-10-18 05:10:22,515940,11.90775990486145
2282,2021-10-18 05:10:23,515940,12.176557779312134
2283,2021-10-18 05:10:28,515940,12.102389931678772
2284,2021-10-18 05:10:42,515940,11.983802318572998
2285,2021-10-18 05:10:49,515940,11.870005130767822
2286,2021-10-18 05:10:49,515940,11.985977292060852
2287,2021-10-18 06:10:14,515940,11.928049921989441
2288,2021-10-18 06:10:20,515940,12.209579944610596
2289,2021-10-18 06:10:39,515940,11.725962162017822
2290,2021-10-18 06:10:52,515940,11.985259652137756
2291,2021-10-18 07:10:09,515940,11.991425156593323
2292,2021-10-18 07:10:15,515940,11.848967671394348
2293,2021-10-18 07:10:38,515940,12.064295411109924
2294,2021-10-18 07:10:28,515942,12.07756221294403
2295,2021-10-18 08:10:49,515942,11.959574818611145
2296,2021-10-18 08:10:15,515943,11.92886233329773
2297,2021-10-18 09:10:10,515943,12.026529908180237
2298,2021-10-18 09:10:10,515944,11.907567381858826
2299,2021-10-18 10:10:02,515944,11.597824692726135
2300,2021-10-18 09:10:20,515945,12.065472602844238
2301,2021-10-18 09:10:31,515945,11.985390186309814
2302,2021-10-18 10:10:02,515945,12.06811249256134
2303,2021-10-18 10:10:21,515945,11.941205263137817
2304,2021-10-18 10:10:17,515947,11.46555483341217
2305,2021-10-18 10:10:18,515947,12.188832759857178
2306,2021-10-18 10:10:19,515947,11.944387555122375
2307,2021-10-18 11:10:07,515947,12.09845244884491
2308,2021-10-18 11:10:22,515947,12.168697118759155
2309,2021-10-18 11:10:22,515947,12.054795026779175
2310,2021-10-18 11:10:26,515947,12.047724723815918
2311,2021-10-18 11:10:31,515947,11.868577003479004
2312,2021-10-19 12:10:42,515947,12.004749774932861
2313,2021-10-19 12:10:54,515947,12.264277338981628
2314,2021-10-19 01:10:03,515948,12.066220045089722
2315,2021-10-19 01:10:10,515948,11.94817304611206
2316,2021-10-19 01:10:57,515948,11.998767256736755
2317,2021-10-19 02:10:42,515948,11.897985339164734
2318,2021-10-19 12:10:12,515948,12.042202353477478
2319,2021-10-19 12:10:19,515948,12.007582187652588
2320,2021-10-19 01:10:42,515949,11.752750277519226
2321,2021-10-19 01:10:56,515949,12.154960036277771
2322,2021-10-19 02:10:56,515949,11.892467737197876
2323,2021-10-19 03:10:08,515949,11.893697381019592
2324,2021-10-19 02:10:09,515950,11.939945220947266
2325,2021-10-19 03:10:54,515950,12.099115252494812
2326,2021-10-19 05:10:01,515953,12.018294930458069
2327,2021-10-19 05:10:29,515953,11.932219862937927
2328,2021-10-19 05:10:37,515953,11.945542693138123
2329,2021-10-19 05:10:42,515953,11.98472261428833
2330,2021-10-19 05:10:58,515953,11.73160970211029
2331,2021-10-19 06:10:09,515953,11.979824900627136
2332,2021-10-19 06:10:52,515953,12.032415270805359
2333,2021-10-19 06:10:54,515953,11.918585300445557
2334,2021-10-19 05:10:10,515954,11.875020265579224
2335,2021-10-19 05:10:19,515954,12.029209733009338
2336,2021-10-19 05:10:21,515954,11.648344993591309
2337,2021-10-19 06:10:20,515954,12.100237607955933
2338,2021-10-19 06:10:42,515954,11.91643476486206
2339,2021-10-19 06:10:47,515954,12.015439867973328
2340,2021-10-19 07:10:21,515954,12.089765071868896
2341,2021-10-19 07:10:46,515954,12.155444622039795
2342,2021-10-19 08:10:38,515956,11.972362399101257
2343,2021-10-19 09:10:43,515956,11.945914626121521
2344,2021-10-19 09:10:04,515958,11.766907572746277
2345,2021-10-19 10:10:10,515958,11.816502213478088
2346,2021-10-19 01:10:12,515959,11.875912547111511
2347,2021-10-19 01:10:35,515959,12.02667236328125
2348,2021-10-19 01:10:38,515959,11.877432465553284
2349,2021-10-19 10:10:17,515959,11.95851743221283
2350,2021-10-19 10:10:21,515959,11.996859908103943
2351,2021-10-19 10:10:52,515959,12.065424919128418
2352,2021-10-19 11:10:08,515959,11.953162550926208
2353,2021-10-19 11:10:23,515959,11.42982006072998
2354,2021-10-19 11:10:44,515959,12.020517587661743
2355,2021-10-19 11:10:48,515959,11.621001958847046
2356,2021-10-19 12:10:01,515959,11.977267265319824
2357,2021-10-19 12:10:02,515959,11.913340091705322
2358,2021-10-19 01:10:07,515961,12.09827721118927
2359,2021-10-19 01:10:19,515961,11.910512447357178
2360,2021-10-19 01:10:22,515961,11.966494917869568
2361,2021-10-19 02:10:34,515961,12.090370059013367
2362,2021-10-19 01:10:34,515962,11.980707049369812
2363,2021-10-19 01:10:44,515962,12.05434262752533
2364,2021-10-19 02:10:01,515962,11.893869638442993
2365,2021-10-19 02:10:29,515962,11.676852703094482
2366,2021-10-19 02:10:29,515962,11.999942660331726
2367,2021-10-19 02:10:33,515962,11.853777766227722
2368,2021-10-19 02:10:55,515962,11.924182176589966
2369,2021-10-19 02:10:59,515962,11.877432465553284
2370,2021-10-19 03:10:17,515962,11.900632381439209
2371,2021-10-19 03:10:46,515962,11.91332459449768
2372,2021-10-19 04:10:06,515963,12.005177736282349
2373,2021-10-19 05:10:02,515963,12.010380029678345
2374,2021-10-19 05:10:42,515963,11.950252652168274
2375,2021-10-19 06:10:12,515963,11.98329508304596
2376,2021-10-19 06:10:12,515963,11.943702697753906
2377,2021-10-19 06:10:36,515963,12.067029476165771
2378,2021-10-19 03:10:15,515964,11.871644854545593
2379,2021-10-19 04:10:01,515964,11.984699964523315
2380,2021-10-19 04:10:42,515965,11.867082715034485
2381,2021-10-19 04:10:52,515965,12.033900022506714
2382,2021-10-19 05:10:01,515965,11.947484612464905
2383,2021-10-19 05:10:15,515965,11.933549642562866
2384,2021-10-19 05:10:23,515965,11.862327456474304
2385,2021-10-19 05:10:42,515965,11.933759450912476
2386,2021-10-19 06:10:34,515967,12.00470507144928
2387,2021-10-19 07:10:07,515967,12.032755017280579
2388,2021-10-19 07:10:21,515968,12.170167565345764
2389,2021-10-19 08:10:19,515969,12.197955250740051
2390,2021-10-19 10:10:49,515969,11.809459924697876
2391,2021-10-19 08:10:12,515970,12.042985558509827
2392,2021-10-19 08:10:46,515970,12.034622430801392
2393,2021-10-19 08:10:58,515970,12.01596736907959
2394,2021-10-19 10:10:51,515970,12.002254724502563
2395,2021-10-19 11:10:30,515970,11.928179860115051
2396,2021-10-19 08:10:43,515971,11.620257496833801
2397,2021-10-19 11:10:56,515971,11.986192464828491
2398,2021-10-20 12:10:01,515971,12.081854939460754
2399,2021-10-20 12:10:17,515971,12.268660068511963
2400,2021-10-20 01:10:04,515972,11.976367235183716
2401,2021-10-20 01:10:16,515972,12.107517719268799
2402,2021-10-20 12:10:04,515972,11.99451744556427
2403,2021-10-20 12:10:34,515972,12.140502333641052
2404,2021-10-20 01:10:24,515973,11.93314790725708
2405,2021-10-20 12:10:32,515973,11.966907382011414
2406,2021-10-20 01:10:30,515977,12.08861768245697
2407,2021-10-20 12:10:39,515977,11.921607255935669
2408,2021-10-20 02:10:03,515978,12.070967555046082
2409,2021-10-20 02:10:12,515978,11.981145143508911
2410,2021-10-20 03:10:24,515978,11.921038031578064
2411,2021-10-20 02:10:54,515979,12.001785039901733
2412,2021-10-20 03:10:09,515979,11.96987509727478
2413,2021-10-20 03:10:29,515979,12.04182744026184
2414,2021-10-20 03:10:30,515979,11.90646767616272
2415,2021-10-20 06:10:24,515982,11.818954944610596
2416,2021-10-20 05:10:59,515983,11.949114799499512
2417,2021-10-20 06:10:20,515983,12.688955068588257
2418,2021-10-20 01:10:19,515984,11.936019659042358
2419,2021-10-20 02:10:54,515984,12.040162086486816
2420,2021-10-20 07:10:45,515984,12.035492062568665
2421,2021-10-20 07:10:52,515984,12.022847533226013
2422,2021-10-20 08:10:28,515984,11.9234299659729
2423,2021-10-20 09:10:43,515984,11.980369687080383
2424,2021-10-20 10:10:00,515984,12.042272686958313
2425,2021-10-20 11:10:45,515984,12.117055058479309
2426,2021-10-20 11:10:48,515984,11.619912385940552
2427,2021-10-20 11:10:58,515984,12.055820226669312
2428,2021-10-20 12:10:04,515984,11.914437413215637
2429,2021-10-20 12:10:33,515984,12.07574725151062
2430,2021-10-20 12:10:44,515984,12.065359950065613
2431,2021-10-20 12:10:49,515984,12.058240175247192
2432,2021-10-20 12:10:51,515984,12.085177302360535
2433,2021-10-20 03:10:55,515985,12.048935294151306
2434,2021-10-20 04:10:14,515985,12.078654766082764
2435,2021-10-20 04:10:15,515985,12.014932036399841
2436,2021-10-20 03:10:56,515986,12.076504826545715
2437,2021-10-20 04:10:14,515986,11.967117190361023
2438,2021-10-20 04:10:51,515986,12.12323009967804
2439,2021-10-20 05:10:31,515987,12.099044919013977
2440,2021-10-20 05:10:54,515987,12.076144814491272
2441,2021-10-20 05:10:59,515988,12.056770324707031
2442,2021-10-20 06:10:53,515988,11.880080103874207
2443,2021-10-20 06:10:26,515989,11.960357427597046
2444,2021-10-20 06:10:05,515990,11.91103994846344
2445,2021-10-20 07:10:12,515990,12.204177379608154
2446,2021-10-20 08:10:00,515991,12.061057686805725
2447,2021-10-20 08:10:47,515992,11.864397525787354
2448,2021-10-20 09:10:40,515992,11.952275037765503
2449,2021-10-20 09:10:13,515993,11.902772784233093
2450,2021-10-20 09:10:25,515993,12.073102593421936
2451,2021-10-20 09:10:35,515993,12.120007276535034
2452,2021-10-20 10:10:45,515993,11.812172532081604
2453,2021-10-20 11:10:00,515995,12.08874762058258
2454,2021-10-20 11:10:55,515995,11.894490122795105
2455,2021-10-21 12:10:05,515995,11.775524616241455
2456,2021-10-21 12:10:53,515995,11.859014630317688
2457,2021-10-21 01:10:25,515999,12.10135281085968
2458,2021-10-21 01:10:55,515999,11.906497478485107
2459,2021-10-21 02:10:48,515999,11.902377605438232
2460,2021-10-21 02:10:50,515999,11.789742112159729
2461,2021-10-21 02:10:31,516001,11.90345287322998
2462,2021-10-21 03:10:51,516001,12.124559879302979
2463,2021-10-21 03:10:09,516002,12.112780213356018
2464,2021-10-21 04:10:34,516002,12.061474919319153
2465,2021-10-21 05:10:04,516005,11.865764856338501
2466,2021-10-21 05:10:30,516005,12.161122560501099
2467,2021-10-21 06:10:21,516005,12.202257513999939
2468,2021-10-21 05:10:43,516006,12.060052752494812
2469,2021-10-21 06:10:18,516006,12.161117792129517
2470,2021-10-21 06:10:40,516007,11.97635531425476
2471,2021-10-21 06:10:45,516007,12.039717435836792
2472,2021-10-21 07:10:49,516007,12.142077684402466
2473,2021-10-21 08:10:52,516011,12.121452689170837
2474,2021-10-21 09:10:29,516011,12.065535187721252
2475,2021-10-21 09:10:38,516011,11.995459794998169
2476,2021-10-21 09:10:49,516012,12.05637276172638
2477,2021-10-21 10:10:35,516012,12.067392468452454
2478,2021-10-21 10:10:45,516012,12.01134204864502
2479,2021-10-21 02:10:02,516013,11.914229989051819
2480,2021-10-21 03:10:26,516013,12.100080251693726
2481,2021-10-21 03:10:46,516013,12.047412991523743
2482,2021-10-21 03:10:57,516013,12.167112231254578
2483,2021-10-21 04:10:00,516013,12.081542611122131
2484,2021-10-21 04:10:11,516013,11.993795037269592
2485,2021-10-21 04:10:20,516013,12.063567042350769
2486,2021-10-21 04:10:22,516013,12.105979919433594
2487,2021-10-21 04:10:27,516013,12.117570042610168
2488,2021-10-21 04:10:27,516013,11.972342729568481
2489,2021-10-21 04:10:58,516013,12.052497863769531
2490,2021-10-21 05:10:03,516013,12.205367088317871
2491,2021-10-21 05:10:29,516013,11.79592251777649
2492,2021-10-21 05:10:52,516013,12.168282270431519
2493,2021-10-21 05:10:59,516013,11.881749629974365
2494,2021-10-21 12:10:49,516013,12.125047445297241
2495,2021-10-21 12:10:58,516013,12.072392106056213
2496,2021-10-21 04:10:24,516015,12.058644890785217
2497,2021-10-21 05:10:05,516015,11.94819986820221
2498,2021-10-21 05:10:58,516015,12.039340138435364
2499,2021-10-21 03:10:33,516016,12.175690531730652
2500,2021-10-21 05:10:57,516016,11.967630386352539
2501,2021-10-21 06:10:06,516016,12.280244827270508
2502,2021-10-21 06:10:11,516016,12.384312152862549
2503,2021-10-21 06:10:39,516016,11.77361249923706
2504,2021-10-21 06:10:54,516016,12.02692985534668
2505,2021-10-21 07:10:47,516016,12.392327189445496
2506,2021-10-21 07:10:59,516016,12.08200752735138
2507,2021-10-21 08:10:03,516016,11.772772669792175
2508,2021-10-21 09:10:07,516016,12.076542377471924
2509,2021-10-21 06:10:26,516017,12.064495086669922
2510,2021-10-21 09:10:22,516017,12.100809812545776
2511,2021-10-21 08:10:54,516018,12.045729756355286
2512,2021-10-21 07:10:34,516019,12.248177528381348
2513,2021-10-21 07:10:56,516019,12.180624604225159
2514,2021-10-21 09:10:41,516019,12.133184671401978
2515,2021-10-21 10:10:11,516019,12.02727735042572
2516,2021-10-21 11:10:11,516019,12.174584865570068
2517,2021-10-21 11:10:18,516019,12.270399928092957
2518,2021-10-21 08:10:17,516020,12.085430026054382
2519,2021-10-21 11:10:00,516020,12.04169511795044
2520,2021-10-21 11:10:23,516020,12.128639817237854
2521,2021-10-21 11:10:44,516020,12.26199746131897
2522,2021-10-21 08:10:11,516021,12.116920351982117
2523,2021-10-21 08:10:31,516021,12.158187627792358
2524,2021-10-21 11:10:32,516021,12.018722891807556
2525,2021-10-22 01:10:05,516021,12.185270190238953
2526,2021-10-22 01:10:05,516021,12.038007378578186
2527,2021-10-22 01:10:29,516021,12.087517976760864
2528,2021-10-22 02:10:44,516021,12.066839933395386
2529,2021-10-22 04:10:37,516021,12.18707025051117
2530,2021-10-22 04:10:59,516021,11.979705095291138
2531,2021-10-22 12:10:00,516021,12.083234786987305
2532,2021-10-22 12:10:02,516021,12.078794836997986
2533,2021-10-22 12:10:06,516021,12.142530083656311
2534,2021-10-22 12:10:11,516021,12.298267483711243
2535,2021-10-22 12:10:26,516021,12.071895003318787
2536,2021-10-22 12:10:41,516021,12.044289708137512
2537,2021-10-22 12:10:58,516021,12.174367904663086
2538,2021-10-22 01:10:48,516022,12.166975140571594
2539,2021-10-22 01:10:54,516022,12.120404839515686
2540,2021-10-22 02:10:01,516022,11.928627490997314
2541,2021-10-22 02:10:14,516022,12.193025350570679
2542,2021-10-22 02:10:29,516022,12.029399871826172
2543,2021-10-22 02:10:38,516022,12.205435037612915
2544,2021-10-22 02:10:54,516022,12.19332754611969
2545,2021-10-22 05:10:05,516022,12.16768741607666
2546,2021-10-22 05:10:20,516022,12.266860008239746
2547,2021-10-22 05:10:25,516022,12.001484632492065
2548,2021-10-22 05:10:36,516022,12.133165001869202
2549,2021-10-22 06:10:28,516022,12.07324743270874
2550,2021-10-22 06:10:55,516022,12.044579982757568
2551,2021-10-22 03:10:00,516023,12.18215525150299
2552,2021-10-22 06:10:20,516023,12.094135284423828
2553,2021-10-22 06:10:35,516023,11.951157450675964
2554,2021-10-22 07:10:05,516023,12.051512598991394
2555,2021-10-22 07:10:14,516023,12.083362340927124
2556,2021-10-22 07:10:42,516023,12.189429998397827
2557,2021-10-22 07:10:47,516023,12.052002549171448
2558,2021-10-22 08:10:16,516023,12.127587795257568
2559,2021-10-22 06:10:18,516027,12.090242505073547
2560,2021-10-22 07:10:01,516027,12.145140171051025
2561,2021-10-22 07:10:31,516027,12.018467783927917
2562,2021-10-22 08:10:48,516027,12.338802814483643
2563,2021-10-22 06:10:37,516029,12.114222645759583
2564,2021-10-22 08:10:37,516029,12.06720232963562
2565,2021-10-22 08:10:36,516030,12.39576518535614
2566,2021-10-22 09:10:43,516030,11.934987902641296
2567,2021-10-22 08:10:12,516031,12.26631224155426
2568,2021-10-22 08:10:23,516031,12.265377044677734
2569,2021-10-22 08:10:50,516031,11.933362483978271
2570,2021-10-22 08:10:55,516031,11.986024975776672
2571,2021-10-22 08:10:58,516031,11.964439749717712
2572,2021-10-22 09:10:10,516031,12.013192772865295
2573,2021-10-22 09:10:34,516031,11.917665004730225
2574,2021-10-22 09:10:59,516031,12.074204683303833
2575,2021-10-22 10:10:58,516031,12.0728200674057
2576,2021-10-22 11:10:01,516031,11.845142841339111
2577,2021-10-22 11:10:04,516031,11.929100155830383
2578,2021-10-22 11:10:37,516031,12.259902358055115
2579,2021-10-22 11:10:56,516031,11.883912682533264
2580,2021-10-22 08:10:18,516032,12.181682586669922
2581,2021-10-22 09:10:29,516032,12.20907747745514
2582,2021-10-22 10:10:06,516032,12.149479985237122
2583,2021-10-22 10:10:16,516032,12.01911985874176
2584,2021-10-22 11:10:53,516036,11.954759955406189
2585,2021-10-22 11:10:28,516037,12.017367482185364
2586,2021-10-22 01:10:23,516038,12.147777080535889
2587,2021-10-22 01:10:39,516038,12.068232297897339
2588,2021-10-22 11:10:58,516038,11.877057552337646
2589,2021-10-22 12:10:38,516038,12.11460292339325
2590,2021-10-22 01:10:18,516039,11.73416256904602
2591,2021-10-22 01:10:55,516039,11.899135112762451
2592,2021-10-22 02:10:36,516039,12.21849501132965
2593,2021-10-22 03:10:33,516039,12.14693546295166
2594,2021-10-22 03:10:37,516039,11.900232434272766
2595,2021-10-22 03:10:43,516039,12.324650287628174
2596,2021-10-22 02:10:04,516040,11.89653754234314
2597,2021-10-22 02:10:25,516040,12.122857570648193
2598,2021-10-22 02:10:33,516040,12.071855068206787
2599,2021-10-22 02:10:45,516040,12.24852979183197
2600,2021-10-22 03:10:24,516040,11.993892192840576
2601,2021-10-22 03:10:48,516040,12.044264674186707
2602,2021-10-22 03:10:50,516040,11.980327367782593
2603,2021-10-22 02:10:24,516041,12.198194861412048
2604,2021-10-22 02:10:48,516041,12.13778018951416
2605,2021-10-22 03:10:42,516041,12.07000732421875
2606,2021-10-22 03:10:55,516041,12.407707571983337
2607,2021-10-22 04:10:03,516041,12.207722663879395
2608,2021-10-22 04:10:18,516041,12.232542634010315
2609,2021-10-22 04:10:34,516041,12.302125096321106
2610,2021-10-22 04:10:49,516041,12.024872303009033
2611,2021-10-22 03:10:13,516042,12.490517497062683
2612,2021-10-22 03:10:37,516042,12.24723756313324
2613,2021-10-22 03:10:45,516042,12.27791965007782
2614,2021-10-22 04:10:25,516042,12.21892237663269
2615,2021-10-22 05:10:59,516042,12.065080404281616
2616,2021-10-22 05:10:02,516044,12.234424948692322
2617,2021-10-22 05:10:08,516044,12.065964937210083
2618,2021-10-22 05:10:21,516044,12.124600410461426
2619,2021-10-22 06:10:13,516044,12.239847779273987
2620,2021-10-22 06:10:41,516044,12.147985100746155
2621,2021-10-22 06:10:51,516044,12.080902457237244
2622,2021-10-22 06:10:03,516045,12.260587811470032
2623,2021-10-22 06:10:53,516045,12.230122685432434
2624,2021-10-22 06:10:55,516045,12.149432301521301
2625,2021-10-22 06:10:55,516045,12.06422746181488
2626,2021-10-22 06:10:55,516045,12.397440075874329
2627,2021-10-22 07:10:14,516045,12.073647379875183
2628,2021-10-22 07:10:25,516045,12.266567349433899
2629,2021-10-22 07:10:36,516045,12.173755168914795
2630,2021-10-22 06:10:14,516046,12.335672974586487
2631,2021-10-22 06:10:35,516046,12.484367489814758
2632,2021-10-22 07:10:21,516046,12.220554947853088
2633,2021-10-22 07:10:21,516046,12.399104833602905
2634,2021-10-22 07:10:37,516046,12.271379828453064
2635,2021-10-22 07:10:51,516046,12.206997871398926
2636,2021-10-22 08:10:31,516046,12.231475114822388
2637,2021-10-22 08:10:40,516046,12.224412560462952
2638,2021-10-22 07:10:02,516047,12.195805311203003
2639,2021-10-22 08:10:38,516047,12.017317414283752
2640,2021-10-22 08:10:32,516048,12.182555198669434
2641,2021-10-22 09:10:29,516048,12.202112674713135
2642,2021-10-22 10:10:09,516048,12.129567265510559
2643,2021-10-22 10:10:12,516048,12.007647156715393
2644,2021-10-22 08:10:48,516049,12.319270372390747
2645,2021-10-22 10:10:48,516049,12.28820025920868
2646,2021-10-22 10:10:51,516050,12.22802996635437
2647,2021-10-22 11:10:36,516050,12.201834917068481
2648,2021-10-22 11:10:44,516051,12.103440165519714
2649,2021-10-23 12:10:55,516051,12.216185331344604
2650,2021-10-22 11:10:14,516053,12.159932255744934
2651,2021-10-23 01:10:04,516054,11.991207599639893
2652,2021-10-23 01:10:29,516054,12.179002165794373
2653,2021-10-23 12:10:40,516054,12.185544967651367
2654,2021-10-23 12:10:41,516054,12.29165494441986
2655,2021-10-23 01:10:39,516055,12.252944707870483
2656,2021-10-23 03:10:17,516055,12.001929879188538
2657,2021-10-23 01:10:28,516056,12.285499572753906
2658,2021-10-23 01:10:54,516056,12.264849543571472
2659,2021-10-23 02:10:13,516056,12.145114541053772
2660,2021-10-23 02:10:41,516056,12.14235782623291
2661,2021-10-23 02:10:42,516056,12.246442437171936
2662,2021-10-23 03:10:13,516056,12.260828018188477
2663,2021-10-23 03:10:15,516056,11.804680228233337
2664,2021-10-23 04:10:21,516056,12.12045967578888
2665,2021-10-23 02:10:02,516058,12.211522459983826
2666,2021-10-23 03:10:15,516058,12.04800009727478
2667,2021-10-23 02:10:38,516066,12.230857014656067
2668,2021-10-23 03:10:30,516066,11.917332410812378
2669,2021-10-23 04:10:30,516066,12.31077253818512
2670,2021-10-23 05:10:11,516066,12.11373507976532
2671,2021-10-23 05:10:40,516066,12.230949997901917
2672,2021-10-23 05:10:58,516066,12.123525142669678
2673,2021-10-23 06:10:27,516066,12.306034564971924
2674,2021-10-23 06:10:49,516066,12.167940139770508
2675,2021-10-23 07:10:10,516066,12.177367210388184
2676,2021-10-23 07:10:32,516066,12.00427234172821
2677,2021-10-23 08:10:03,516066,12.270339727401733
2678,2021-10-23 08:10:28,516066,12.158059477806091
2679,2021-10-23 10:10:26,516066,12.153210043907166
2680,2021-10-23 11:10:10,516066,12.020512819290161
2681,2021-10-23 11:10:21,516066,12.290289998054504
2682,2021-10-24 01:10:15,516066,12.323757410049438
2683,2021-10-24 01:10:32,516066,12.234857678413391
2684,2021-10-24 01:10:38,516066,12.17797040939331
2685,2021-10-24 05:10:40,516066,11.991040110588074
2686,2021-10-24 06:10:57,516066,12.127749919891357
2687,2021-10-24 10:10:03,516066,12.042672038078308
2688,2021-10-24 10:10:13,516066,12.06638216972351
2689,2021-10-24 11:10:33,516066,12.124735116958618
2690,2021-10-24 11:10:39,516066,12.195662260055542
2691,2021-10-24 12:10:12,516066,12.140232920646667
2692,2021-10-24 12:10:20,516066,12.171292304992676
2693,2021-10-24 12:10:39,516066,12.35194444656372
2694,2021-10-24 12:10:40,516066,12.231945395469666
2695,2021-10-24 01:10:01,516067,12.510200142860413
2696,2021-10-24 02:10:30,516067,12.06033706665039
2697,2021-10-25 10:10:42,516076,12.251859903335571
2698,2021-10-25 10:10:52,516076,12.079085111618042
2699,2021-10-25 11:10:24,516076,12.2590970993042
2700,2021-10-25 11:10:35,516076,12.204632759094238
2701,2021-10-25 11:10:46,516076,12.138960361480713
2702,2021-10-25 11:10:49,516076,12.081467509269714
2703,2021-10-25 01:10:45,516079,12.125622630119324
2704,2021-10-25 01:10:54,516079,12.207930088043213
2705,2021-10-25 02:10:20,516079,12.31047511100769
2706,2021-10-25 02:10:20,516079,12.210332155227661
2707,2021-10-25 02:10:30,516079,12.002777457237244
2708,2021-10-25 02:10:31,516079,12.402347922325134
2709,2021-10-25 02:10:44,516079,12.32096016407013
2710,2021-10-25 03:10:08,516079,12.172642946243286
2711,2021-10-25 03:10:09,516079,12.114149928092957
2712,2021-10-25 03:10:10,516079,12.220529913902283
2713,2021-10-25 03:10:14,516079,12.25759744644165
2714,2021-10-25 03:10:24,516079,12.097885012626648
2715,2021-10-25 03:10:40,516079,12.264055013656616
2716,2021-10-25 04:10:19,516079,12.140080332756042
2717,2021-10-25 04:10:27,516079,12.017369866371155
2718,2021-10-25 04:10:29,516079,12.245069742202759
2719,2021-10-25 04:10:35,516079,12.224652767181396
2720,2021-10-25 04:10:49,516079,12.089614868164062
2721,2021-10-25 05:10:10,516079,12.215834856033325
2722,2021-10-25 05:10:14,516079,12.003157138824463
2723,2021-10-25 02:10:12,516080,11.887799501419067
2724,2021-10-25 02:10:39,516080,12.359750270843506
2725,2021-10-25 03:10:11,516080,12.196580171585083
2726,2021-10-25 06:10:04,516080,12.110520005226135
2727,2021-10-25 06:10:09,516080,12.233870029449463
2728,2021-10-25 06:10:20,516080,12.378947138786316
2729,2021-10-25 06:10:35,516080,12.013919949531555
2730,2021-10-25 06:10:43,516080,12.109460234642029
2731,2021-10-25 02:10:28,516081,12.306742072105408
2732,2021-10-25 03:10:00,516081,12.16659963130951
2733,2021-10-25 04:10:12,516081,12.202208042144775
2734,2021-10-25 04:10:53,516081,12.316719889640808
2735,2021-10-25 04:10:55,516081,12.388179898262024
2736,2021-10-25 06:10:30,516081,11.834709644317627
2737,2021-10-25 06:10:33,516081,12.243106961250305
2738,2021-10-25 06:10:36,516081,12.258390188217163
2739,2021-10-25 07:10:16,516081,12.166432738304138
2740,2021-10-25 07:10:24,516081,12.20792293548584
2741,2021-10-25 07:10:39,516081,12.031457424163818
2742,2021-10-25 07:10:49,516081,11.996917128562927
2743,2021-10-25 08:10:37,516081,12.024160027503967
2744,2021-10-25 08:10:59,516081,12.540605068206787
2745,2021-10-25 09:10:35,516081,12.312772870063782
2746,2021-10-25 07:10:28,516082,12.32643723487854
2747,2021-10-25 07:10:38,516082,12.240220308303833
2748,2021-10-25 09:10:38,516082,12.253702282905579
2749,2021-10-25 09:10:52,516082,12.336647510528564
2750,2021-10-25 07:10:00,516083,12.38669216632843
2751,2021-10-25 07:10:51,516083,12.213702201843262
2752,2021-10-25 09:10:01,516083,12.146892547607422
2753,2021-10-25 09:10:07,516083,12.250202894210815
2754,2021-10-25 09:10:35,516083,12.274657487869263
2755,2021-10-25 09:10:51,516083,12.467069625854492
2756,2021-10-25 10:10:19,516083,12.36951768398285
2757,2021-10-25 10:10:26,516083,12.009004950523376
2758,2021-10-25 10:10:40,516083,12.13189959526062
2759,2021-10-26 12:10:57,516083,12.217897772789001
2760,2021-10-25 10:10:57,516084,12.23376750946045
2761,2021-10-25 11:10:42,516084,12.424639463424683
2762,2021-10-25 11:10:50,516084,12.218877077102661
2763,2021-10-26 12:10:16,516084,12.151005268096924
2764,2021-10-25 11:10:08,516085,11.99683964252472
2765,2021-10-26 01:10:41,516085,12.180830240249634
2766,2021-10-26 02:10:06,516085,12.203695178031921
2767,2021-10-26 03:10:51,516085,12.555694580078125
2768,2021-10-26 12:10:00,516085,12.19669759273529
2769,2021-10-26 01:10:29,516086,12.304242849349976
2770,2021-10-26 02:10:25,516086,12.15396523475647
2771,2021-10-26 01:10:05,516087,12.203442454338074
2772,2021-10-26 01:10:49,516087,12.317684888839722
2773,2021-10-26 02:10:01,516087,12.196527123451233
2774,2021-10-26 02:10:08,516087,12.401041984558105
2775,2021-10-26 02:10:47,516087,12.276175022125244
2776,2021-10-26 02:10:53,516087,12.244342565536499
2777,2021-10-26 02:10:47,516090,12.248265147209167
2778,2021-10-26 03:10:18,516090,12.209919691085815
2779,2021-10-26 02:10:50,516091,12.160565257072449
2780,2021-10-26 02:10:55,516092,12.339962720870972
2781,2021-10-26 03:10:44,516092,12.136792540550232
2782,2021-10-26 02:10:43,516093,12.1994948387146
2783,2021-10-26 02:10:58,516093,12.17070758342743
2784,2021-10-26 03:10:55,516093,12.189844846725464
2785,2021-10-26 04:10:01,516093,12.17053234577179
2786,2021-10-26 04:10:13,516093,12.255160212516785
2787,2021-10-26 04:10:19,516093,12.11128056049347
2788,2021-10-26 03:10:28,516094,12.138350009918213
2789,2021-10-26 04:10:01,516094,12.115405201911926
2790,2021-10-26 04:10:11,516096,12.178804874420166
2791,2021-10-26 04:10:38,516096,12.137424945831299
2792,2021-10-26 05:10:13,516096,12.221625447273254
2793,2021-10-26 05:10:23,516096,12.233452200889587
2794,2021-10-26 05:10:14,516097,12.308977246284485
2795,2021-10-26 05:10:49,516097,12.110187411308289
2796,2021-10-26 07:10:03,516098,12.178122401237488
2797,2021-10-26 07:10:14,516098,12.23636507987976
2798,2021-10-26 07:10:26,516098,12.200289964675903
2799,2021-10-26 08:10:15,516098,12.265452146530151
2800,2021-10-26 08:10:22,516098,12.170357704162598
2801,2021-10-26 08:10:27,516098,12.320795059204102
2802,2021-10-26 08:10:31,516098,12.313197255134583
2803,2021-10-26 08:10:42,516098,12.01588749885559
2804,2021-10-26 08:10:44,516098,12.083284854888916
2805,2021-10-26 08:10:57,516098,12.222627401351929
2806,2021-10-26 09:10:59,516098,12.204212546348572
2807,2021-10-26 01:10:32,516099,12.333162426948547
2808,2021-10-26 01:10:50,516099,12.10207998752594
2809,2021-10-26 01:10:52,516099,12.224375009536743
2810,2021-10-26 01:10:59,516099,12.201889753341675
2811,2021-10-26 02:10:11,516099,12.214491963386536
2812,2021-10-26 02:10:12,516099,12.277504801750183
2813,2021-10-26 02:10:22,516099,11.890287399291992
2814,2021-10-26 02:10:26,516099,12.200134992599487
2815,2021-10-26 02:10:44,516099,12.193374633789062
2816,2021-10-26 03:10:00,516099,12.055532336235046
2817,2021-10-26 12:10:14,516099,12.238779664039612
2818,2021-10-26 12:10:20,516099,12.384124994277954
2819,2021-10-26 02:10:56,516100,12.194125056266785
2820,2021-10-26 03:10:28,516100,12.328760027885437
2821,2021-10-26 03:10:56,516100,12.022072672843933
2822,2021-10-26 04:10:07,516100,12.097342014312744
2823,2021-10-26 04:10:48,516100,12.042529582977295
2824,2021-10-26 04:10:49,516100,12.183482646942139
2825,2021-10-26 03:10:31,516101,12.106934785842896
2826,2021-10-26 04:10:07,516101,12.282778024673462
2827,2021-10-26 03:10:12,516102,12.153909802436829
2828,2021-10-26 05:10:08,516102,12.09262490272522
2829,2021-10-26 06:10:32,516102,12.127135396003723
2830,2021-10-26 06:10:37,516102,12.15331494808197
2831,2021-10-26 04:10:18,516103,12.395917773246765
2832,2021-10-26 04:10:20,516103,12.100610136985779
2833,2021-10-26 04:10:22,516103,12.078785300254822
2834,2021-10-26 04:10:22,516103,12.013577222824097
2835,2021-10-26 04:10:25,516103,12.354282140731812
2836,2021-10-26 04:10:50,516103,12.256699800491333
2837,2021-10-26 04:10:51,516103,12.380677461624146
2838,2021-10-26 06:10:06,516103,12.338290214538574
2839,2021-10-26 06:10:15,516103,12.158464789390564
2840,2021-10-26 06:10:29,516103,12.087935209274292
2841,2021-10-26 06:10:46,516103,12.070385217666626
2842,2021-10-26 06:10:53,516103,12.097987532615662
2843,2021-10-26 07:10:22,516103,12.049319744110107
2844,2021-10-26 05:10:24,516104,12.163582444190979
2845,2021-10-26 05:10:27,516104,12.158370018005371
2846,2021-10-26 05:10:36,516104,12.22095787525177
2847,2021-10-26 07:10:37,516104,12.095234990119934
2848,2021-10-26 07:10:49,516104,12.07515001296997
2849,2021-10-26 07:10:50,516104,12.0876544713974
2850,2021-10-26 07:10:27,516107,12.29268491268158
2851,2021-10-26 09:10:02,516107,12.098134756088257
2852,2021-10-26 08:10:16,516108,12.266474962234497
2853,2021-10-26 08:10:22,516108,12.085782289505005
2854,2021-10-26 10:10:22,516108,12.217827439308167
2855,2021-10-26 10:10:30,516108,12.142030000686646
2856,2021-10-26 10:10:39,516108,12.088267803192139
2857,2021-10-26 10:10:40,516108,12.091139554977417
2858,2021-10-26 11:10:44,516108,12.177562713623047
2859,2021-10-26 11:10:54,516108,12.120920419692993
2860,2021-10-26 09:10:06,516109,12.166140079498291
2861,2021-10-26 09:10:18,516109,12.065580487251282
2862,2021-10-26 09:10:39,516109,12.112382650375366
2863,2021-10-26 10:10:01,516109,12.16863751411438
2864,2021-10-26 10:10:57,516109,12.227837443351746
2865,2021-10-26 11:10:08,516109,12.277994751930237
2866,2021-10-26 11:10:39,516109,12.026000022888184
2867,2021-10-26 11:10:50,516109,11.997309923171997
2868,2021-10-26 10:10:12,516112,11.93473756313324
2869,2021-10-26 10:10:17,516112,12.069544792175293
2870,2021-10-26 11:10:07,516112,12.123527526855469
2871,2021-10-26 11:10:39,516112,12.123299837112427
2872,2021-10-27 12:10:26,516112,12.098992466926575
2873,2021-10-27 12:10:32,516112,11.754522323608398
2874,2021-10-26 10:10:11,516114,12.018007040023804
2875,2021-10-26 11:10:23,516114,12.01290488243103
2876,2021-10-26 11:10:07,516116,12.259092330932617
2877,2021-10-26 11:10:12,516116,12.100762724876404
2878,2021-10-27 12:10:00,516116,12.022982835769653
2879,2021-10-27 12:10:29,516116,12.217162847518921
2880,2021-10-26 11:10:22,516117,12.19652771949768
2881,2021-10-27 01:10:04,516117,12.062082290649414
2882,2021-10-27 01:10:11,516117,12.227929830551147
2883,2021-10-27 01:10:32,516117,11.98976993560791
2884,2021-10-27 01:10:44,516117,11.974675059318542
2885,2021-10-27 12:10:22,516117,11.958177089691162
2886,2021-10-27 12:10:49,516117,12.215867042541504
2887,2021-10-27 12:10:52,516117,12.02541470527649
2888,2021-10-27 01:10:02,516119,12.274112701416016
2889,2021-10-27 01:10:48,516119,12.132222652435303
2890,2021-10-27 02:10:40,516119,12.293695211410522
2891,2021-10-27 03:10:02,516119,12.084705233573914
2892,2021-10-27 03:10:08,516119,12.157732248306274
2893,2021-10-27 03:10:44,516119,12.002617716789246
2894,2021-10-27 04:10:26,516122,12.234537601470947
2895,2021-10-27 04:10:01,516124,12.035560011863708
2896,2021-10-27 05:10:08,516124,12.093627452850342
2897,2021-10-27 06:10:11,516126,12.189642190933228
2898,2021-10-27 07:10:33,516126,12.193177938461304
2899,2021-10-27 06:10:22,516127,12.094854712486267
2900,2021-10-27 07:10:08,516128,11.81009292602539
2901,2021-10-27 07:10:32,516128,12.06039011478424
2902,2021-10-27 07:10:35,516128,12.044397592544556
2903,2021-10-27 08:10:21,516128,12.02279508113861
2904,2021-10-27 08:10:40,516128,11.998932957649231
2905,2021-10-27 09:10:09,516128,12.046502232551575
2906,2021-10-27 09:10:58,516128,12.160902619361877
2907,2021-10-27 09:10:58,516128,11.872707605361938
2908,2021-10-27 08:10:57,516129,12.098477482795715
2909,2021-10-27 09:10:46,516129,12.052767276763916
2910,2021-10-27 09:10:35,516130,12.141022682189941
2911,2021-10-27 10:10:19,516130,12.011602520942688
2912,2021-10-27 01:10:03,516133,12.18184232711792
2913,2021-10-27 01:10:36,516133,12.06379234790802
2914,2021-10-27 02:10:01,516133,11.688217520713806
2915,2021-10-27 02:10:12,516133,12.070712447166443
2916,2021-10-27 02:10:26,516133,12.386462092399597
2917,2021-10-27 02:10:53,516133,12.175179719924927
2918,2021-10-27 03:10:37,516133,12.255837321281433
2919,2021-10-27 03:10:52,516133,12.208580374717712
2920,2021-10-27 03:10:59,516133,12.01545000076294
2921,2021-10-27 04:10:03,516133,11.730599999427795
2922,2021-10-27 04:10:11,516133,12.13988721370697
2923,2021-10-27 04:10:19,516133,12.19057023525238
2924,2021-10-27 04:10:28,516133,12.097859978675842
2925,2021-10-27 11:10:39,516133,12.07073986530304
2926,2021-10-27 04:10:22,516134,12.246992588043213
2927,2021-10-27 04:10:46,516134,12.093267440795898
2928,2021-10-27 04:10:54,516134,12.19177782535553
2929,2021-10-27 05:10:17,516134,12.06879734992981
2930,2021-10-27 05:10:32,516134,11.990162134170532
2931,2021-10-27 06:10:24,516134,11.984490156173706
2932,2021-10-27 06:10:55,516134,12.036777138710022
2933,2021-10-27 10:10:14,516134,12.064509987831116
2934,2021-10-27 10:10:32,516134,12.128450274467468
2935,2021-10-27 10:10:42,516134,12.234697937965393
2936,2021-10-27 06:10:15,516136,12.099002599716187
2937,2021-10-27 07:10:51,516136,12.061182856559753
2938,2021-10-27 06:10:18,516138,12.11844265460968
2939,2021-10-27 09:10:20,516138,12.226982712745667
2940,2021-10-27 07:10:09,516139,12.103882431983948
2941,2021-10-27 07:10:45,516139,12.292282581329346
2942,2021-10-27 09:10:46,516139,12.042360305786133
2943,2021-10-27 11:10:00,516139,12.279437184333801
2944,2021-10-27 11:10:46,516139,11.969992518424988
2945,2021-10-28 12:10:14,516139,12.132952809333801
2946,2021-10-28 01:10:27,516140,12.107912302017212
2947,2021-10-28 02:10:26,516140,12.082012295722961
2948,2021-10-28 02:10:39,516140,12.069682478904724
2949,2021-10-28 12:10:11,516140,12.162622809410095
2950,2021-10-28 03:10:00,516144,12.172600030899048
2951,2021-10-28 04:10:46,516144,11.832455396652222
2952,2021-10-28 04:10:19,516146,12.23723292350769
2953,2021-10-28 04:10:19,516149,12.246854901313782
2954,2021-10-28 06:10:09,516149,12.154757380485535
2955,2021-10-28 04:10:05,516150,12.15905487537384
2956,2021-10-28 06:10:16,516150,12.432227730751038
2957,2021-10-28 06:10:31,516150,12.024804949760437
2958,2021-10-28 06:10:47,516150,12.082040309906006
2959,2021-10-28 05:10:41,516151,11.933077573776245
2960,2021-10-28 06:10:42,516151,12.023682594299316
2961,2021-10-28 05:10:45,516152,11.957782506942749
2962,2021-10-28 06:10:02,516152,12.135685086250305
2963,2021-10-28 06:10:12,516152,12.33292281627655
2964,2021-10-28 06:10:35,516152,11.935592293739319
2965,2021-10-28 05:10:08,516153,12.172207832336426
2966,2021-10-28 06:10:16,516153,12.228337526321411
2967,2021-10-28 06:10:44,516159,12.303299903869629
2968,2021-10-28 07:10:23,516159,11.976652145385742
2969,2021-10-28 07:10:29,516159,12.222627401351929
2970,2021-10-28 07:10:49,516159,11.959237456321716
2971,2021-10-28 08:10:21,516163,12.190357446670532
2972,2021-10-28 08:10:36,516163,12.385650277137756
2973,2021-10-28 08:10:51,516163,12.124369740486145
2974,2021-10-28 09:10:08,516163,12.044762372970581
2975,2021-10-28 09:10:48,516163,12.097517848014832
2976,2021-10-28 10:10:11,516163,12.319864630699158
2977,2021-10-28 10:10:13,516163,11.95717990398407
2978,2021-10-28 10:10:22,516163,12.098659873008728
2979,2021-10-28 10:10:58,516163,12.16389000415802
2980,2021-10-28 11:10:16,516163,12.268012166023254
2981,2021-10-28 04:10:01,516164,12.082942128181458
2982,2021-10-28 04:10:55,516164,12.140474915504456
2983,2021-10-28 11:10:37,516164,11.900299787521362
2984,2021-10-28 12:10:43,516164,12.090082168579102
2985,2021-10-28 05:10:14,516165,12.128750085830688
2986,2021-10-28 05:10:30,516165,12.150967717170715
2987,2021-10-28 06:10:27,516165,12.288002371788025
2988,2021-10-28 07:10:04,516165,12.152692675590515
2989,2021-10-28 07:10:29,516165,12.215272188186646
2990,2021-10-28 07:10:45,516165,12.0735102891922
2991,2021-10-28 06:10:36,516166,12.252984642982483
2992,2021-10-28 06:10:51,516168,12.125312685966492
2993,2021-10-28 07:10:03,516168,12.17584490776062
2994,2021-10-28 08:10:01,516168,12.175402045249939
2995,2021-10-28 08:10:07,516168,12.136520147323608
2996,2021-10-28 07:10:33,516169,12.009442448616028
2997,2021-10-28 11:10:59,516169,12.141650319099426
2998,2021-10-29 12:10:00,516169,11.924582123756409
2999,2021-10-29 12:10:36,516169,12.14015007019043
3000,2021-10-28 06:10:15,516170,12.102892398834229
3001,2021-10-28 09:10:27,516170,12.216094732284546
3002,2021-10-28 11:10:08,516170,11.976722478866577
3003,2021-10-29 12:10:14,516170,12.203377485275269
3004,2021-10-29 01:10:31,516171,12.067577838897705
3005,2021-10-29 02:10:24,516171,12.168387174606323
3006,2021-10-29 02:10:28,516171,12.102975249290466
3007,2021-10-29 02:10:41,516171,12.41738736629486
3008,2021-10-29 03:10:02,516171,12.171319723129272
3009,2021-10-29 03:10:17,516171,12.244445085525513
3010,2021-10-29 02:10:14,516172,12.184487581253052
3011,2021-10-29 05:10:08,516172,12.002702355384827
3012,2021-10-29 03:10:50,516174,12.458362579345703
3013,2021-10-29 06:10:15,516174,11.990862488746643
3014,2021-10-29 07:10:52,516174,12.105262279510498
3015,2021-10-29 08:10:19,516174,12.308277487754822
3016,2021-10-29 08:10:57,516175,12.135435342788696
3017,2021-10-29 09:10:59,516175,12.21020758152008
3018,2021-10-29 01:10:18,516176,12.130037546157837
3019,2021-10-29 02:10:09,516176,12.116549611091614
3020,2021-10-29 02:10:34,516176,11.997550129890442
3021,2021-10-29 08:10:18,516176,12.218745350837708
3022,2021-10-29 09:10:07,516176,12.120822668075562
3023,2021-10-29 09:10:09,516176,12.29307472705841
3024,2021-10-29 09:10:27,516176,12.029032707214355
3025,2021-10-29 09:10:27,516176,12.27046251296997
3026,2021-10-29 09:10:44,516176,12.109885215759277
3027,2021-10-29 09:10:48,516176,12.199817895889282
3028,2021-10-29 10:10:08,516176,12.156097888946533
3029,2021-10-29 10:10:12,516176,12.03656017780304
3030,2021-10-29 10:10:45,516176,11.915050148963928
3031,2021-10-29 10:10:51,516176,12.257920503616333
3032,2021-10-29 10:10:54,516176,12.15141475200653
3033,2021-10-29 10:10:55,516176,12.2716224193573
3034,2021-10-29 11:10:19,516176,12.13777244091034
3035,2021-10-29 11:10:23,516176,12.144147157669067
3036,2021-10-29 11:10:30,516176,12.212117910385132
3037,2021-10-29 11:10:53,516176,12.276732325553894
3038,2021-10-29 12:10:46,516176,12.244300246238708
3039,2021-10-29 12:10:52,516176,12.10609495639801
3040,2021-10-29 01:10:23,516177,12.221845388412476
3041,2021-10-29 02:10:10,516177,12.25323736667633
3042,2021-10-29 02:10:57,516177,12.243252992630005
3043,2021-10-29 04:10:43,516177,12.280747890472412
3044,2021-10-29 05:10:00,516177,12.261719703674316
3045,2021-10-29 05:10:06,516177,12.14139699935913
3046,2021-10-29 07:10:49,516177,12.226277589797974
3047,2021-10-29 08:10:02,516177,12.199159860610962
3048,2021-10-29 08:10:43,516177,12.116134762763977
3049,2021-10-29 09:10:43,516177,12.145222425460815
3050,2021-10-29 10:10:07,516177,12.048142552375793
3051,2021-10-29 10:10:08,516177,12.341625094413757
3052,2021-10-29 10:10:12,516177,12.290675044059753
3053,2021-10-29 10:10:53,516177,12.239402532577515
3054,2021-10-29 11:10:22,516177,12.26411759853363
3055,2021-10-29 11:10:45,516177,12.01541543006897
3056,2021-10-29 02:10:48,516178,12.193920016288757
3057,2021-10-29 03:10:22,516178,12.182869911193848
3058,2021-10-29 04:10:04,516178,12.052457332611084
3059,2021-10-29 04:10:17,516178,12.427332401275635
3060,2021-10-29 04:10:21,516178,12.1102774143219
3061,2021-10-29 05:10:04,516178,12.14456021785736
3062,2021-10-29 05:10:41,516178,12.062022686004639
3063,2021-10-29 06:10:55,516178,12.480892539024353
3064,2021-10-29 05:10:36,516179,12.259340286254883
3065,2021-10-29 07:10:01,516179,12.284957766532898
3066,2021-10-29 10:10:51,516179,12.183095216751099
3067,2021-10-29 11:10:04,516179,12.248032689094543
3068,2021-10-29 11:10:14,516179,12.035742402076721
3069,2021-10-29 11:10:29,516179,12.277257442474365
3070,2021-10-29 11:10:38,516179,12.227837443351746
3071,2021-10-30 01:10:15,516179,12.22881019115448
3072,2021-10-30 01:10:45,516179,12.162022590637207
3073,2021-10-30 12:10:32,516179,12.100244760513306
3074,2021-10-29 11:10:03,516180,12.125570178031921
3075,2021-10-30 01:10:34,516180,12.064082622528076
3076,2021-10-30 03:10:33,516180,12.028585076332092
3077,2021-10-30 03:10:43,516180,12.122074961662292
3078,2021-10-30 12:10:36,516180,11.855677366256714
3079,2021-10-30 12:10:46,516180,12.0598703622818
3080,2021-10-29 09:10:54,516181,12.113140225410461
3081,2021-10-29 10:10:17,516181,11.903732419013977
3082,2021-10-29 11:10:14,516181,12.03996479511261
3083,2021-10-29 11:10:16,516181,11.978514790534973
3084,2021-10-30 02:10:23,516181,12.099434733390808
3085,2021-10-30 02:10:42,516181,12.141112685203552
3086,2021-10-30 03:10:17,516181,12.157977223396301
3087,2021-10-30 04:10:44,516181,12.041321992874146
3088,2021-10-30 05:10:17,516181,12.191692590713501
3089,2021-10-30 05:10:36,516181,12.325302362442017
3090,2021-10-30 06:10:16,516181,12.251112461090088
3091,2021-10-30 07:10:03,516181,12.174260020256042
3092,2021-10-30 07:10:08,516181,12.298177480697632
3093,2021-10-30 07:10:22,516181,12.255820035934448
3094,2021-10-30 07:10:29,516181,12.055497169494629
3095,2021-10-30 07:10:40,516181,12.181434631347656
3096,2021-10-30 08:10:20,516181,12.240542769432068
3097,2021-10-30 12:10:47,516181,12.434707283973694
3098,2021-10-30 07:10:10,516182,11.953629851341248
3099,2021-10-30 07:10:13,516182,12.241612672805786
3100,2021-10-30 07:10:57,516182,12.01014757156372
3101,2021-10-30 08:10:24,516182,12.210605144500732
3102,2021-10-30 08:10:46,516182,12.252839803695679
3103,2021-10-30 08:10:56,516182,12.115082144737244
3104,2021-10-30 09:10:15,516182,12.142404913902283
3105,2021-10-30 09:10:40,516182,11.728792190551758
3106,2021-10-31 09:10:04,516182,12.01213002204895
3107,2021-10-31 09:10:16,516182,11.91842257976532
3108,2021-10-31 09:10:50,516182,12.334789633750916
3109,2021-10-31 09:10:53,516182,11.809072494506836
3110,2021-10-30 08:10:30,516184,12.200867533683777
3111,2021-10-30 08:10:52,516184,12.383430004119873
3112,2021-10-30 09:10:27,516184,12.270514965057373
3113,2021-10-30 09:10:41,516184,12.27149248123169
3114,2021-10-30 10:10:03,516184,12.034392952919006
3115,2021-10-30 10:10:51,516184,12.045287489891052
3116,2021-10-30 09:10:46,516187,12.211177349090576
3117,2021-10-30 10:10:08,516187,11.901294589042664
3118,2021-10-30 10:10:26,516189,12.054439783096313
3119,2021-10-30 11:10:54,516189,12.172594666481018
3120,2021-10-30 02:10:15,516190,12.14787483215332
3121,2021-10-30 03:10:09,516190,11.90621018409729
3122,2021-10-30 05:10:07,516190,11.998590230941772
3123,2021-10-30 05:10:14,516190,12.320830225944519
3124,2021-10-31 08:10:12,516190,11.835722923278809
3125,2021-10-31 08:10:56,516190,11.994065046310425
3126,2021-10-31 08:10:57,516190,11.854302883148193
3127,2021-10-31 08:10:58,516190,12.083412408828735
3128,2021-10-30 04:10:22,516193,12.134965062141418
3129,2021-10-30 05:10:31,516193,12.151607275009155
3130,2021-10-30 05:10:43,516193,11.965487003326416
3131,2021-10-30 06:10:24,516193,11.966832876205444
3132,2021-10-30 07:10:02,516193,12.000342607498169
3133,2021-10-30 07:10:49,516193,12.088947892189026
3134,2021-10-30 07:10:06,516194,12.182927131652832
3135,2021-10-30 10:10:49,516194,11.971225142478943
3136,2021-10-31 05:10:06,516194,12.002392411231995
3137,2021-10-31 06:10:18,516194,12.06198275089264
3138,2021-10-31 06:10:43,516194,11.69816255569458
3139,2021-10-31 06:10:55,516194,12.004002332687378
3140,2021-10-31 01:10:21,516195,12.116655111312866
3141,2021-10-31 01:10:22,516195,12.067912817001343
3142,2021-10-31 11:10:26,516195,12.227609753608704
3143,2021-10-31 12:10:38,516195,12.14955747127533
3144,2021-10-31 04:10:36,516199,12.159700393676758
3145,2021-10-31 05:10:04,516199,12.11230754852295
3146,2021-10-31 06:10:07,516199,12.087569832801819
3147,2021-10-31 07:10:13,516199,12.057175040245056
3148,2021-10-31 07:10:48,516199,11.802375316619873
3149,2021-10-31 09:10:19,516199,12.107535004615784
3150,2021-10-31 09:10:33,516199,12.115910053253174
3151,2021-10-31 09:10:35,516199,12.270697355270386
3152,2021-10-31 09:10:41,516199,12.044707536697388
3153,2021-10-31 09:10:42,516199,12.019755244255066
3154,2021-10-31 10:10:05,516199,12.023637294769287
3155,2021-10-31 10:10:28,516199,12.113209962844849
3156,2021-10-31 10:10:48,516199,12.181984782218933
3157,2021-10-31 10:10:56,516199,12.060389518737793
3158,2021-10-31 11:10:09,516199,12.008427381515503
3159,2021-10-31 11:10:13,516199,12.098180055618286
3160,2021-10-31 11:10:15,516199,12.241474986076355
3161,2021-10-31 11:10:32,516199,12.131742238998413
3162,2021-10-31 11:10:39,516199,12.153902649879456
3163,2021-10-31 11:10:41,516199,11.976200342178345
3164,2021-10-31 11:10:43,516199,12.018247842788696
3165,2021-11-01 12:11:14,516199,12.03565239906311
3166,2021-11-01 12:11:18,516199,11.97621762752533
3167,2021-11-01 12:11:45,516199,12.08865761756897
3168,2021-11-01 06:11:30,516207,12.230890393257141
3169,2021-11-01 07:11:32,516207,12.214187979698181
3170,2021-11-01 01:11:25,516217,12.15559720993042
3171,2021-11-01 01:11:43,516217,11.8209969997406
3172,2021-11-01 04:11:08,516217,11.990927457809448
3173,2021-11-01 11:11:22,516217,11.671169996261597
3174,2021-11-01 11:11:29,516217,12.143932580947876
3175,2021-11-01 11:11:34,516217,12.033737897872925
3176,2021-11-01 11:11:39,516217,11.897872686386108
3177,2021-11-01 11:11:47,516217,12.103482484817505
3178,2021-11-01 11:11:55,516217,12.161779999732971
3179,2021-11-01 12:11:08,516217,11.849817633628845
3180,2021-11-01 12:11:17,516217,12.146472334861755
3181,2021-11-01 12:11:27,516217,12.042365074157715
3182,2021-11-01 12:11:56,516217,11.893925070762634
3183,2021-11-01 03:11:17,516219,12.166865468025208
3184,2021-11-01 04:11:04,516219,11.960219740867615
3185,2021-11-01 05:11:34,516219,12.163095474243164
3186,2021-11-01 05:11:40,516219,12.010222673416138
3187,2021-11-01 05:11:46,516219,11.832789778709412
3188,2021-11-01 06:11:40,516219,12.08394467830658
3189,2021-11-01 05:11:27,516221,12.121502757072449
3190,2021-11-01 07:11:04,516221,12.099524736404419
3191,2021-11-01 07:11:35,516221,12.155655026435852
3192,2021-11-01 07:11:44,516221,11.983304619789124
3193,2021-11-01 06:11:29,516222,12.181875109672546
3194,2021-11-01 07:11:29,516222,12.098232507705688
3195,2021-11-01 10:11:43,516223,11.825850009918213
3196,2021-11-01 11:11:11,516223,11.932242512702942
3197,2021-11-02 01:11:04,516223,12.26178765296936
3198,2021-11-02 03:11:52,516223,11.955102682113647
3199,2021-11-02 12:11:19,516223,11.863507628440857
3200,2021-11-02 12:11:39,516223,12.043907642364502
3201,2021-11-02 03:11:22,516224,12.076690196990967
3202,2021-11-02 05:11:53,516224,12.105497121810913
3203,2021-11-02 06:11:07,516225,12.04912543296814
3204,2021-11-02 07:11:35,516225,12.222047448158264
3205,2021-11-02 08:11:29,516225,11.86835765838623
3206,2021-11-02 08:11:35,516225,12.204375267028809
3207,2021-11-02 06:11:56,516226,11.95497989654541
3208,2021-11-02 08:11:51,516226,12.116890549659729
3209,2021-11-02 10:11:09,516227,12.095327377319336
3210,2021-11-02 10:11:42,516227,12.119160294532776
3211,2021-11-02 11:11:34,516227,11.807129979133606
3212,2021-11-02 11:11:38,516227,12.167959809303284
3213,2021-11-02 12:11:09,516227,12.087542414665222
3214,2021-11-02 12:11:14,516227,12.089417576789856
3215,2021-11-02 01:11:09,516228,12.147504687309265
3216,2021-11-02 01:11:20,516228,12.159940004348755
3217,2021-11-02 01:11:50,516228,12.030357122421265
3218,2021-11-02 02:11:18,516228,12.191535234451294
3219,2021-11-02 02:11:32,516228,12.190377712249756
3220,2021-11-02 02:11:35,516228,12.070130109786987
3221,2021-11-02 03:11:06,516228,12.170395255088806
3222,2021-11-02 03:11:57,516228,12.215250134468079
3223,2021-11-02 05:11:27,516228,12.101510167121887
3224,2021-11-02 12:11:05,516228,12.100967168807983
3225,2021-11-02 12:11:49,516228,12.143799662590027
3226,2021-11-02 12:11:54,516228,12.09784984588623
3227,2021-11-02 01:11:25,516229,12.214264869689941
3228,2021-11-02 01:11:58,516229,12.092687487602234
3229,2021-11-02 02:11:29,516229,12.129745483398438
3230,2021-11-02 02:11:50,516229,11.983259916305542
3231,2021-11-02 03:11:14,516229,12.014162540435791
3232,2021-11-02 03:11:29,516229,12.048165202140808
3233,2021-11-02 03:11:39,516229,12.168312668800354
3234,2021-11-02 03:11:44,516229,12.08279013633728
3235,2021-11-02 03:11:51,516229,12.051259875297546
3236,2021-11-02 04:11:10,516229,12.274872660636902
3237,2021-11-02 04:11:12,516229,12.027915120124817
3238,2021-11-02 04:11:37,516229,12.190160155296326
3239,2021-11-02 04:11:43,516229,12.212782502174377
3240,2021-11-02 04:11:47,516229,12.071040272712708
3241,2021-11-02 05:11:05,516229,12.176462411880493
3242,2021-11-02 05:11:37,516229,12.108237743377686
3243,2021-11-02 06:11:23,516229,12.119489908218384
3244,2021-11-02 05:11:52,516231,12.081944942474365
3245,2021-11-02 06:11:46,516231,12.053580284118652
3246,2021-11-02 06:11:31,516232,12.267659902572632
3247,2021-11-02 06:11:31,516232,12.269480228424072
3248,2021-11-02 07:11:13,516232,12.077297568321228
3249,2021-11-02 07:11:14,516232,12.242692112922668
3250,2021-11-02 07:11:17,516232,12.074089646339417
3251,2021-11-02 07:11:42,516232,11.991450190544128
3252,2021-11-02 07:11:50,516232,12.104347348213196
3253,2021-11-02 08:11:20,516232,12.062360048294067
3254,2021-11-02 08:11:20,516232,12.086170315742493
3255,2021-11-02 08:11:24,516232,12.102627754211426
3256,2021-11-02 08:11:28,516232,11.978397965431213
3257,2021-11-02 08:11:49,516232,12.156874537467957
3258,2021-11-02 08:11:59,516232,11.983145475387573
3259,2021-11-02 09:11:18,516232,12.079347372055054
3260,2021-11-02 09:11:24,516232,11.947102546691895
3261,2021-11-02 09:11:45,516232,12.025397419929504
3262,2021-11-02 09:11:50,516232,12.152162194252014
3263,2021-11-02 10:11:02,516232,11.951097249984741
3264,2021-11-02 10:11:15,516232,12.071524858474731
3265,2021-11-02 10:11:17,516232,12.190859913825989
3266,2021-11-02 10:11:22,516232,12.058154940605164
3267,2021-11-02 10:11:32,516232,12.186315059661865
3268,2021-11-02 10:11:47,516232,12.122837901115417
3269,2021-11-02 10:11:59,516232,12.319074869155884
3270,2021-11-02 11:11:31,516232,12.20683753490448
3271,2021-11-02 11:11:36,516232,12.039550542831421
3272,2021-11-02 10:11:00,516233,11.89816951751709
3273,2021-11-02 11:11:06,516233,12.238635420799255
3274,2021-11-03 01:11:05,516233,12.176892757415771
3275,2021-11-03 01:11:35,516233,12.02545702457428
3276,2021-11-03 01:11:13,516236,12.1085923910141
3277,2021-11-03 01:11:47,516236,11.986222267150879
3278,2021-11-03 02:11:48,516237,12.106127738952637
3279,2021-11-03 12:11:04,516237,11.80265486240387
3280,2021-11-03 01:11:04,516239,12.111707925796509
3281,2021-11-03 02:11:36,516239,12.120797038078308
3282,2021-11-03 02:11:54,516239,11.988954544067383
3283,2021-11-03 12:11:37,516239,12.17545211315155
3284,2021-11-03 05:11:18,516243,12.269154787063599
3285,2021-11-03 05:11:20,516243,12.067847847938538
3286,2021-11-03 06:11:34,516243,12.042772769927979
3287,2021-11-03 06:11:51,516243,12.089934945106506
3288,2021-11-03 07:11:31,516243,11.994012594223022
3289,2021-11-03 07:11:39,516243,12.267562747001648
3290,2021-11-03 06:11:22,516244,11.948115229606628
3291,2021-11-03 07:11:06,516244,12.024247646331787
3292,2021-11-03 07:11:24,516244,12.124922275543213
3293,2021-11-03 07:11:30,516244,11.980465054512024
3294,2021-11-03 08:11:28,516244,12.12250530719757
3295,2021-11-03 08:11:35,516244,12.135207653045654
3296,2021-11-03 09:11:49,516244,12.010740041732788
3297,2021-11-03 10:11:30,516244,12.096927165985107
3298,2021-11-03 11:11:34,516244,11.951992511749268
3299,2021-11-03 01:11:10,516245,12.103532552719116
3300,2021-11-03 01:11:29,516245,11.990972757339478
3301,2021-11-03 10:11:54,516245,11.956409811973572
3302,2021-11-03 11:11:29,516245,12.141750454902649
3303,2021-11-03 12:11:40,516245,12.011404633522034
3304,2021-11-03 12:11:46,516245,12.18248724937439
3305,2021-11-03 02:11:38,516246,12.086142301559448
3306,2021-11-03 02:11:07,516247,12.038240432739258
3307,2021-11-03 02:11:18,516247,12.295652627944946
3308,2021-11-03 03:11:02,516247,12.085875272750854
3309,2021-11-03 02:11:46,516248,12.08140254020691
3310,2021-11-03 03:11:52,516248,12.276135087013245
3311,2021-11-03 03:11:55,516248,11.868150234222412
3312,2021-11-03 04:11:08,516248,11.975427269935608
3313,2021-11-03 05:11:57,516248,12.075390219688416
3314,2021-11-03 04:11:12,516249,12.057164907455444
3315,2021-11-03 04:11:14,516249,12.174805402755737
3316,2021-11-03 04:11:45,516249,12.2300523519516
3317,2021-11-03 05:11:02,516249,12.116674780845642
3318,2021-11-03 05:11:06,516249,12.07224726676941
3319,2021-11-03 04:11:07,516250,12.35933244228363
3320,2021-11-03 06:11:45,516250,12.183972597122192
3321,2021-11-03 05:11:20,516251,11.945127248764038
3322,2021-11-03 05:11:20,516251,12.302209734916687
3323,2021-11-03 06:11:49,516251,12.307087182998657
3324,2021-11-03 05:11:02,516252,12.019160389900208
3325,2021-11-03 06:11:49,516252,12.089204788208008
3326,2021-11-03 07:11:29,516252,12.017245292663574
3327,2021-11-03 06:11:23,516253,12.253345251083374
3328,2021-11-03 06:11:37,516253,12.135022282600403
3329,2021-11-03 06:11:52,516253,11.986294984817505
3330,2021-11-03 09:11:21,516254,12.006575465202332
3331,2021-11-03 09:11:27,516254,12.27202296257019
3332,2021-11-03 09:11:29,516254,12.169109582901001
3333,2021-11-03 09:11:54,516254,12.087212800979614
3334,2021-11-03 10:11:02,516254,12.026724815368652
3335,2021-11-03 10:11:12,516254,12.042934894561768
3336,2021-11-03 10:11:24,516254,12.176032662391663
3337,2021-11-03 10:11:38,516256,11.960579752922058
3338,2021-11-03 11:11:13,516256,11.974337697029114
3339,2021-11-04 01:11:27,516258,12.090405225753784
3340,2021-11-04 01:11:36,516258,12.104074954986572
3341,2021-11-04 12:11:26,516258,12.210387587547302
3342,2021-11-04 12:11:46,516258,12.002447843551636
3343,2021-11-04 04:11:01,516262,11.982239484786987
3344,2021-11-04 04:11:28,516262,12.07423746585846
3345,2021-11-04 06:11:11,516262,12.13268756866455
3346,2021-11-04 06:11:21,516262,11.940017342567444
3347,2021-11-04 05:11:52,516263,12.052565217018127
3348,2021-11-04 06:11:04,516263,12.265369892120361
3349,2021-11-04 06:11:00,516264,12.129822373390198
3350,2021-11-04 06:11:19,516264,11.967809796333313
3351,2021-11-04 07:11:42,516264,12.021881937980652
3352,2021-11-04 07:11:43,516264,11.978712677955627
3353,2021-11-04 07:11:53,516264,12.391345500946045
3354,2021-11-04 08:11:19,516264,12.237895131111145
3355,2021-11-04 07:11:00,516265,12.032204866409302
3356,2021-11-04 08:11:14,516267,11.9650399684906
3357,2021-11-04 08:11:26,516267,12.179822325706482
3358,2021-11-04 08:11:44,516267,12.235386967658997
3359,2021-11-04 09:11:08,516267,12.0186448097229
3360,2021-11-04 09:11:17,516267,12.097084522247314
3361,2021-11-04 09:11:29,516267,12.191547751426697
3362,2021-11-04 10:11:12,516267,12.020955085754395
3363,2021-11-04 10:11:31,516267,12.345240116119385
3364,2021-11-04 09:11:19,516268,12.130072712898254
3365,2021-11-04 10:11:23,516268,12.07294762134552
3366,2021-11-04 10:11:11,516270,12.288815379142761
3367,2021-11-04 11:11:39,516270,12.066754698753357
3368,2021-11-04 12:11:38,516270,11.934162378311157
3369,2021-11-04 12:11:40,516270,12.124077677726746
3370,2021-11-04 12:11:59,516270,12.073655128479004
3371,2021-11-04 01:11:16,516271,12.0338374376297
3372,2021-11-04 12:11:26,516271,11.989980340003967
3373,2021-11-04 01:11:45,516272,12.150465250015259
3374,2021-11-04 01:11:45,516272,12.311179637908936
3375,2021-11-04 01:11:55,516272,12.187060117721558
3376,2021-11-04 03:11:33,516272,12.126862406730652
3377,2021-11-04 03:11:44,516272,12.110565304756165
3378,2021-11-04 06:11:47,516272,12.147705554962158
3379,2021-11-04 04:11:24,516274,11.928487420082092
3380,2021-11-04 06:11:08,516274,12.066785097122192
3381,2021-11-04 06:11:36,516274,12.082302570343018
3382,2021-11-04 07:11:00,516274,11.964659690856934
3383,2021-11-04 07:11:21,516275,12.016260027885437
3384,2021-11-04 07:11:26,516275,12.149465084075928
3385,2021-11-04 07:11:59,516275,11.962970495223999
3386,2021-11-04 08:11:38,516275,12.058709859848022
3387,2021-11-05 01:11:29,516275,12.041544914245605
3388,2021-11-05 01:11:52,516275,11.89455509185791
3389,2021-11-05 05:11:04,516275,12.084887623786926
3390,2021-11-05 04:11:52,516276,12.161397933959961
3391,2021-11-05 05:11:07,516278,12.198020219802856
3392,2021-11-05 05:11:23,516278,12.034727334976196
3393,2021-11-05 06:11:00,516278,12.1535724401474
3394,2021-11-05 07:11:05,516278,12.116850018501282
3395,2021-11-05 07:11:39,516278,12.084500193595886
3396,2021-11-05 06:11:56,516279,12.310877442359924
3397,2021-11-05 10:11:04,516281,11.86123013496399
3398,2021-11-05 11:11:44,516281,12.096329927444458
3399,2021-11-05 12:11:43,516281,12.069937586784363
3400,2021-11-05 12:11:44,516281,12.014529705047607
3401,2021-11-05 01:11:53,516282,11.882495284080505
3402,2021-11-05 01:11:56,516282,11.92057490348816
3403,2021-11-05 04:11:32,516282,11.83179259300232
3404,2021-11-05 01:11:51,516284,11.943854689598083
3405,2021-11-05 04:11:09,516284,12.096572518348694
3406,2021-11-05 01:11:35,516285,11.909884810447693
3407,2021-11-05 03:11:53,516285,12.234334945678711
3408,2021-11-05 04:11:00,516285,12.055282592773438
3409,2021-11-05 01:11:41,516286,12.174067497253418
3410,2021-11-05 02:11:43,516286,12.076845169067383
3411,2021-11-05 02:11:49,516286,12.136647701263428
3412,2021-11-05 05:11:30,516286,12.179369926452637
3413,2021-11-05 05:11:53,516286,12.165897488594055
3414,2021-11-05 03:11:38,516290,12.064909934997559
3415,2021-11-05 03:11:58,516290,12.13928759098053
3416,2021-11-05 05:11:01,516290,11.848344802856445
3417,2021-11-05 02:11:10,516292,12.034105062484741
3418,2021-11-05 02:11:33,516292,12.060617804527283
3419,2021-11-05 02:11:51,516292,12.105730175971985
3420,2021-11-05 03:11:29,516292,12.29976773262024
3421,2021-11-05 04:11:05,516292,11.926090121269226
3422,2021-11-05 07:11:05,516292,11.984027624130249
3423,2021-11-05 07:11:10,516292,12.095857858657837
3424,2021-11-05 07:11:24,516292,12.053410410881042
3425,2021-11-05 07:11:40,516292,12.036272883415222
3426,2021-11-05 07:11:59,516292,11.958249807357788
3427,2021-11-05 08:11:21,516292,12.264869809150696
3428,2021-11-05 08:11:44,516292,12.169885039329529
3429,2021-11-05 08:11:51,516292,12.167569994926453
3430,2021-11-05 08:11:55,516292,12.0797199010849
3431,2021-11-05 09:11:29,516292,11.982054710388184
3432,2021-11-05 10:11:58,516292,11.827685236930847
3433,2021-11-05 11:11:09,516292,12.096555233001709
3434,2021-11-05 11:11:23,516292,11.859235167503357
3435,2021-11-05 03:11:40,516293,12.156540155410767
3436,2021-11-05 08:11:13,516293,11.890302896499634
3437,2021-11-05 08:11:58,516293,12.204500436782837
3438,2021-11-05 09:11:50,516293,12.151557803153992
3439,2021-11-06 12:11:15,516293,11.994679570198059
3440,2021-11-05 03:11:11,516294,12.106695175170898
3441,2021-11-05 10:11:29,516294,12.180395126342773
3442,2021-11-05 10:11:39,516294,12.173552513122559
3443,2021-11-05 11:11:02,516294,12.129935026168823
3444,2021-11-05 11:11:19,516294,12.12699294090271
3445,2021-11-06 01:11:53,516294,12.024675011634827
3446,2021-11-06 01:11:56,516294,12.144027948379517
3447,2021-11-06 02:11:13,516294,12.261067628860474
3448,2021-11-06 02:11:39,516294,11.942492127418518
3449,2021-11-06 03:11:28,516294,12.196530103683472
3450,2021-11-06 12:11:04,516294,12.018822431564331
3451,2021-11-06 12:11:48,516294,12.139074802398682
3452,2021-11-06 12:11:50,516294,12.14377760887146
3453,2021-11-06 02:11:20,516295,12.042497396469116
3454,2021-11-06 02:11:29,516295,12.140134572982788
3455,2021-11-06 02:11:56,516296,12.087427377700806
3456,2021-11-06 03:11:01,516296,12.175057530403137
3457,2021-11-06 03:11:08,516296,11.990413069725037
3458,2021-11-06 04:11:18,516296,11.996657848358154
3459,2021-11-06 04:11:48,516296,12.100794911384583
3460,2021-11-06 04:11:50,516296,12.096407413482666
3461,2021-11-06 03:11:24,516298,12.06129014492035
3462,2021-11-06 04:11:19,516299,11.944872736930847
3463,2021-11-06 04:11:50,516300,11.890842914581299
3464,2021-11-06 05:11:05,516300,11.987067461013794
3465,2021-11-06 06:11:51,516301,12.210990190505981
3466,2021-11-06 07:11:27,516301,12.269337177276611
3467,2021-11-06 07:11:31,516301,12.045392394065857
3468,2021-11-06 08:11:13,516301,12.190839648246765
3469,2021-11-06 07:11:10,516302,12.086135149002075
3470,2021-11-06 08:11:01,516304,12.140142917633057
3471,2021-11-06 08:11:59,516304,12.25932002067566
3472,2021-11-06 09:11:38,516304,12.133142352104187
3473,2021-11-06 09:11:20,516308,12.24611759185791
3474,2021-11-06 09:11:30,516308,11.986704468727112
3475,2021-11-06 09:11:30,516313,11.930495500564575
3476,2021-11-06 10:11:44,516316,12.121610045433044
3477,2021-11-06 11:11:26,516318,12.067269682884216
3478,2021-11-06 12:11:57,516318,11.89346969127655
3479,2021-11-07 01:11:24,516322,12.249314785003662
3480,2021-11-07 04:11:25,516322,12.148749828338623
3481,2021-11-07 05:11:17,516322,12.080572843551636
3482,2021-11-07 10:11:03,516322,12.22288966178894
3483,2021-11-07 11:11:45,516322,12.019912600517273
3484,2021-11-07 12:11:04,516322,12.039167284965515
3485,2021-11-07 02:11:58,516323,12.060900330543518
3486,2021-11-07 03:11:48,516323,12.129244804382324
3487,2021-11-07 07:11:36,516326,12.191925048828125
3488,2021-11-07 08:11:09,516326,12.073259949684143
3489,2021-11-07 09:11:13,516326,11.98721468448639
3490,2021-11-08 03:11:27,516326,11.828925013542175
3491,2021-11-08 04:11:07,516326,12.05485224723816
3492,2021-11-08 04:11:56,516326,12.02452540397644
3493,2021-11-08 05:11:09,516326,11.920575499534607
3494,2021-11-08 05:11:23,516326,12.022635340690613
3495,2021-11-08 05:11:51,516326,12.115432620048523
3496,2021-11-08 06:11:01,516326,12.135655283927917
3497,2021-11-08 06:11:31,516326,11.843717694282532
3498,2021-11-08 06:11:41,516326,12.18754529953003
3499,2021-11-08 07:11:00,516326,12.220730185508728
3500,2021-11-08 07:11:15,516326,12.106847763061523
3501,2021-11-08 07:11:34,516326,12.360502481460571
3502,2021-11-08 07:11:40,516326,12.088637948036194
3503,2021-11-08 08:11:09,516326,12.116842269897461
3504,2021-11-08 08:11:13,516326,12.202897071838379
3505,2021-11-08 08:11:44,516326,12.20324993133545
3506,2021-11-08 08:11:45,516326,12.092792391777039
3507,2021-11-08 08:11:55,516326,12.300347685813904
3508,2021-11-08 09:11:19,516326,12.021307349205017
3509,2021-11-08 09:11:23,516326,12.193397283554077
3510,2021-11-08 09:11:23,516326,12.019020318984985
3511,2021-11-08 09:11:49,516326,12.224992513656616
3512,2021-11-08 10:11:13,516326,11.951717138290405
3513,2021-11-08 10:11:16,516326,12.087357640266418
3514,2021-11-08 10:11:39,516326,12.108652591705322
3515,2021-11-08 10:11:10,516327,12.079649567604065
3516,2021-11-08 01:11:15,516328,11.885449886322021
3517,2021-11-08 02:11:50,516328,11.580005288124084
3518,2021-11-08 11:11:10,516328,12.261349558830261
3519,2021-11-08 12:11:57,516328,11.61628007888794
3520,2021-11-08 01:11:15,516329,11.761802434921265
3521,2021-11-08 01:11:55,516329,12.053237557411194
3522,2021-11-08 01:11:46,516330,11.97419285774231
3523,2021-11-08 02:11:08,516330,11.731682419776917
3524,2021-11-08 02:11:25,516330,11.612517833709717
3525,2021-11-08 03:11:12,516330,11.610972285270691
3526,2021-11-08 04:11:54,516330,11.688140034675598
3527,2021-11-08 04:11:57,516330,11.625850200653076
3528,2021-11-08 04:11:57,516330,11.661807894706726
3529,2021-11-08 03:11:24,516332,11.662759780883789
3530,2021-11-08 03:11:41,516332,11.768684983253479
3531,2021-11-08 03:11:43,516332,11.614002585411072
3532,2021-11-08 04:11:39,516332,11.676850318908691
3533,2021-11-08 05:11:12,516332,11.641950011253357
3534,2021-11-08 05:11:47,516332,11.569769978523254
3535,2021-11-08 03:11:58,516333,11.700197458267212
3536,2021-11-08 04:11:35,516333,11.551597714424133
3537,2021-11-08 04:11:39,516334,11.651549935340881
3538,2021-11-08 05:11:29,516334,11.626762747764587
3539,2021-11-08 06:11:59,516335,11.711792349815369
3540,2021-11-08 06:11:09,516336,11.706100106239319
3541,2021-11-08 06:11:27,516336,11.592314839363098
3542,2021-11-08 06:11:28,516336,11.706774830818176
3543,2021-11-08 07:11:13,516336,11.593739986419678
3544,2021-11-08 07:11:17,516336,11.725659966468811
3545,2021-11-08 07:11:30,516336,11.748342514038086
3546,2021-11-08 07:11:34,516336,11.80438756942749
3547,2021-11-08 08:11:00,516336,11.59296989440918
3548,2021-11-08 08:11:08,516336,11.765474677085876
3549,2021-11-08 08:11:32,516336,11.714897155761719
3550,2021-11-08 07:11:21,516338,11.701152920722961
3551,2021-11-08 07:11:25,516338,11.672765016555786
3552,2021-11-08 07:11:34,516338,11.66022002696991
3553,2021-11-08 07:11:41,516338,11.629974842071533
3554,2021-11-08 07:11:53,516338,11.57833993434906
3555,2021-11-08 08:11:06,516338,11.73403024673462
3556,2021-11-08 08:11:37,516338,11.64385735988617
3557,2021-11-08 08:11:54,516340,11.670269966125488
3558,2021-11-08 09:11:36,516340,11.727602481842041
3559,2021-11-08 10:11:10,516340,11.714900135993958
3560,2021-11-08 11:11:30,516340,11.64161741733551
3561,2021-11-08 11:11:51,516340,11.704447269439697
3562,2021-11-09 12:11:07,516340,11.423677802085876
3563,2021-11-09 12:11:48,516340,11.725727319717407
3564,2021-11-08 11:11:04,516343,11.817062497138977
3565,2021-11-08 11:11:22,516343,11.70087993144989
3566,2021-11-08 11:11:51,516345,11.628707647323608
3567,2021-11-09 02:11:08,516349,11.803617477416992
3568,2021-11-09 03:11:34,516349,11.690030097961426
3569,2021-11-09 03:11:54,516349,11.816357374191284
3570,2021-11-09 04:11:16,516349,11.698512434959412
3571,2021-11-09 04:11:25,516349,11.649614572525024
3572,2021-11-09 07:11:06,516349,11.683760285377502
3573,2021-11-09 07:11:10,516349,11.728444695472717
3574,2021-11-09 07:11:23,516349,11.744179725646973
3575,2021-11-09 08:11:20,516349,11.716395020484924
3576,2021-11-09 08:11:41,516349,11.665307879447937
3577,2021-11-09 09:11:10,516349,11.55360758304596
3578,2021-11-09 09:11:19,516349,11.711704730987549
3579,2021-11-09 08:11:40,516350,11.676160097122192
3580,2021-11-09 09:11:55,516350,11.736890077590942
3581,2021-11-09 09:11:57,516350,11.724244952201843
3582,2021-11-09 10:11:12,516350,11.719457507133484
3583,2021-11-09 10:11:31,516350,11.621297597885132
3584,2021-11-09 01:11:23,516351,11.526470184326172
3585,2021-11-09 01:11:47,516351,11.892783045768738
3586,2021-11-09 01:11:49,516351,11.662027835845947
3587,2021-11-09 02:11:17,516351,11.659217476844788
3588,2021-11-09 02:11:29,516351,11.627097725868225
3589,2021-11-09 02:11:30,516351,11.827202439308167
3590,2021-11-09 02:11:51,516351,11.70179545879364
3591,2021-11-09 03:11:11,516351,11.655834913253784
3592,2021-11-09 04:11:20,516351,11.71926498413086
3593,2021-11-09 12:11:05,516351,11.594412326812744
3594,2021-11-09 12:11:09,516351,11.710402369499207
3595,2021-11-09 03:11:28,516352,11.699422597885132
3596,2021-11-09 03:11:16,516353,11.666319966316223
3597,2021-11-09 03:11:27,516353,11.757844686508179
3598,2021-11-09 05:11:42,516353,11.68046236038208
3599,2021-11-09 05:11:42,516353,11.527372598648071
3600,2021-11-09 06:11:18,516353,11.664347648620605
3601,2021-11-09 06:11:34,516353,11.626390218734741
3602,2021-11-09 06:11:36,516353,11.636887192726135
3603,2021-11-09 06:11:37,516353,11.824225187301636
3604,2021-11-09 06:11:46,516353,11.675940155982971
3605,2021-11-09 05:11:43,516356,11.729574799537659
3606,2021-11-09 07:11:01,516356,11.72556757926941
3607,2021-11-09 07:11:36,516358,11.60065770149231
3608,2021-11-09 07:11:30,516359,11.756347417831421
3609,2021-11-09 08:11:09,516359,11.7189222574234
3610,2021-11-09 08:11:19,516359,11.642764806747437
3611,2021-11-09 09:11:12,516359,11.855829954147339
3612,2021-11-09 09:11:13,516359,11.58279001712799
3613,2021-11-09 09:11:54,516359,11.514129638671875
3614,2021-11-09 11:11:02,516359,11.722317934036255
3615,2021-11-09 11:11:40,516359,11.613624691963196
3616,2021-11-09 11:11:43,516359,11.730219721794128
3617,2021-11-09 11:11:14,516361,11.580824851989746
3618,2021-11-10 01:11:53,516361,11.724485158920288
3619,2021-11-10 02:11:42,516362,11.766847968101501
3620,2021-11-10 12:11:12,516362,11.69172465801239
3621,2021-11-10 12:11:15,516363,11.657515168190002
3622,2021-11-10 03:11:06,516365,11.57320499420166
3623,2021-11-10 04:11:29,516365,11.84736967086792
3624,2021-11-10 05:11:58,516368,11.800447702407837
3625,2021-11-10 08:11:21,516371,11.77741527557373
3626,2021-11-10 09:11:26,516371,11.686187386512756
3627,2021-11-10 09:11:32,516372,11.621072888374329
3628,2021-11-10 09:11:42,516372,11.695167422294617
3629,2021-11-10 10:11:11,516372,11.820987462997437
3630,2021-11-10 10:11:07,516374,11.720577478408813
3631,2021-11-10 11:11:08,516374,11.661317348480225
3632,2021-11-10 12:11:29,516374,11.705855131149292
3633,2021-11-10 12:11:39,516374,11.856455206871033
3634,2021-11-10 01:11:00,516375,11.569189429283142
3635,2021-11-10 01:11:34,516375,11.729472279548645
3636,2021-11-10 12:11:02,516375,11.804994940757751
3637,2021-11-10 12:11:21,516375,11.801555156707764
3638,2021-11-10 01:11:39,516376,11.743040084838867
3639,2021-11-10 01:11:54,516376,11.798034906387329
3640,2021-11-10 02:11:31,516376,11.935952305793762
3641,2021-11-10 01:11:04,516377,11.90206527709961
3642,2021-11-10 02:11:07,516377,11.674860119819641
3643,2021-11-10 02:11:16,516377,11.62900984287262
3644,2021-11-10 02:11:30,516377,11.687507629394531
3645,2021-11-10 03:11:09,516377,11.744632720947266
3646,2021-11-10 03:11:46,516377,11.604847311973572
3647,2021-11-10 03:11:05,516378,11.692500114440918
3648,2021-11-10 03:11:55,516379,11.653145551681519
3649,2021-11-10 04:11:44,516379,11.634413003921509
3650,2021-11-10 04:11:15,516380,11.913659572601318
3651,2021-11-10 05:11:01,516380,11.684595346450806
3652,2021-11-10 05:11:50,516380,11.744555234909058
3653,2021-11-10 06:11:45,516380,11.73471212387085
3654,2021-11-10 05:11:47,516381,11.931442618370056
3655,2021-11-10 05:11:58,516381,11.794177293777466
3656,2021-11-10 06:11:00,516381,11.789215207099915
3657,2021-11-10 06:11:07,516381,11.653735041618347
3658,2021-11-10 06:11:10,516381,11.654899716377258
3659,2021-11-10 07:11:37,516381,11.723679900169373
3660,2021-11-10 07:11:37,516382,11.72384262084961
3661,2021-11-10 08:11:46,516382,11.731390357017517
3662,2021-11-10 08:11:04,516383,11.683819890022278
3663,2021-11-10 08:11:48,516383,11.822632551193237
3664,2021-11-10 09:11:01,516383,11.70717716217041
3665,2021-11-10 09:11:34,516383,11.928924918174744
3666,2021-11-10 10:11:16,516383,11.758007407188416
3667,2021-11-10 10:11:37,516383,11.776309609413147
3668,2021-11-11 04:11:01,516383,11.611122488975525
3669,2021-11-11 04:11:06,516383,11.711297035217285
3670,2021-11-11 04:11:13,516383,11.520875096321106
3671,2021-11-11 04:11:45,516383,11.671894788742065
3672,2021-11-10 09:11:28,516385,11.88319742679596
3673,2021-11-10 09:11:35,516385,11.752797365188599
3674,2021-11-10 09:11:57,516385,11.704654693603516
3675,2021-11-10 10:11:16,516385,11.727837324142456
3676,2021-11-10 10:11:00,516386,11.664860248565674
3677,2021-11-10 10:11:20,516386,11.75470769405365
3678,2021-11-10 10:11:28,516386,11.729942560195923
3679,2021-11-10 11:11:13,516386,11.987282037734985
3680,2021-11-10 11:11:24,516386,11.741740107536316
3681,2021-11-11 01:11:35,516386,11.533734798431396
3682,2021-11-11 12:11:51,516386,11.784974932670593
3683,2021-11-10 11:11:59,516387,11.897832155227661
3684,2021-11-11 01:11:39,516387,11.853330135345459
3685,2021-11-11 02:11:00,516387,11.816842555999756
3686,2021-11-11 12:11:11,516387,11.7075777053833
3687,2021-11-11 01:11:16,516390,11.967580318450928
3688,2021-11-11 02:11:15,516390,11.80545449256897
3689,2021-11-11 01:11:45,516391,11.878229975700378
3690,2021-11-11 02:11:15,516391,11.69220745563507
3691,2021-11-11 02:11:41,516392,11.787177324295044
3692,2021-11-11 02:11:43,516392,12.016452550888062
3693,2021-11-11 03:11:45,516392,11.81138277053833
3694,2021-11-11 03:11:46,516392,11.804405450820923
3695,2021-11-11 06:11:17,516397,11.846225261688232
3696,2021-11-11 07:11:59,516397,11.773407459259033
3697,2021-11-11 06:11:29,516398,11.829229593276978
3698,2021-11-11 06:11:54,516398,11.645002365112305
3699,2021-11-11 07:11:48,516399,11.940789818763733
3700,2021-11-11 09:11:47,516399,11.704150438308716
3701,2021-11-11 09:11:07,516400,11.890287399291992
3702,2021-11-11 10:11:36,516400,11.658767461776733
3703,2021-11-11 10:11:02,516401,11.860242486000061
3704,2021-11-11 10:11:32,516401,11.737592816352844
3705,2021-11-11 11:11:16,516401,11.783682703971863
3706,2021-11-11 11:11:45,516401,11.758975386619568
3707,2021-11-11 12:11:01,516401,11.695329546928406
3708,2021-11-11 12:11:35,516401,11.724290251731873
3709,2021-11-11 10:11:50,516402,11.833325028419495
3710,2021-11-11 12:11:22,516402,11.628837585449219
3711,2021-11-11 11:11:16,516403,11.836815476417542
3712,2021-11-11 12:11:13,516403,11.77990972995758
3713,2021-11-11 12:11:30,516403,11.934527158737183
3714,2021-11-11 01:11:50,516404,11.773942708969116
3715,2021-11-11 02:11:04,516404,11.73757016658783
3716,2021-11-11 02:11:06,516404,11.868425011634827
3717,2021-11-11 02:11:19,516404,11.82075023651123
3718,2021-11-11 02:11:31,516404,11.725035309791565
3719,2021-11-11 02:11:35,516404,11.7509526014328
3720,2021-11-11 02:11:48,516404,11.770697236061096
3721,2021-11-11 02:11:49,516404,11.808785200119019
3722,2021-11-11 12:11:06,516404,11.708855032920837
3723,2021-11-11 12:11:10,516404,11.897750496864319
3724,2021-11-11 12:11:21,516404,11.848865151405334
3725,2021-11-11 01:11:32,516405,11.986572742462158
3726,2021-11-11 01:11:43,516405,11.832087635993958
3727,2021-11-11 02:11:27,516405,11.760932803153992
3728,2021-11-11 03:11:40,516405,11.821972727775574
3729,2021-11-11 02:11:14,516406,11.716382503509521
3730,2021-11-11 02:11:41,516406,11.9623202085495
3731,2021-11-11 03:11:54,516406,11.811575293540955
3732,2021-11-11 03:11:28,516408,11.81065022945404
3733,2021-11-11 03:11:40,516408,11.772295236587524
3734,2021-11-11 03:11:50,516408,11.860302686691284
3735,2021-11-11 04:11:02,516408,11.68888509273529
3736,2021-11-11 05:11:28,516408,11.791080236434937
3737,2021-11-11 06:11:30,516408,11.74559235572815
3738,2021-11-11 06:11:49,516408,11.73408031463623
3739,2021-11-11 11:11:00,516408,11.729262471199036
3740,2021-11-11 11:11:03,516408,11.817952990531921
3741,2021-11-11 11:11:26,516408,11.65560245513916
3742,2021-11-12 01:11:31,516408,11.810592412948608
3743,2021-11-11 04:11:36,516409,11.773302555084229
3744,2021-11-11 05:11:36,516409,11.705702543258667
3745,2021-11-11 05:11:50,516411,11.926102638244629
3746,2021-11-11 05:11:52,516411,11.897305250167847
3747,2021-11-11 06:11:55,516411,11.618457436561584
3748,2021-11-11 07:11:08,516411,11.85027539730072
3749,2021-11-11 05:11:06,516412,11.876012086868286
3750,2021-11-11 06:11:04,516412,11.872289776802063
3751,2021-11-11 06:11:20,516412,11.89494252204895
3752,2021-11-11 07:11:20,516412,11.811127662658691
3753,2021-11-11 06:11:30,516413,11.857174634933472
3754,2021-11-11 07:11:25,516413,11.853795051574707
3755,2021-11-11 08:11:51,516413,11.78242802619934
3756,2021-11-11 09:11:26,516413,11.715424656867981
3757,2021-11-11 07:11:47,516414,11.852180361747742
3758,2021-11-11 09:11:19,516414,11.766682863235474
3759,2021-11-11 10:11:11,516414,11.777487397193909
3760,2021-11-11 11:11:29,516414,11.816934943199158
3761,2021-11-11 08:11:45,516415,11.843087673187256
3762,2021-11-11 10:11:08,516415,11.939297318458557
3763,2021-11-11 10:11:58,516415,11.795292496681213
3764,2021-11-11 11:11:17,516415,11.929455399513245
3765,2021-11-11 11:11:57,516415,11.846092343330383
3766,2021-11-12 12:11:36,516415,11.761335134506226
3767,2021-11-12 01:11:45,516416,11.844307780265808
3768,2021-11-12 12:11:54,516416,11.935737133026123
3769,2021-11-12 01:11:55,516419,11.904907822608948
3770,2021-11-12 02:11:06,516419,12.019047737121582
3771,2021-11-12 01:11:01,516420,11.772267818450928
3772,2021-11-12 02:11:00,516420,11.857697367668152
3773,2021-11-12 02:11:09,516421,11.84112012386322
3774,2021-11-12 02:11:46,516421,11.898415088653564
3775,2021-11-12 03:11:07,516421,11.863872408866882
3776,2021-11-12 06:11:07,516424,11.84823751449585
3777,2021-11-12 06:11:14,516424,11.846732497215271
3778,2021-11-12 07:11:10,516424,11.72461748123169
3779,2021-11-12 08:11:20,516424,11.830902695655823
3780,2021-11-12 09:11:54,516424,11.900609731674194
3781,2021-11-12 07:11:16,516425,11.876159906387329
3782,2021-11-12 09:11:11,516426,11.860812902450562
3783,2021-11-12 10:11:22,516426,11.754944920539856
3784,2021-11-12 10:11:30,516426,11.850537657737732
3785,2021-11-12 10:11:33,516426,11.827617883682251
3786,2021-11-12 11:11:03,516426,11.750747561454773
3787,2021-11-12 11:11:25,516426,11.918960213661194
3788,2021-11-12 11:11:54,516426,11.870662569999695
3789,2021-11-12 11:11:57,516426,11.794264912605286
3790,2021-11-12 01:11:05,516427,11.922205090522766
3791,2021-11-12 01:11:18,516427,11.887127757072449
3792,2021-11-12 01:11:28,516427,11.83140516281128
3793,2021-11-12 01:11:47,516427,11.77775263786316
3794,2021-11-12 01:11:51,516427,11.731692552566528
3795,2021-11-12 01:11:58,516427,11.823785305023193
3796,2021-11-12 10:11:00,516427,11.887917518615723
3797,2021-11-12 11:11:20,516427,11.850510239601135
3798,2021-11-12 12:11:12,516427,11.788679957389832
3799,2021-11-12 12:11:12,516427,11.777577996253967
3800,2021-11-12 12:11:20,516427,11.870265007019043
3801,2021-11-12 12:11:24,516427,11.98558509349823
3802,2021-11-12 12:11:47,516427,11.862817406654358
3803,2021-11-12 12:11:48,516427,11.846632361412048
3804,2021-11-12 12:11:57,516427,11.877995133399963
3805,2021-11-12 01:11:09,516428,11.922377347946167
3806,2021-11-12 01:11:11,516428,11.873937845230103
3807,2021-11-12 01:11:35,516428,11.944902539253235
3808,2021-11-12 01:11:45,516428,11.884725093841553
3809,2021-11-12 02:11:40,516428,11.971175074577332
3810,2021-11-12 02:11:45,516428,11.79790198802948
3811,2021-11-12 03:11:05,516428,11.868617534637451
3812,2021-11-12 03:11:10,516428,11.826509833335876
3813,2021-11-12 03:11:36,516428,11.793055534362793
3814,2021-11-12 03:11:44,516428,11.992607712745667
3815,2021-11-12 04:11:31,516428,11.748374700546265
3816,2021-11-12 04:11:50,516428,11.893730163574219
3817,2021-11-12 03:11:05,516429,11.875745058059692
3818,2021-11-12 03:11:06,516429,11.811062693595886
3819,2021-11-12 03:11:20,516429,11.895537376403809
3820,2021-11-12 04:11:15,516429,11.906964778900146
3821,2021-11-12 04:11:18,516429,11.838027238845825
3822,2021-11-12 05:11:00,516429,11.838297247886658
3823,2021-11-12 05:11:26,516429,11.695927381515503
3824,2021-11-12 05:11:53,516429,11.813629865646362
3825,2021-11-12 04:11:12,516430,11.950107216835022
3826,2021-11-12 04:11:51,516430,11.889507174491882
3827,2021-11-12 05:11:27,516430,11.796715259552002
3828,2021-11-12 05:11:42,516430,11.834325194358826
3829,2021-11-12 04:11:41,516431,11.94522738456726
3830,2021-11-12 05:11:41,516431,11.720152497291565
3831,2021-11-12 06:11:21,516433,11.743197441101074
3832,2021-11-12 07:11:18,516433,11.895652413368225
3833,2021-11-12 06:11:16,516434,11.831327676773071
3834,2021-11-12 08:11:11,516434,11.894717812538147
3835,2021-11-12 07:11:18,516436,11.853887438774109
3836,2021-11-12 07:11:59,516436,11.822052597999573
3837,2021-11-12 09:11:24,516436,11.88518762588501
3838,2021-11-12 10:11:32,516436,12.016944885253906
3839,2021-11-12 10:11:50,516436,11.726597547531128
3840,2021-11-12 08:11:18,516437,11.753957271575928
3841,2021-11-12 08:11:36,516437,11.95726990699768
3842,2021-11-12 08:11:43,516437,11.794164776802063
3843,2021-11-12 10:11:25,516437,11.679287552833557
3844,2021-11-12 11:11:04,516437,11.862370371818542
3845,2021-11-12 11:11:26,516437,11.763907670974731
3846,2021-11-12 11:11:46,516437,11.751959919929504
3847,2021-11-12 10:11:28,516440,11.94547951221466
3848,2021-11-12 10:11:36,516440,11.737017631530762
3849,2021-11-13 01:11:09,516440,11.907489895820618
3850,2021-11-13 12:11:23,516440,11.817509531974792
3851,2021-11-13 01:11:22,516447,11.935617327690125
3852,2021-11-13 02:11:05,516447,11.878857612609863
3853,2021-11-13 02:11:15,516448,11.789020299911499
3854,2021-11-13 04:11:43,516448,11.779782176017761
3855,2021-11-13 02:11:44,516453,11.830617785453796
3856,2021-11-13 03:11:17,516453,11.731129884719849
3857,2021-11-13 04:11:00,516453,11.866127848625183
3858,2021-11-13 04:11:12,516453,11.82553231716156
3859,2021-11-13 06:11:33,516453,12.014752626419067
3860,2021-11-13 07:11:04,516453,11.789297461509705
3861,2021-11-13 09:11:13,516453,11.910409927368164
3862,2021-11-13 10:11:18,516453,11.946607828140259
3863,2021-11-14 04:11:29,516453,12.014489769935608
3864,2021-11-14 05:11:01,516453,11.926822662353516
3865,2021-11-14 03:11:48,516456,11.8875652551651
3866,2021-11-14 07:11:48,516456,11.809622645378113
3867,2021-11-15 04:11:14,516456,11.777005195617676
3868,2021-11-15 04:11:18,516456,11.788827776908875
3869,2021-11-15 05:11:39,516456,11.876965165138245
3870,2021-11-15 05:11:48,516456,11.851156949996948
3871,2021-11-15 06:11:27,516456,11.769205331802368
3872,2021-11-15 06:11:38,516456,11.951942443847656
3873,2021-11-15 06:11:41,516456,11.846412420272827
3874,2021-11-15 06:11:48,516456,11.809465289115906
3875,2021-11-15 07:11:37,516456,11.809660196304321
3876,2021-11-15 07:11:42,516456,11.727840304374695
3877,2021-11-15 07:11:51,516456,11.856277585029602
3878,2021-11-15 07:11:54,516456,11.923537850379944
3879,2021-11-15 07:11:54,516456,11.84173047542572
3880,2021-11-15 07:11:57,516456,11.719127297401428
3881,2021-11-15 08:11:17,516456,11.943894624710083
3882,2021-11-15 08:11:18,516456,11.878462433815002
3883,2021-11-15 08:11:39,516456,11.80149257183075
3884,2021-11-15 08:11:39,516456,11.898797154426575
3885,2021-11-15 08:11:47,516456,11.781784892082214
3886,2021-11-15 08:11:59,516456,11.82130753993988
3887,2021-11-15 08:11:59,516456,11.83230996131897
3888,2021-11-15 08:11:15,516458,11.852005124092102
3889,2021-11-15 08:11:18,516458,11.910060048103333
3890,2021-11-15 09:11:03,516458,11.826927661895752
3891,2021-11-15 09:11:24,516458,11.871944665908813
3892,2021-11-15 09:11:53,516458,11.888310313224792
3893,2021-11-15 10:11:31,516458,11.971989870071411
3894,2021-11-15 10:11:44,516458,11.963437795639038
3895,2021-11-15 11:11:11,516459,11.870729923248291
3896,2021-11-15 11:11:46,516459,11.823142766952515
3897,2021-11-15 11:11:56,516459,11.913907527923584
3898,2021-11-15 12:11:09,516459,11.901219487190247
3899,2021-11-15 12:11:17,516459,11.978834867477417
3900,2021-11-15 01:11:11,516460,11.83817982673645
3901,2021-11-15 01:11:29,516460,12.000592350959778
3902,2021-11-15 01:11:56,516460,11.661990284919739
3903,2021-11-15 02:11:28,516460,11.90236508846283
3904,2021-11-15 02:11:29,516460,11.935985088348389
3905,2021-11-15 02:11:39,516460,11.84508204460144
3906,2021-11-15 02:11:58,516460,11.774110198020935
3907,2021-11-15 03:11:53,516460,11.891130208969116
3908,2021-11-15 12:11:01,516460,11.956472396850586
3909,2021-11-15 12:11:57,516460,11.869094967842102
3910,2021-11-15 01:11:15,516461,11.93038284778595
3911,2021-11-15 01:11:45,516461,11.916339993476868
3912,2021-11-15 01:11:47,516461,12.006099820137024
3913,2021-11-15 02:11:17,516461,11.966735124588013
3914,2021-11-15 02:11:27,516461,11.929790377616882
3915,2021-11-15 02:11:37,516461,11.974760293960571
3916,2021-11-15 02:11:51,516461,11.7912095785141
3917,2021-11-15 02:11:53,516461,11.98420763015747
3918,2021-11-15 02:11:23,516462,11.91428005695343
3919,2021-11-15 02:11:36,516462,11.909217834472656
3920,2021-11-15 02:11:42,516462,11.813002824783325
3921,2021-11-15 03:11:02,516462,11.841122508049011
3922,2021-11-15 03:11:35,516462,11.864259839057922
3923,2021-11-15 03:11:48,516462,11.833982467651367
3924,2021-11-15 04:11:08,516462,11.961784958839417
3925,2021-11-15 04:11:29,516462,11.71046793460846
3926,2021-11-15 04:11:30,516462,11.90310001373291
3927,2021-11-15 04:11:31,516462,11.999412178993225
3928,2021-11-15 04:11:32,516462,11.965849995613098
3929,2021-11-15 04:11:34,516462,11.657342314720154
3930,2021-11-15 04:11:40,516462,11.894100308418274
3931,2021-11-15 05:11:22,516462,11.868897676467896
3932,2021-11-15 05:11:51,516462,11.923415064811707
3933,2021-11-15 05:11:57,516462,11.77865743637085
3934,2021-11-17 01:11:04,516462,11.970762610435486
3935,2021-11-17 01:11:05,516462,12.043964862823486
3936,2021-11-17 01:11:07,516462,11.894592046737671
3937,2021-11-17 01:11:41,516462,11.888319849967957
3938,2021-11-15 04:11:38,516463,11.734012365341187
3939,2021-11-15 04:11:39,516463,11.932100057601929
3940,2021-11-15 05:11:06,516463,12.027779817581177
3941,2021-11-15 06:11:55,516463,11.878175139427185
3942,2021-11-15 04:11:58,516464,12.028149962425232
3943,2021-11-15 05:11:11,516464,12.009825110435486
3944,2021-11-15 06:11:18,516464,11.902797818183899
3945,2021-11-15 06:11:27,516464,11.81047797203064
3946,2021-11-15 05:11:07,516466,11.92079782485962
3947,2021-11-15 06:11:22,516466,12.016899585723877
3948,2021-11-15 07:11:24,516467,11.966697573661804
3949,2021-11-15 07:11:47,516467,11.931237578392029
3950,2021-11-15 08:11:40,516467,11.864157319068909
3951,2021-11-15 08:11:59,516467,11.895010471343994
3952,2021-11-15 09:11:04,516467,11.717612743377686
3953,2021-11-15 09:11:29,516467,11.863672733306885
3954,2021-11-15 09:11:39,516467,12.024275064468384
3955,2021-11-15 09:11:57,516467,11.90297245979309
3956,2021-11-15 07:11:50,516468,11.974294781684875
3957,2021-11-15 09:11:33,516468,11.858157515525818
3958,2021-11-15 07:11:18,516469,11.950899958610535
3959,2021-11-15 08:11:33,516469,11.96045994758606
3960,2021-11-15 09:11:05,516469,11.742557883262634
3961,2021-11-15 09:11:06,516469,11.85811996459961
3962,2021-11-15 10:11:45,516469,11.994524598121643
3963,2021-11-15 10:11:52,516469,11.873167157173157
3964,2021-11-15 09:11:52,516472,11.891162395477295
3965,2021-11-15 10:11:47,516472,11.854807138442993
3966,2021-11-16 04:11:03,516480,11.866004467010498
3967,2021-11-16 06:11:48,516480,11.847659945487976
3968,2021-11-16 07:11:06,516480,11.920832395553589
3969,2021-11-16 07:11:28,516480,11.854428052902222
3970,2021-11-16 07:11:47,516480,11.98000967502594
3971,2021-11-16 08:11:09,516480,11.764320135116577
3972,2021-11-16 08:11:36,516480,11.776407361030579
3973,2021-11-16 08:11:37,516480,11.946982145309448
3974,2021-11-16 08:11:47,516480,11.643325090408325
3975,2021-11-16 08:11:19,516481,11.907649636268616
3976,2021-11-16 08:11:59,516481,11.896615028381348
3977,2021-11-16 09:11:19,516481,11.787077784538269
3978,2021-11-16 09:11:51,516481,11.803097128868103
3979,2021-11-16 10:11:36,516481,11.725672483444214
3980,2021-11-16 10:11:55,516481,11.984710097312927
3981,2021-11-16 10:11:59,516481,11.910472512245178
3982,2021-11-16 11:11:25,516481,11.918797492980957
3983,2021-11-16 11:11:35,516481,12.042325139045715
3984,2021-11-16 01:11:13,516485,12.081692814826965
3985,2021-11-16 01:11:28,516485,11.86192512512207
3986,2021-11-16 01:11:49,516485,11.851642727851868
3987,2021-11-16 01:11:58,516485,11.811525225639343
3988,2021-11-16 02:11:00,516485,11.69375479221344
3989,2021-11-16 02:11:04,516485,11.945134997367859
3990,2021-11-16 02:11:05,516485,11.942272186279297
3991,2021-11-16 02:11:07,516485,11.894314885139465
3992,2021-11-16 02:11:14,516485,11.903197765350342
3993,2021-11-16 02:11:26,516485,11.969317197799683
3994,2021-11-16 02:11:33,516485,11.800135374069214
3995,2021-11-16 02:11:48,516485,11.58905029296875
3996,2021-11-16 03:11:02,516485,11.86394453048706
3997,2021-11-16 03:11:03,516485,11.772252321243286
3998,2021-11-16 03:11:07,516485,11.902934908866882
3999,2021-11-16 03:11:20,516485,11.765699982643127
4000,2021-11-16 03:11:41,516485,11.844635009765625
4001,2021-11-16 03:11:49,516485,11.948840022087097
4002,2021-11-16 04:11:12,516485,11.68602466583252
4003,2021-11-16 04:11:13,516485,11.82466983795166
4004,2021-11-16 04:11:59,516485,11.736827492713928
4005,2021-11-16 05:11:06,516485,11.812857389450073
4006,2021-11-16 05:11:12,516485,11.79553508758545
4007,2021-11-16 05:11:26,516485,11.715584993362427
4008,2021-11-16 05:11:38,516485,11.933792233467102
4009,2021-11-16 05:11:41,516485,11.703100204467773
4010,2021-11-16 06:11:19,516485,11.971492171287537
4011,2021-11-16 11:11:16,516485,11.946577429771423
4012,2021-11-16 11:11:31,516485,11.651390194892883
4013,2021-11-16 12:11:22,516485,11.750932931900024
4014,2021-11-16 12:11:23,516485,11.819982528686523
4015,2021-11-16 12:11:43,516485,11.822044849395752
4016,2021-11-16 12:11:47,516485,11.896582841873169
4017,2021-11-16 12:11:55,516485,11.740577220916748
4018,2021-11-16 06:11:29,516487,11.943267583847046
4019,2021-11-16 06:11:40,516487,12.066837549209595
4020,2021-11-16 07:11:38,516487,11.869290471076965
4021,2021-11-16 07:11:42,516487,11.89510464668274
4022,2021-11-16 09:11:30,516487,11.868039965629578
4023,2021-11-16 09:11:45,516487,11.928054690361023
4024,2021-11-17 01:11:00,516487,11.983754634857178
4025,2021-11-17 01:11:34,516487,11.854979991912842
4026,2021-11-17 01:11:47,516487,11.730072498321533
4027,2021-11-17 01:11:58,516487,11.804537773132324
4028,2021-11-16 08:11:47,516488,11.872497200965881
4029,2021-11-16 09:11:32,516488,11.727072596549988
4030,2021-11-16 10:11:22,516488,11.967179775238037
4031,2021-11-16 10:11:45,516488,11.8590646982193
4032,2021-11-17 01:11:06,516488,11.90539538860321
4033,2021-11-17 01:11:10,516488,11.838747262954712
4034,2021-11-17 01:11:13,516488,11.847919821739197
4035,2021-11-17 01:11:42,516488,11.976232528686523
4036,2021-11-16 09:11:54,516489,11.73359215259552
4037,2021-11-16 10:11:29,516489,11.883407831192017
4038,2021-11-16 11:11:35,516489,11.751362681388855
4039,2021-11-16 10:11:33,516490,11.91897988319397
4040,2021-11-16 11:11:02,516490,11.697142720222473
4041,2021-11-16 11:11:29,516490,12.030550241470337
4042,2021-11-17 12:11:21,516490,11.83778464794159
4043,2021-11-17 12:11:57,516490,11.864927411079407
4044,2021-11-17 01:11:22,516493,11.987382173538208
4045,2021-11-17 12:11:49,516493,12.099432349205017
4046,2021-11-17 01:11:47,516494,11.830467581748962
4047,2021-11-17 04:11:38,516494,11.950682401657104
4048,2021-11-17 02:11:05,516495,11.952742338180542
4049,2021-11-17 04:11:23,516495,11.831247210502625
4050,2021-11-17 05:11:25,516497,11.828089952468872
4051,2021-11-17 06:11:21,516497,11.782999634742737
4052,2021-11-17 05:11:27,516498,11.884512901306152
4053,2021-11-17 05:11:35,516498,11.924282312393188
4054,2021-11-17 06:11:15,516498,11.825079917907715
4055,2021-11-17 06:11:56,516498,11.910464763641357
4056,2021-11-17 05:11:32,516499,11.850295066833496
4057,2021-11-17 05:11:39,516499,12.065067291259766
4058,2021-11-17 06:11:00,516499,11.904197335243225
4059,2021-11-17 06:11:52,516499,11.86905026435852
4060,2021-11-17 06:11:52,516499,11.946367621421814
4061,2021-11-17 07:11:09,516499,11.941282749176025
4062,2021-11-17 07:11:19,516499,12.008405327796936
4063,2021-11-17 07:11:29,516499,12.083929777145386
4064,2021-11-17 06:11:29,516500,11.815142035484314
4065,2021-11-17 07:11:01,516500,11.876282691955566
4066,2021-11-17 07:11:37,516500,12.03159749507904
4067,2021-11-17 07:11:44,516500,11.873080134391785
4068,2021-11-17 07:11:51,516500,11.765232682228088
4069,2021-11-17 08:11:22,516500,11.696547269821167
4070,2021-11-17 08:11:32,516500,11.811942458152771
4071,2021-11-17 08:11:50,516500,11.906235218048096
4072,2021-11-17 09:11:21,516500,11.837480068206787
4073,2021-11-17 09:11:28,516500,11.781970262527466
4074,2021-11-17 09:11:40,516500,11.745215058326721
4075,2021-11-17 09:11:45,516500,11.908547282218933
4076,2021-11-17 01:11:58,516503,12.06578254699707
4077,2021-11-17 02:11:01,516503,11.820072531700134
4078,2021-11-17 02:11:42,516503,11.86597466468811
4079,2021-11-17 02:11:43,516503,11.68861985206604
4080,2021-11-17 02:11:58,516503,11.816715002059937
4081,2021-11-17 03:11:00,516503,11.924937963485718
4082,2021-11-17 04:11:38,516503,11.92135214805603
4083,2021-11-17 04:11:41,516503,11.806445121765137
4084,2021-11-17 05:11:37,516503,11.965007185935974
4085,2021-11-17 06:11:51,516503,12.020432949066162
4086,2021-11-17 07:11:41,516503,11.827015280723572
4087,2021-11-17 07:11:53,516503,11.914582252502441
4088,2021-11-17 08:11:05,516503,11.97630226612091
4089,2021-11-17 08:11:55,516503,11.59607470035553
4090,2021-11-17 09:11:03,516503,11.937087178230286
4091,2021-11-17 09:11:29,516503,11.891040205955505
4092,2021-11-17 09:11:42,516503,11.842609643936157
4093,2021-11-17 09:11:58,516503,11.880729794502258
4094,2021-11-17 12:11:51,516503,11.934177279472351
4095,2021-11-17 12:11:52,516503,12.076429724693298
4096,2021-11-18 03:11:01,516503,12.016002535820007
4097,2021-11-18 03:11:19,516503,11.872650384902954
4098,2021-11-18 03:11:42,516503,11.920869946479797
4099,2021-11-18 04:11:42,516503,12.008902430534363
4100,2021-11-19 09:11:38,516503,11.87327265739441
4101,2021-11-20 12:11:03,516503,12.007944583892822
4102,2021-11-18 06:11:33,516507,12.046477794647217
4103,2021-11-18 04:11:46,516509,11.964150071144104
4104,2021-11-19 10:11:50,516510,12.007279992103577
4105,2021-11-19 12:11:17,516510,11.871035099029541
4106,2021-11-18 03:11:23,516511,11.744624972343445
4107,2021-11-18 05:11:02,516511,11.879284977912903
4108,2021-11-18 06:11:19,516511,11.791880130767822
4109,2021-11-18 06:11:34,516511,11.90051019191742
4110,2021-11-18 06:11:59,516511,11.881250143051147
4111,2021-11-18 07:11:29,516511,11.901360154151917
4112,2021-11-18 07:11:39,516511,11.937419772148132
4113,2021-11-19 01:11:35,516511,12.006497383117676
4114,2021-11-19 07:11:21,516511,12.022202014923096
4115,2021-11-19 10:11:04,516511,12.008047699928284
4116,2021-11-19 10:11:09,516511,11.661702394485474
4117,2021-11-19 12:11:26,516511,12.097389698028564
4118,2021-11-18 05:11:17,516512,11.926617622375488
4119,2021-11-18 06:11:42,516512,12.08641529083252
4120,2021-11-19 10:11:50,516512,12.046529650688171
4121,2021-11-18 06:11:06,516517,11.936677694320679
4122,2021-11-19 01:11:04,516518,11.973224878311157
4123,2021-11-19 01:11:53,516518,11.810035109519958
4124,2021-11-19 04:11:42,516518,11.74075722694397
4125,2021-11-19 05:11:04,516518,11.889662742614746
4126,2021-11-19 05:11:30,516518,12.146562337875366
4127,2021-11-19 05:11:50,516518,11.672685146331787
4128,2021-11-19 07:11:25,516518,11.960546970367432
4129,2021-11-19 08:11:24,516518,11.720705032348633
4130,2021-11-19 08:11:30,516518,11.951504945755005
4131,2021-11-19 09:11:23,516518,12.047345042228699
4132,2021-11-19 09:11:26,516518,11.899355053901672
4133,2021-11-19 09:11:49,516518,12.100780010223389
4134,2021-11-19 10:11:13,516518,11.878874897956848
4135,2021-11-19 10:11:28,516518,11.89390778541565
4136,2021-11-19 10:11:33,516518,11.812774538993835
4137,2021-11-19 10:11:37,516518,11.825372576713562
4138,2021-11-19 10:11:41,516518,11.724082827568054
4139,2021-11-19 10:11:47,516518,11.875667572021484
4140,2021-11-19 11:11:12,516518,11.878112554550171
4141,2021-11-19 11:11:22,516518,11.898862719535828
4142,2021-11-19 11:11:27,516518,11.68827474117279
4143,2021-11-19 11:11:45,516518,11.952569484710693
4144,2021-11-19 11:11:52,516518,11.907509565353394
4145,2021-11-19 12:11:16,516518,11.870527863502502
4146,2021-11-19 02:11:11,516520,12.005242109298706
4147,2021-11-19 02:11:19,516520,11.983885169029236
4148,2021-11-19 02:11:31,516520,11.967262625694275
4149,2021-11-19 02:11:38,516520,11.846109628677368
4150,2021-11-19 02:11:52,516520,11.900142431259155
4151,2021-11-19 03:11:06,516520,11.72643780708313
4152,2021-11-19 03:11:20,516520,11.706492900848389
4153,2021-11-19 04:11:39,516520,11.994194984436035
4154,2021-11-19 05:11:04,516520,12.0507150888443
4155,2021-11-19 05:11:09,516520,11.853722333908081
4156,2021-11-19 05:11:17,516520,11.924537420272827
4157,2021-11-19 05:11:18,516520,11.993337273597717
4158,2021-11-19 05:11:23,516520,12.009045481681824
4159,2021-11-19 05:11:43,516520,11.767387390136719
4160,2021-11-19 06:11:46,516520,11.981237530708313
4161,2021-11-19 06:11:47,516520,11.95813775062561
4162,2021-11-19 07:11:03,516520,11.819692254066467
4163,2021-11-19 08:11:09,516520,11.937927603721619
4164,2021-11-19 08:11:43,516520,11.824512481689453
4165,2021-11-19 09:11:33,516520,11.81655466556549
4166,2021-11-19 10:11:02,516520,11.935577392578125
4167,2021-11-19 10:11:27,516520,11.999709606170654
4168,2021-11-19 10:11:30,516520,12.208447456359863
4169,2021-11-19 10:11:36,516520,11.8892502784729
4170,2021-11-19 10:11:39,516520,11.860357522964478
4171,2021-11-19 10:11:39,516520,11.824707388877869
4172,2021-11-19 10:11:58,516520,11.890770196914673
4173,2021-11-19 11:11:04,516520,11.8767648935318
4174,2021-11-19 12:11:10,516520,11.8632972240448
4175,2021-11-19 12:11:16,516520,12.043440341949463
4176,2021-11-19 12:11:25,516520,11.788384914398193
4177,2021-11-19 12:11:29,516520,11.926272511482239
4178,2021-11-19 12:11:55,516520,11.940747499465942
4179,2021-11-20 12:11:17,516520,11.773014664649963
4180,2021-11-19 01:11:56,516521,11.974972486495972
4181,2021-11-19 02:11:07,516521,12.069407105445862
4182,2021-11-19 06:11:12,516521,11.921112537384033
4183,2021-11-19 06:11:12,516521,11.966039538383484
4184,2021-11-19 06:11:30,516521,11.981342434883118
4185,2021-11-19 08:11:28,516521,11.806817650794983
4186,2021-11-19 08:11:42,516521,11.770747900009155
4187,2021-11-19 08:11:56,516521,12.190619707107544
4188,2021-11-19 11:11:31,516521,11.861734986305237
4189,2021-11-20 02:11:13,516521,12.024537324905396
4190,2021-11-20 02:11:19,516521,12.001645565032959
4191,2021-11-20 02:11:35,516521,11.963019967079163
4192,2021-11-20 03:11:18,516521,12.018017172813416
4193,2021-11-20 03:11:21,516521,11.893355250358582
4194,2021-11-20 03:11:32,516521,11.86689019203186
4195,2021-11-20 03:11:37,516521,11.9245845079422
4196,2021-11-20 03:11:55,516521,11.907204985618591
4197,2021-11-20 04:11:19,516521,11.87034010887146
4198,2021-11-20 04:11:31,516521,11.808662414550781
4199,2021-11-20 05:11:02,516521,11.880290508270264
4200,2021-11-20 05:11:38,516521,11.768682599067688
4201,2021-11-20 05:11:52,516521,11.733487248420715
4202,2021-11-20 06:11:12,516521,11.81275486946106
4203,2021-11-20 06:11:51,516521,12.013869881629944
4204,2021-11-20 12:11:05,516521,12.038919925689697
4205,2021-11-20 12:11:21,516521,11.876570582389832
4206,2021-11-20 12:11:34,516521,11.966500282287598
4207,2021-11-20 12:11:47,516521,11.895744800567627
4208,2021-11-20 05:11:13,516523,12.070285081863403
4209,2021-11-20 07:11:59,516523,11.902132630348206
4210,2021-11-20 05:11:06,516525,12.025065422058105
4211,2021-11-20 06:11:44,516525,11.931227445602417
4212,2021-11-20 06:11:50,516525,11.80814266204834
4213,2021-11-19 10:11:49,516527,11.86204731464386
4214,2021-11-20 06:11:04,516527,11.867807507514954
4215,2021-11-20 07:11:46,516527,11.889435052871704
4216,2021-11-20 07:11:54,516528,11.971452236175537
4217,2021-11-20 08:11:33,516528,11.944289803504944
4218,2021-11-20 07:11:50,516529,11.907212138175964
4219,2021-11-20 07:11:58,516529,12.0309978723526
4220,2021-11-20 08:11:38,516529,11.807969808578491
4221,2021-11-20 08:11:52,516530,11.885927319526672
4222,2021-11-20 09:11:50,516530,11.905787587165833
4223,2021-11-20 02:11:40,516532,11.941232681274414
4224,2021-11-20 03:11:37,516532,11.830509901046753
4225,2021-11-20 09:11:13,516533,12.026415467262268
4226,2021-11-20 09:11:28,516533,12.131459712982178
4227,2021-11-20 10:11:23,516533,12.0700603723526
4228,2021-11-20 10:11:34,516533,11.967145204544067
4229,2021-11-20 09:11:08,516534,11.95389986038208
4230,2021-11-20 10:11:23,516534,11.887982487678528
4231,2021-11-20 09:11:31,516538,11.959123015403748
4232,2021-11-20 10:11:32,516538,11.902072429656982
4233,2021-11-20 01:11:38,516541,11.987362504005432
4234,2021-11-20 02:11:41,516541,11.911467909812927
4235,2021-11-20 02:11:59,516541,11.953717470169067
4236,2021-11-20 03:11:12,516541,11.732712388038635
4237,2021-11-20 03:11:50,516541,11.879655122756958
4238,2021-11-20 12:11:19,516541,11.89740002155304
4239,2021-11-20 11:11:40,516547,11.836499571800232
4240,2021-11-21 12:11:23,516547,11.965022087097168
4241,2021-11-21 03:11:10,516550,12.064282894134521
4242,2021-11-21 04:11:46,516550,11.928674578666687
4243,2021-11-21 05:11:45,516550,11.957967877388
4244,2021-11-21 07:11:00,516550,11.941670179367065
4245,2021-11-21 01:11:13,516551,11.916884779930115
4246,2021-11-21 02:11:46,516551,11.776229739189148
4247,2021-11-21 03:11:06,516551,11.869245171546936
4248,2021-11-21 03:11:12,516551,12.00966477394104
4249,2021-11-21 03:11:45,516551,11.943140029907227
4250,2021-11-21 04:11:04,516551,11.93249225616455
4251,2021-11-21 10:11:10,516556,12.006160020828247
4252,2021-11-22 01:11:19,516556,11.78620994091034
4253,2021-11-22 01:11:50,516556,11.855629682540894
4254,2021-11-22 01:11:53,516556,11.967329978942871
4255,2021-11-22 03:11:59,516556,11.81095004081726
4256,2021-11-22 06:11:58,516556,11.892399787902832
4257,2021-11-22 07:11:24,516556,11.881195306777954
4258,2021-11-22 07:11:50,516556,11.872919797897339
4259,2021-11-22 08:11:03,516556,11.85263216495514
4260,2021-11-22 08:11:17,516556,11.879824995994568
4261,2021-11-22 09:11:42,516556,11.930975317955017
4262,2021-11-22 08:11:19,516557,11.986122727394104
4263,2021-11-22 08:11:35,516557,11.779595017433167
4264,2021-11-22 09:11:15,516557,11.992459893226624
4265,2021-11-22 04:11:26,516558,11.958832144737244
4266,2021-11-22 08:11:09,516558,11.79570734500885
4267,2021-11-22 09:11:04,516558,11.949920058250427
4268,2021-11-22 09:11:21,516558,12.118537425994873
4269,2021-11-22 10:11:51,516558,11.672412753105164
4270,2021-11-22 11:11:43,516558,11.997470259666443
4271,2021-11-22 11:11:53,516558,12.091589570045471
4272,2021-11-22 12:11:23,516558,11.953399777412415
4273,2021-11-22 04:11:11,516559,11.847727298736572
4274,2021-11-22 04:11:29,516559,11.814540028572083
4275,2021-11-22 12:11:23,516559,11.796562671661377
4276,2021-11-22 05:11:46,516561,12.179965376853943
4277,2021-11-22 07:11:17,516561,11.853107810020447
4278,2021-11-22 05:11:17,516562,12.027097344398499
4279,2021-11-22 05:11:41,516562,11.856147050857544
4280,2021-11-22 05:11:45,516562,12.039995193481445
4281,2021-11-22 08:11:23,516562,11.879099607467651
4282,2021-11-22 08:11:46,516562,11.871222853660583
4283,2021-11-22 09:11:08,516562,11.878265142440796
4284,2021-11-22 09:11:42,516562,11.96284532546997
4285,2021-11-22 07:11:03,516564,12.31444239616394
4286,2021-11-22 07:11:21,516564,12.125679850578308
4287,2021-11-22 09:11:19,516564,12.004437446594238
4288,2021-11-22 09:11:33,516564,11.815962195396423
4289,2021-11-22 10:11:14,516564,11.839972138404846
4290,2021-11-22 10:11:34,516564,11.995009779930115
4291,2021-11-22 07:11:06,516565,11.945192813873291
4292,2021-11-22 07:11:38,516565,11.985307335853577
4293,2021-11-22 10:11:04,516565,11.928377747535706
4294,2021-11-22 08:11:57,516567,11.90206527709961
4295,2021-11-22 11:11:27,516567,12.079872488975525
4296,2021-11-22 11:11:28,516567,11.896522641181946
4297,2021-11-23 12:11:50,516567,11.953747272491455
4298,2021-11-22 07:11:50,516569,12.061859965324402
4299,2021-11-22 08:11:08,516569,11.894519925117493
4300,2021-11-23 12:11:15,516569,11.862130165100098
4301,2021-11-23 12:11:27,516569,12.080612778663635
4302,2021-11-23 12:11:52,516569,11.802327632904053
4303,2021-11-22 11:11:42,516570,11.918439865112305
4304,2021-11-23 12:11:48,516570,11.823949813842773
4305,2021-11-22 11:11:45,516571,11.903722286224365
4306,2021-11-23 01:11:15,516571,11.793867349624634
4307,2021-11-23 01:11:36,516571,11.814852356910706
4308,2021-11-23 12:11:10,516571,11.957597732543945
4309,2021-11-23 12:11:20,516571,11.934502124786377
4310,2021-11-23 12:11:34,516571,11.973920464515686
4311,2021-11-22 09:11:57,516572,11.69582724571228
4312,2021-11-22 11:11:26,516572,11.893202662467957
4313,2021-11-23 01:11:05,516573,11.864222288131714
4314,2021-11-23 01:11:51,516573,11.898852586746216
4315,2021-11-23 02:11:09,516573,11.84249758720398
4316,2021-11-23 02:11:30,516573,11.851797699928284
4317,2021-11-23 01:11:35,516574,11.900432109832764
4318,2021-11-23 03:11:42,516574,11.858910322189331
4319,2021-11-23 01:11:11,516575,11.911819577217102
4320,2021-11-23 02:11:19,516576,12.029687762260437
4321,2021-11-23 06:11:27,516576,12.059747576713562
4322,2021-11-23 06:11:41,516576,12.012609839439392
4323,2021-11-23 03:11:58,516578,11.958694458007812
4324,2021-11-23 05:11:19,516578,11.973094940185547
4325,2021-11-23 06:11:32,516578,11.738757491111755
4326,2021-11-23 06:11:34,516579,11.802129745483398
4327,2021-11-23 06:11:39,516579,12.138630151748657
4328,2021-11-23 06:11:39,516579,11.91203236579895
4329,2021-11-23 06:11:45,516579,11.982522010803223
4330,2021-11-23 07:11:18,516579,12.003284692764282
4331,2021-11-23 07:11:30,516579,11.931589841842651
4332,2021-11-23 08:11:02,516579,11.947442889213562
4333,2021-11-23 08:11:39,516579,11.836349964141846
4334,2021-11-23 10:11:48,516582,11.889609694480896
4335,2021-11-23 01:11:00,516583,11.881152391433716
4336,2021-11-23 02:11:39,516583,11.863352060317993
4337,2021-11-23 10:11:34,516583,12.037155032157898
4338,2021-11-23 10:11:55,516583,11.69492483139038
4339,2021-11-23 11:11:00,516583,11.824645400047302
4340,2021-11-23 11:11:17,516583,12.067020535469055
4341,2021-11-23 11:11:25,516583,12.04200267791748
4342,2021-11-23 11:11:28,516583,11.906469464302063
4343,2021-11-23 12:11:19,516583,11.896124482154846
4344,2021-11-23 12:11:22,516583,11.999315023422241
4345,2021-11-23 12:11:35,516583,11.885167360305786
4346,2021-11-23 12:11:37,516583,11.70714259147644
4347,2021-11-23 12:11:56,516583,11.851657629013062
4348,2021-11-23 01:11:20,516585,11.944207549095154
4349,2021-11-23 02:11:45,516585,11.950595378875732
4350,2021-11-23 03:11:52,516585,11.867980360984802
4351,2021-11-23 02:11:12,516586,11.872094869613647
4352,2021-11-23 02:11:18,516586,11.941797137260437
4353,2021-11-23 03:11:04,516586,11.899940371513367
4354,2021-11-23 04:11:22,516586,11.925632357597351
4355,2021-11-23 04:11:13,516588,12.043407559394836
4356,2021-11-23 05:11:25,516588,12.156372666358948
4357,2021-11-23 06:11:00,516588,11.791185140609741
4358,2021-11-23 06:11:20,516588,11.9911128282547
4359,2021-11-23 05:11:13,516589,11.886125206947327
4360,2021-11-23 06:11:35,516590,11.944990158081055
4361,2021-11-23 07:11:50,516590,11.934547424316406
4362,2021-11-23 08:11:01,516590,11.884344816207886
4363,2021-11-23 08:11:18,516590,11.934202313423157
4364,2021-11-23 06:11:29,516592,11.997172236442566
4365,2021-11-23 11:11:07,516592,12.000284790992737
4366,2021-11-23 08:11:12,516593,12.17083752155304
4367,2021-11-23 09:11:00,516593,12.018294930458069
4368,2021-11-23 09:11:16,516593,12.322217226028442
4369,2021-11-23 09:11:21,516593,11.896819472312927
4370,2021-11-23 11:11:44,516593,11.725789904594421
4371,2021-11-23 11:11:42,516594,11.981834769248962
4372,2021-11-23 11:11:49,516594,11.906905174255371
4373,2021-11-24 12:11:03,516594,12.033882737159729
4374,2021-11-24 12:11:33,516594,11.83947503566742
4375,2021-11-23 11:11:59,516596,12.399037480354309
4376,2021-11-24 12:11:27,516596,12.015780210494995
4377,2021-11-23 11:11:40,516598,11.948697566986084
4378,2021-11-24 01:11:59,516598,12.027314901351929
4379,2021-11-24 02:11:10,516604,11.948219537734985
4380,2021-11-24 03:11:06,516604,12.060332298278809
4381,2021-11-24 04:11:21,516604,11.938777565956116
4382,2021-11-24 04:11:46,516604,11.95752501487732
4383,2021-11-24 05:11:14,516605,11.928622722625732
4384,2021-11-24 05:11:33,516605,11.916285157203674
4385,2021-11-24 05:11:37,516605,12.080775499343872
4386,2021-11-24 06:11:08,516605,12.001507878303528
4387,2021-11-24 07:11:05,516605,12.198780179023743
4388,2021-11-24 07:11:11,516605,12.18850553035736
4389,2021-11-24 07:11:28,516605,12.063957452774048
4390,2021-11-24 07:11:38,516605,12.095862627029419
4391,2021-11-24 07:11:49,516605,11.986449956893921
4392,2021-11-24 08:11:28,516605,11.973854899406433
4393,2021-11-24 08:11:31,516605,12.094077467918396
4394,2021-11-24 09:11:39,516605,12.119439840316772
4395,2021-11-24 06:11:56,516606,12.062487602233887
4396,2021-11-24 07:11:17,516606,11.768270134925842
4397,2021-11-24 07:11:49,516606,12.081602811813354
4398,2021-11-24 08:11:09,516606,12.243016958236694
4399,2021-11-24 08:11:52,516606,11.88238263130188
4400,2021-11-24 08:11:57,516606,12.030927538871765
4401,2021-11-24 09:11:21,516606,12.10933268070221
4402,2021-11-24 09:11:45,516606,11.979345083236694
4403,2021-11-24 09:11:56,516606,12.06555962562561
4404,2021-11-24 08:11:19,516608,11.996197700500488
4405,2021-11-24 09:11:06,516608,11.855862736701965
4406,2021-11-24 10:11:24,516608,12.026273012161255
4407,2021-11-24 10:11:57,516608,11.974514722824097
4408,2021-11-24 01:11:23,516609,11.912402510643005
4409,2021-11-24 01:11:35,516609,11.980844736099243
4410,2021-11-24 01:11:44,516609,11.851804852485657
4411,2021-11-24 02:11:15,516609,12.086390256881714
4412,2021-11-24 02:11:29,516609,11.839402914047241
4413,2021-11-24 02:11:33,516609,11.998237371444702
4414,2021-11-24 02:11:35,516609,12.035267353057861
4415,2021-11-24 02:11:49,516609,11.859267354011536
4416,2021-11-24 03:11:49,516609,11.826937198638916
4417,2021-11-24 10:11:38,516609,12.061942219734192
4418,2021-11-24 11:11:34,516609,11.989432573318481
4419,2021-11-24 11:11:40,516609,11.979029774665833
4420,2021-11-24 11:11:42,516609,12.068119645118713
4421,2021-11-24 11:11:45,516609,11.97039783000946
4422,2021-11-24 11:11:57,516609,12.034890055656433
4423,2021-11-24 12:11:01,516609,11.834149956703186
4424,2021-11-24 12:11:11,516609,12.072322368621826
4425,2021-11-24 12:11:44,516609,12.114577889442444
4426,2021-11-24 02:11:17,516610,12.011807560920715
4427,2021-11-24 02:11:57,516610,12.147432565689087
4428,2021-11-24 04:11:07,516610,12.070337533950806
4429,2021-11-24 04:11:15,516610,11.840479969978333
4430,2021-11-24 04:11:23,516610,12.018229961395264
4431,2021-11-24 04:11:58,516610,11.844722032546997
4432,2021-11-24 03:11:22,516611,11.99019193649292
4433,2021-11-24 04:11:58,516611,11.966966986656189
4434,2021-11-24 06:11:10,516611,11.981163024902344
4435,2021-11-24 06:11:41,516612,11.998722553253174
4436,2021-11-24 08:11:41,516612,12.039777040481567
4437,2021-11-24 05:11:15,516613,12.09923267364502
4438,2021-11-24 06:11:00,516613,11.960769891738892
4439,2021-11-24 06:11:26,516613,12.022212147712708
4440,2021-11-24 08:11:32,516613,12.066635489463806
4441,2021-11-24 07:11:19,516615,12.022759914398193
4442,2021-11-24 07:11:33,516615,12.046537399291992
4443,2021-11-24 09:11:53,516615,12.027997970581055
4444,2021-11-24 09:11:06,516616,12.053484916687012
4445,2021-11-24 10:11:54,516617,11.996359825134277
4446,2021-11-24 10:11:06,516618,12.09767997264862
4447,2021-11-24 10:11:12,516618,12.046964764595032
4448,2021-11-24 11:11:34,516619,12.198944687843323
4449,2021-11-24 11:11:55,516619,11.940702199935913
4450,2021-11-25 12:11:46,516619,12.016814947128296
4451,2021-11-25 12:11:57,516619,11.91116750240326
4452,2021-11-24 11:11:29,516620,11.972912549972534
4453,2021-11-25 02:11:47,516620,12.058339715003967
4454,2021-11-25 12:11:44,516620,11.946577429771423
4455,2021-11-25 12:11:46,516620,11.991727352142334
4456,2021-11-25 02:11:46,516624,12.09258496761322
4457,2021-11-25 04:11:36,516624,12.036244869232178
4458,2021-11-25 05:11:18,516628,11.925625205039978
4459,2021-11-25 06:11:58,516628,11.83148205280304
4460,2021-11-25 01:11:43,516630,12.097132205963135
4461,2021-11-25 02:11:29,516630,11.946049928665161
4462,2021-11-25 02:11:34,516630,11.972290277481079
4463,2021-11-25 07:11:06,516630,11.975862383842468
4464,2021-11-25 10:11:59,516630,12.202789783477783
4465,2021-11-25 12:11:12,516630,11.897887587547302
4466,2021-11-25 12:11:14,516630,11.90905749797821
4467,2021-11-25 01:11:14,516632,11.980987787246704
4468,2021-11-25 01:11:36,516632,11.990320086479187
4469,2021-11-25 01:11:36,516632,12.278057336807251
4470,2021-11-25 01:11:45,516632,12.010155320167542
4471,2021-11-25 01:11:51,516632,12.033317685127258
4472,2021-11-25 02:11:03,516632,12.083987593650818
4473,2021-11-25 02:11:11,516632,11.986887454986572
4474,2021-11-25 02:11:22,516632,12.017065286636353
4475,2021-11-25 02:11:47,516632,11.961697340011597
4476,2021-11-25 02:11:58,516632,11.907027959823608
4477,2021-11-25 03:11:14,516632,12.095149755477905
4478,2021-11-25 03:11:19,516632,11.990615129470825
4479,2021-11-25 03:11:28,516632,12.072238326072693
4480,2021-11-25 03:11:30,516632,12.24265456199646
4481,2021-11-25 03:11:55,516632,11.90167486667633
4482,2021-11-25 04:11:07,516632,11.838364601135254
4483,2021-11-25 03:11:08,516633,12.148807644844055
4484,2021-11-25 04:11:26,516634,11.941894888877869
4485,2021-11-25 06:11:03,516634,11.972497701644897
4486,2021-11-25 04:11:58,516635,12.00388491153717
4487,2021-11-25 06:11:18,516635,12.037947177886963
4488,2021-11-25 06:11:47,516635,12.100275158882141
4489,2021-11-25 07:11:53,516635,11.96400761604309
4490,2021-11-25 06:11:25,516638,11.899552345275879
4491,2021-11-25 07:11:05,516638,11.965695023536682
4492,2021-11-25 07:11:52,516638,12.110852599143982
4493,2021-11-25 08:11:33,516638,11.942212581634521
4494,2021-11-25 11:11:09,516638,12.013090252876282
4495,2021-11-25 09:11:36,516640,12.14861512184143
4496,2021-11-25 10:11:56,516640,12.049342393875122
4497,2021-11-25 09:11:02,516641,12.03496515750885
4498,2021-11-25 09:11:31,516641,11.99025273323059
4499,2021-11-25 11:11:06,516641,11.976115107536316
4500,2021-11-25 11:11:13,516641,11.866297721862793
4501,2021-11-26 02:11:58,516641,11.870505213737488
4502,2021-11-26 02:11:47,516642,11.900142431259155
4503,2021-11-26 03:11:33,516642,11.922577619552612
4504,2021-11-26 05:11:22,516642,12.04614520072937
4505,2021-11-26 12:11:44,516642,11.913790106773376
4506,2021-11-26 05:11:02,516645,12.053962349891663
4507,2021-11-26 06:11:08,516645,12.017042636871338
4508,2021-11-26 06:11:11,516645,11.850617527961731
4509,2021-11-26 08:11:29,516645,11.903727650642395
4510,2021-11-26 07:11:20,516648,11.923710107803345
4511,2021-11-26 07:11:49,516648,12.053452134132385
4512,2021-11-26 09:11:43,516648,11.853717565536499
4513,2021-11-26 08:11:55,516649,11.976134777069092
4514,2021-11-26 09:11:01,516651,12.003065347671509
4515,2021-11-26 10:11:12,516651,12.199074625968933
4516,2021-11-26 12:11:50,516651,12.01307475566864
4517,2021-11-26 01:11:35,516652,11.904762387275696
4518,2021-11-26 01:11:37,516652,11.926155090332031
4519,2021-11-26 01:11:57,516652,12.039245367050171
4520,2021-11-26 02:11:12,516652,11.92507266998291
4521,2021-11-26 02:11:18,516652,11.972475051879883
4522,2021-11-26 02:11:21,516652,12.1213698387146
4523,2021-11-26 02:11:23,516652,11.998119950294495
4524,2021-11-26 11:11:37,516652,12.006640434265137
4525,2021-11-26 12:11:18,516652,12.025995254516602
4526,2021-11-26 12:11:21,516652,11.973687410354614
4527,2021-11-26 12:11:27,516652,11.95596992969513
4528,2021-11-26 12:11:59,516652,11.952352523803711
4529,2021-11-26 01:11:28,516653,12.230947613716125
4530,2021-11-26 01:11:40,516653,11.997167468070984
4531,2021-11-26 02:11:05,516653,12.215617895126343
4532,2021-11-26 02:11:13,516653,11.949779987335205
4533,2021-11-26 02:11:46,516653,12.022860050201416
4534,2021-11-26 03:11:16,516653,11.911725401878357
4535,2021-11-26 03:11:50,516653,12.191487550735474
4536,2021-11-26 03:11:57,516653,12.030542492866516
4537,2021-11-26 04:11:13,516653,12.026112079620361
4538,2021-11-26 04:11:01,516654,11.851497292518616
4539,2021-11-26 04:11:36,516654,12.214835286140442
4540,2021-11-26 05:11:13,516654,11.87900960445404
4541,2021-11-26 05:11:17,516654,12.04303503036499
4542,2021-11-26 04:11:41,516655,11.827090382575989
4543,2021-11-26 06:11:37,516655,11.99011743068695
4544,2021-11-26 05:11:02,516658,11.986372470855713
4545,2021-11-26 05:11:22,516658,11.971922516822815
4546,2021-11-26 05:11:38,516658,11.999254822731018
4547,2021-11-26 06:11:56,516658,12.012029886245728
4548,2021-11-26 08:11:30,516658,12.065297365188599
4549,2021-11-26 08:11:30,516658,12.00859546661377
4550,2021-11-26 11:11:20,516658,12.060962319374084
4551,2021-11-26 11:11:23,516658,12.13608980178833
4552,2021-11-27 07:11:04,516658,12.055657505989075
4553,2021-11-27 07:11:13,516658,11.994979977607727
4554,2021-11-27 08:11:59,516658,12.035417556762695
4555,2021-11-28 07:11:49,516658,11.809017658233643
4556,2021-11-26 09:11:38,516663,11.98704719543457
4557,2021-11-26 09:11:45,516664,11.88660740852356
4558,2021-11-26 11:11:28,516664,11.894832253456116
4559,2021-11-27 01:11:18,516664,11.839544773101807
4560,2021-11-27 01:11:20,516664,11.876847743988037
4561,2021-11-27 12:11:41,516664,11.911424994468689
4562,2021-11-26 11:11:42,516666,11.876897811889648
4563,2021-11-27 02:11:19,516666,12.012612223625183
4564,2021-11-27 03:11:17,516666,11.91099464893341
4565,2021-11-27 03:11:37,516666,11.819542646408081
4566,2021-11-27 02:11:38,516669,11.935675144195557
4567,2021-11-27 03:11:55,516669,11.793622970581055
4568,2021-11-27 03:11:32,516670,11.80472731590271
4569,2021-11-27 03:11:29,516671,11.801244616508484
4570,2021-11-27 04:11:37,516671,11.996947526931763
4571,2021-11-27 04:11:54,516671,11.887009739875793
4572,2021-11-27 05:11:13,516671,11.785522103309631
4573,2021-11-27 06:11:25,516671,11.833289861679077
4574,2021-11-28 01:11:50,516676,11.76908016204834
4575,2021-11-28 01:11:52,516676,11.98441207408905
4576,2021-11-28 03:11:28,516676,11.960729956626892
4577,2021-11-29 01:11:34,516682,11.931564807891846
4578,2021-11-29 01:11:42,516682,11.932059526443481
4579,2021-11-29 03:11:49,516682,11.899150013923645
4580,2021-11-29 09:11:45,516682,11.832587718963623
4581,2021-11-30 04:11:15,516682,11.922630071640015
4582,2021-11-30 06:11:38,516682,11.961872577667236
4583,2021-11-29 01:11:57,516683,11.893362402915955
4584,2021-11-29 03:11:43,516683,11.888512372970581
4585,2021-11-29 02:11:35,516684,11.816222667694092
4586,2021-11-29 03:11:22,516684,11.95666491985321
4587,2021-11-29 02:11:42,516685,12.048500180244446
4588,2021-11-29 03:11:55,516685,11.840804815292358
4589,2021-11-29 04:11:16,516685,11.949952840805054
4590,2021-11-29 04:11:20,516685,12.025807499885559
4591,2021-11-29 04:11:20,516685,11.974747776985168
4592,2021-11-29 04:11:52,516685,11.939314603805542
4593,2021-11-29 05:11:04,516685,11.97496473789215
4594,2021-11-29 06:11:08,516685,11.947302222251892
4595,2021-11-29 06:11:10,516685,12.003557085990906
4596,2021-11-29 07:11:03,516685,11.955212354660034
4597,2021-11-29 07:11:04,516685,11.806955337524414
4598,2021-11-29 07:11:13,516685,12.033852338790894
4599,2021-11-29 07:11:13,516685,11.876977682113647
4600,2021-11-29 07:11:17,516685,11.837307810783386
4601,2021-11-29 07:11:41,516685,11.816677451133728
4602,2021-11-29 07:11:45,516685,11.87470018863678
4603,2021-11-29 09:11:05,516685,11.96495234966278
4604,2021-11-29 09:11:50,516685,11.886317729949951
4605,2021-11-29 10:11:23,516685,11.888824701309204
4606,2021-11-29 09:11:01,516687,11.935712099075317
4607,2021-11-29 10:11:09,516687,11.821539998054504
4608,2021-11-29 11:11:29,516687,11.911622285842896
4609,2021-11-29 11:11:40,516687,11.846184730529785
4610,2021-11-30 01:11:43,516688,11.806092858314514
4611,2021-11-30 12:11:01,516688,11.965157389640808
4612,2021-11-30 01:11:06,516689,12.003345489501953
4613,2021-11-30 03:11:52,516689,11.945139765739441
4614,2021-11-30 05:11:03,516690,11.91332221031189
4615,2021-11-30 05:11:11,516690,11.876129508018494
4616,2021-11-30 05:11:42,516690,11.914399862289429
4617,2021-11-30 06:11:07,516690,11.91971480846405
4618,2021-11-30 06:11:18,516690,11.828452348709106
4619,2021-11-30 07:11:00,516690,12.03953742980957
4620,2021-11-30 07:11:36,516690,11.841570138931274
4621,2021-11-30 07:11:41,516690,11.94005012512207
4622,2021-11-30 06:11:02,516691,11.993735432624817
4623,2021-11-30 08:11:28,516691,11.885717511177063
4624,2021-11-30 09:11:18,516691,11.921912431716919
4625,2021-11-30 09:11:42,516691,11.83922529220581
4626,2021-11-30 11:11:35,516691,11.83663010597229
4627,2021-11-30 11:11:36,516691,11.944857239723206
4628,2021-11-30 11:11:37,516691,11.843044757843018
4629,2021-11-30 12:11:43,516691,11.952620148658752
4630,2021-11-30 09:11:57,516692,11.88397467136383
4631,2021-11-30 10:11:17,516692,11.858687400817871
4632,2021-11-30 10:11:32,516692,11.872197389602661
4633,2021-11-30 11:11:37,516692,11.90867006778717
4634,2021-11-30 11:11:46,516692,11.812017560005188
4635,2021-11-30 12:11:24,516692,11.88721477985382
4636,2021-11-30 11:11:41,516693,11.736910343170166
4637,2021-11-30 01:11:06,516697,12.05511748790741
4638,2021-11-30 01:11:19,516697,12.04877257347107
4639,2021-11-30 01:11:36,516697,11.97241723537445
4640,2021-11-30 02:11:01,516697,11.864887475967407
4641,2021-11-30 02:11:06,516697,11.945092678070068
4642,2021-11-30 02:11:36,516697,11.847102642059326
4643,2021-11-30 02:11:38,516697,12.01030969619751
4644,2021-11-30 02:11:53,516697,11.869272589683533
4645,2021-11-30 03:11:12,516697,11.989180445671082
4646,2021-11-30 03:11:39,516697,12.007220387458801
4647,2021-11-30 05:11:23,516700,11.987630128860474
4648,2021-11-30 09:11:57,516700,11.932682394981384
4649,2021-11-30 11:11:22,516700,12.003229856491089
4650,2021-11-30 11:11:55,516700,11.999179720878601
4651,2021-11-30 10:11:34,516701,11.965824961662292
4652,2021-12-01 06:12:49,516701,11.857957243919373
4653,2021-11-30 11:11:52,516706,11.767547130584717
4654,2021-12-01 02:12:39,516706,12.050297260284424
4655,2021-12-01 03:12:18,516710,11.855645179748535
4656,2021-12-01 03:12:29,516710,11.900807619094849
4657,2021-12-01 01:12:10,516713,12.004444599151611
4658,2021-12-01 02:12:59,516713,11.991555094718933
4659,2021-12-01 03:12:02,516713,12.039805054664612
4660,2021-12-01 03:12:10,516713,11.921727061271667
4661,2021-12-01 03:12:33,516713,11.944019794464111
4662,2021-12-01 04:12:58,516713,11.92671000957489
4663,2021-12-01 06:12:29,516713,11.98316752910614
4664,2021-12-01 06:12:58,516713,12.072674632072449
4665,2021-12-01 08:12:20,516713,11.953417658805847
4666,2021-12-01 08:12:21,516713,12.062932848930359
4667,2021-12-01 08:12:28,516713,11.964842677116394
4668,2021-12-01 08:12:47,516713,11.936947703361511
4669,2021-12-01 09:12:09,516713,11.869567632675171
4670,2021-12-01 09:12:42,516713,11.961939930915833
4671,2021-12-01 11:12:20,516713,12.239674925804138
4672,2021-12-01 11:12:46,516713,12.128352522850037
4673,2021-12-01 11:12:51,516713,11.845205426216125
4674,2021-12-01 12:12:06,516713,12.03121304512024
4675,2021-12-01 12:12:33,516713,12.0015150308609
4676,2021-12-01 07:12:58,516714,12.067497372627258
4677,2021-12-01 10:12:13,516714,12.06874966621399
4678,2021-12-01 10:12:14,516714,11.87703013420105
4679,2021-12-01 10:12:25,516714,11.963852643966675
4680,2021-12-01 10:12:31,516714,12.066052556037903
4681,2021-12-01 10:12:37,516714,11.992079615592957
4682,2021-12-02 01:12:21,516714,11.984132528305054
4683,2021-12-02 01:12:26,516714,11.989522576332092
4684,2021-12-02 01:12:54,516714,11.817692518234253
4685,2021-12-02 01:12:09,516715,11.85980498790741
4686,2021-12-02 12:12:25,516715,11.946889758110046
4687,2021-12-02 12:12:25,516715,11.930775046348572
4688,2021-12-02 02:12:33,516716,11.998321413993835
4689,2021-12-02 09:12:41,516716,11.855462789535522
4690,2021-12-02 12:12:09,516716,11.90897285938263
4691,2021-12-02 12:12:10,516716,12.02471137046814
4692,2021-12-02 02:12:40,516719,11.860207319259644
4693,2021-12-02 02:12:57,516719,11.861535906791687
4694,2021-12-02 03:12:22,516719,11.894105672836304
4695,2021-12-02 03:12:51,516719,12.189847230911255
4696,2021-12-02 04:12:43,516719,11.988892555236816
4697,2021-12-02 04:12:56,516719,12.061440348625183
4698,2021-12-02 05:12:13,516723,12.058268189430237
4699,2021-12-02 08:12:20,516725,11.855828762054443
4700,2021-12-02 08:12:38,516725,11.881150603294373
4701,2021-12-02 09:12:28,516725,11.9857257604599
4702,2021-12-02 09:12:36,516725,11.977937817573547
4703,2021-12-02 08:12:24,516727,11.831761598587036
4704,2021-12-02 09:12:14,516727,11.891502141952515
4705,2021-12-02 10:12:01,516727,12.083930969238281
4706,2021-12-02 10:12:28,516727,11.968039870262146
4707,2021-12-02 11:12:13,516727,11.883382201194763
4708,2021-12-02 11:12:45,516727,11.964972615242004
4709,2021-12-02 11:12:46,516727,11.889137029647827
4710,2021-12-02 11:12:54,516727,11.790260672569275
4711,2021-12-02 12:12:21,516727,11.991428136825562
4712,2021-12-02 12:12:23,516727,11.879434585571289
4713,2021-12-02 12:12:26,516727,11.971233487129211
4714,2021-12-02 01:12:08,516728,11.87905490398407
4715,2021-12-02 01:12:23,516728,11.962624192237854
4716,2021-12-02 01:12:48,516728,12.070508003234863
4717,2021-12-02 01:12:52,516728,11.846484541893005
4718,2021-12-02 02:12:17,516728,11.94844365119934
4719,2021-12-02 02:12:19,516728,11.9920152425766
4720,2021-12-02 02:12:25,516728,12.151954770088196
4721,2021-12-02 02:12:58,516728,12.058602571487427
4722,2021-12-02 03:12:30,516728,11.871646642684937
4723,2021-12-02 11:12:55,516728,11.958304643630981
4724,2021-12-02 12:12:16,516728,12.02595055103302
4725,2021-12-02 12:12:35,516728,11.922629475593567
4726,2021-12-02 12:12:54,516728,11.776562333106995
4727,2021-12-02 03:12:59,516729,12.02178955078125
4728,2021-12-02 03:12:21,516731,12.172297239303589
4729,2021-12-02 04:12:11,516732,11.923158764839172
4730,2021-12-02 05:12:44,516732,11.768771409988403
4731,2021-12-02 05:12:33,516734,11.954231858253479
4732,2021-12-02 05:12:18,516735,12.006057500839233
4733,2021-12-02 07:12:53,516735,11.939797401428223
4734,2021-12-02 06:12:28,516736,11.848010420799255
4735,2021-12-02 10:12:56,516736,12.060500383377075
4736,2021-12-02 08:12:20,516737,11.861533522605896
4737,2021-12-02 08:12:21,516737,11.877524852752686
4738,2021-12-02 10:12:11,516737,11.978108882904053
4739,2021-12-02 10:12:35,516737,11.926714777946472
4740,2021-12-02 08:12:01,516739,12.063059210777283
4741,2021-12-02 08:12:24,516739,12.063661217689514
4742,2021-12-02 08:12:26,516739,12.061763405799866
4743,2021-12-02 10:12:37,516739,11.987625360488892
4744,2021-12-02 11:12:00,516739,12.0301753282547
4745,2021-12-03 12:12:36,516739,11.877619624137878
4746,2021-12-03 12:12:39,516739,11.899106502532959
4747,2021-12-02 11:12:02,516740,11.885827779769897
4748,2021-12-03 01:12:23,516740,11.825916171073914
4749,2021-12-03 01:12:37,516742,11.997679471969604
4750,2021-12-03 12:12:36,516742,12.095317840576172
4751,2021-12-03 01:12:36,516743,11.931061744689941
4752,2021-12-03 03:12:08,516749,11.88991904258728
4753,2021-12-03 05:12:59,516754,11.887255907058716
4754,2021-12-03 06:12:12,516754,11.999703049659729
4755,2021-12-03 07:12:24,516754,12.074182629585266
4756,2021-12-03 06:12:17,516755,12.081657648086548
4757,2021-12-03 06:12:44,516755,12.044337391853333
4758,2021-12-03 08:12:15,516755,12.089847326278687
4759,2021-12-03 09:12:13,516755,11.895281076431274
4760,2021-12-03 09:12:47,516755,11.971921920776367
4761,2021-12-03 07:12:17,516756,11.812465190887451
4762,2021-12-03 07:12:20,516756,12.179258465766907
4763,2021-12-03 07:12:33,516756,11.78793728351593
4764,2021-12-03 08:12:26,516756,11.793745756149292
4765,2021-12-03 08:12:52,516756,12.061378955841064
4766,2021-12-03 09:12:24,516760,12.044202089309692
4767,2021-12-03 11:12:58,516760,12.087428569793701
4768,2021-12-03 01:12:18,516761,11.89074158668518
4769,2021-12-03 01:12:27,516761,12.114370465278625
4770,2021-12-03 01:12:36,516761,11.92005455493927
4771,2021-12-03 01:12:39,516761,11.790538430213928
4772,2021-12-03 01:12:45,516761,11.964780688285828
4773,2021-12-03 01:12:58,516761,11.83858036994934
4774,2021-12-03 01:12:59,516761,11.926813125610352
4775,2021-12-03 03:12:16,516761,11.76615595817566
4776,2021-12-03 03:12:43,516761,11.92190170288086
4777,2021-12-03 10:12:23,516761,11.802528500556946
4778,2021-12-03 12:12:11,516761,12.001023888587952
4779,2021-12-03 12:12:13,516761,12.086623907089233
4780,2021-12-03 12:12:51,516761,11.863561272621155
4781,2021-12-03 12:12:51,516761,11.844058632850647
4782,2021-12-03 05:12:08,516763,11.88507080078125
4783,2021-12-03 05:12:57,516763,11.83992624282837
4784,2021-12-03 06:12:18,516763,11.840795278549194
4785,2021-12-03 06:12:57,516763,11.93225622177124
4786,2021-12-03 05:12:06,516765,11.942167282104492
4787,2021-12-03 06:12:26,516765,11.947461366653442
4788,2021-12-03 06:12:33,516765,11.90027117729187
4789,2021-12-03 07:12:25,516765,11.984999775886536
4790,2021-12-03 07:12:24,516769,11.965872049331665
4791,2021-12-03 08:12:12,516769,11.96022093296051
4792,2021-12-03 11:12:13,516769,12.011449337005615
4793,2021-12-03 11:12:25,516769,12.140138149261475
4794,2021-12-03 11:12:59,516770,11.878178119659424
4795,2021-12-04 12:12:51,516770,11.96928858757019
4796,2021-12-04 01:12:11,516771,11.835466623306274
4797,2021-12-04 01:12:12,516771,12.101781964302063
4798,2021-12-04 12:12:04,516771,11.99922800064087
4799,2021-12-04 12:12:57,516771,11.76807165145874
4800,2021-12-04 02:12:28,516772,11.99643611907959
4801,2021-12-04 12:12:35,516772,11.983796954154968
4802,2021-12-04 01:12:00,516775,11.963967084884644
4803,2021-12-04 02:12:29,516775,11.996272206306458
4804,2021-12-04 03:12:52,516775,11.928496360778809
4805,2021-12-04 03:12:52,516775,12.031417489051819
4806,2021-12-04 01:12:34,516778,12.034739255905151
4807,2021-12-04 01:12:53,516778,11.985297203063965
4808,2021-12-04 02:12:24,516778,12.038997411727905
4809,2021-12-04 02:12:57,516778,11.8082195520401
4810,2021-12-04 01:12:53,516779,11.882723569869995
4811,2021-12-04 03:12:09,516779,12.097530364990234
4812,2021-12-04 02:12:16,516780,12.132158279418945
4813,2021-12-04 02:12:53,516780,12.047544717788696
4814,2021-12-04 04:12:13,516780,11.859738230705261
4815,2021-12-04 05:12:31,516781,11.989569067955017
4816,2021-12-04 06:12:06,516781,12.037876844406128
4817,2021-12-04 06:12:17,516781,11.972888708114624
4818,2021-12-04 06:12:26,516781,12.016420364379883
4819,2021-12-04 08:12:34,516781,11.846320629119873
4820,2021-12-04 08:12:59,516781,11.840415596961975
4821,2021-12-05 03:12:39,516791,12.030930519104004
4822,2021-12-05 04:12:32,516791,12.041716575622559
4823,2021-12-05 06:12:56,516791,11.962360143661499
4824,2021-12-05 10:12:38,516791,11.910417675971985
4825,2021-12-06 04:12:48,516794,11.879823803901672
4826,2021-12-06 05:12:04,516795,11.896539330482483
4827,2021-12-06 05:12:51,516796,11.776392459869385
4828,2021-12-06 09:12:36,516796,11.957800388336182
4829,2021-12-06 10:12:22,516796,12.048929929733276
4830,2021-12-06 10:12:57,516796,11.901152729988098
4831,2021-12-06 11:12:13,516796,11.926953792572021
4832,2021-12-06 12:12:33,516796,11.964982748031616
4833,2021-12-06 03:12:26,516797,11.79627239704132
4834,2021-12-06 03:12:41,516797,12.003677487373352
4835,2021-12-06 04:12:19,516797,11.987271904945374
4836,2021-12-06 04:12:29,516797,11.845437288284302
4837,2021-12-06 04:12:43,516797,12.065242528915405
4838,2021-12-06 05:12:20,516797,12.050806879997253
4839,2021-12-06 05:12:49,516797,12.04893708229065
4840,2021-12-06 04:12:03,516798,12.050220370292664
4841,2021-12-06 04:12:49,516798,11.86277449131012
4842,2021-12-06 04:12:52,516798,11.823808550834656
4843,2021-12-06 05:12:09,516798,11.91174864768982
4844,2021-12-06 05:12:24,516798,11.971256136894226
4845,2021-12-06 05:12:35,516798,12.042441964149475
4846,2021-12-06 05:12:47,516798,11.866469383239746
4847,2021-12-06 06:12:02,516798,11.995164155960083
4848,2021-12-06 06:12:10,516798,11.949885487556458
4849,2021-12-06 06:12:27,516798,12.027280330657959
4850,2021-12-06 06:12:37,516798,12.012513279914856
4851,2021-12-06 06:12:38,516798,11.624836325645447
4852,2021-12-06 07:12:20,516798,11.950989961624146
4853,2021-12-06 07:12:39,516798,11.825430393218994
4854,2021-12-06 07:12:46,516798,11.906753182411194
4855,2021-12-06 07:12:47,516798,12.05869734287262
4856,2021-12-06 07:12:58,516798,11.819382905960083
4857,2021-12-06 08:12:25,516798,11.912668347358704
4858,2021-12-06 08:12:40,516798,11.95438802242279
4859,2021-12-06 08:12:33,516800,12.004706859588623
4860,2021-12-06 09:12:37,516800,11.944761276245117
4861,2021-12-06 09:12:47,516800,12.073693871498108
4862,2021-12-06 10:12:25,516800,11.951810717582703
4863,2021-12-06 10:12:34,516800,11.903077363967896
4864,2021-12-06 11:12:31,516800,11.8412184715271
4865,2021-12-06 11:12:34,516800,11.972349286079407
4866,2021-12-06 11:12:34,516800,12.07442581653595
4867,2021-12-06 11:12:52,516800,12.174491882324219
4868,2021-12-06 11:12:58,516800,11.838924288749695
4869,2021-12-07 12:12:19,516800,11.930904388427734
4870,2021-12-07 12:12:22,516800,11.822772026062012
4871,2021-12-07 01:12:34,516804,11.908281445503235
4872,2021-12-07 02:12:13,516804,11.893918514251709
4873,2021-12-07 01:12:50,516805,12.019314169883728
4874,2021-12-07 02:12:00,516805,12.116420269012451
4875,2021-12-07 12:12:23,516805,11.932647228240967
4876,2021-12-07 02:12:52,516806,12.006195783615112
4877,2021-12-07 06:12:07,516810,11.883638501167297
4878,2021-12-07 07:12:48,516810,11.919487118721008
4879,2021-12-07 06:12:04,516811,12.033804059028625
4880,2021-12-07 09:12:13,516815,11.872066259384155
4881,2021-12-07 11:12:11,516815,11.899770498275757
4882,2021-12-07 10:12:56,516818,11.965513825416565
4883,2021-12-07 11:12:54,516818,11.987561583518982
4884,2021-12-07 12:12:36,516818,11.992127299308777
4885,2021-12-07 12:12:40,516821,11.731013059616089
4886,2021-12-07 02:12:45,516823,11.934962272644043
4887,2021-12-07 04:12:52,516823,11.84194564819336
4888,2021-12-07 04:12:48,516825,11.926326751708984
4889,2021-12-07 04:12:59,516825,11.787925958633423
4890,2021-12-07 05:12:59,516825,12.028501629829407
4891,2021-12-07 06:12:20,516825,11.918367147445679
4892,2021-12-07 06:12:58,516825,11.843010187149048
4893,2021-12-07 08:12:10,516825,11.78271234035492
4894,2021-12-07 08:12:35,516825,11.972267627716064
4895,2021-12-07 08:12:46,516825,11.92024827003479
4896,2021-12-07 08:12:57,516825,11.980778574943542
4897,2021-12-07 09:12:23,516825,11.879581809043884
4898,2021-12-07 09:12:31,516825,12.070847749710083
4899,2021-12-07 09:12:32,516825,11.91512644290924
4900,2021-12-07 10:12:10,516825,11.884890794754028
4901,2021-12-07 10:12:25,516825,11.899160146713257
4902,2021-12-07 10:12:54,516825,11.932640075683594
4903,2021-12-07 11:12:09,516825,11.806748509407043
4904,2021-12-07 11:12:12,516825,11.866098642349243
4905,2021-12-07 11:12:25,516825,11.755127906799316
4906,2021-12-07 11:12:35,516825,11.811525225639343
4907,2021-12-07 11:12:37,516825,12.1024090051651
4908,2021-12-07 11:12:57,516825,11.86045229434967
4909,2021-12-08 12:12:04,516825,11.865763068199158
4910,2021-12-08 12:12:59,516825,11.794869899749756
4911,2021-12-07 11:12:31,516826,12.000845670700073
4912,2021-12-07 11:12:59,516826,12.028183937072754
4913,2021-12-08 01:12:03,516826,12.016567587852478
4914,2021-12-08 12:12:52,516826,11.922579407691956
4915,2021-12-08 01:12:20,516828,12.032139897346497
4916,2021-12-08 03:12:34,516828,11.861534118652344
4917,2021-12-08 05:12:18,516828,11.826605796813965
4918,2021-12-08 06:12:05,516829,11.98737621307373
4919,2021-12-08 06:12:30,516829,12.006317973136902
4920,2021-12-08 07:12:45,516829,11.944458484649658
4921,2021-12-08 07:12:49,516829,11.768763065338135
4922,2021-12-08 07:12:15,516830,11.978752613067627
4923,2021-12-08 07:12:25,516830,11.896032691001892
4924,2021-12-08 07:12:37,516830,11.88582181930542
4925,2021-12-08 07:12:47,516830,12.059642672538757
4926,2021-12-08 07:12:48,516830,11.808921098709106
4927,2021-12-08 08:12:16,516830,12.02954113483429
4928,2021-12-08 08:12:22,516830,12.098900079727173
4929,2021-12-08 09:12:14,516830,11.843585968017578
4930,2021-12-08 09:12:19,516830,11.951026320457458
4931,2021-12-08 09:12:22,516830,11.886008977890015
4932,2021-12-08 09:12:45,516830,11.79326057434082
4933,2021-12-08 10:12:14,516830,11.923461556434631
4934,2021-12-08 11:12:37,516830,11.847913265228271
4935,2021-12-08 10:12:29,516832,12.067230343818665
4936,2021-12-08 11:12:03,516832,12.006681561470032
4937,2021-12-08 11:12:33,516832,12.054833173751831
4938,2021-12-08 12:12:30,516832,11.96111798286438
4939,2021-12-08 12:12:35,516832,11.905989050865173
4940,2021-12-08 12:12:36,516832,11.97845995426178
4941,2021-12-08 01:12:05,516833,12.071762084960938
4942,2021-12-08 01:12:20,516833,11.863104104995728
4943,2021-12-08 02:12:42,516833,11.900219321250916
4944,2021-12-08 02:12:49,516833,11.739036440849304
4945,2021-12-08 12:12:15,516833,11.810435056686401
4946,2021-12-08 12:12:45,516833,11.862369775772095
4947,2021-12-08 12:12:51,516833,11.990187764167786
4948,2021-12-08 01:12:21,516834,11.942381262779236
4949,2021-12-08 02:12:15,516834,11.991000771522522
4950,2021-12-08 02:12:58,516834,12.131628394126892
4951,2021-12-08 03:12:13,516834,11.962569952011108
4952,2021-12-08 03:12:23,516834,12.08799660205841
4953,2021-12-08 03:12:31,516834,11.822981238365173
4954,2021-12-08 03:12:55,516835,12.112179398536682
4955,2021-12-08 04:12:39,516835,11.933619976043701
4956,2021-12-08 04:12:13,516838,11.94177508354187
4957,2021-12-08 05:12:12,516838,11.948272585868835
4958,2021-12-08 05:12:52,516838,11.910056471824646
4959,2021-12-08 05:12:42,516839,11.824270486831665
4960,2021-12-08 06:12:43,516839,11.828797459602356
4961,2021-12-08 06:12:31,516840,11.992131471633911
4962,2021-12-08 07:12:42,516840,11.94614589214325
4963,2021-12-08 08:12:10,516840,11.966850757598877
4964,2021-12-08 08:12:19,516840,11.782110929489136
4965,2021-12-08 06:12:27,516841,11.795452237129211
4966,2021-12-08 06:12:44,516841,11.96648895740509
4967,2021-12-08 08:12:15,516841,11.836690902709961
4968,2021-12-08 09:12:28,516841,11.874755620956421
4969,2021-12-08 09:12:48,516841,11.678115129470825
4970,2021-12-08 09:12:14,516843,11.894117593765259
4971,2021-12-08 10:12:10,516843,11.846691370010376
4972,2021-12-08 09:12:39,516844,11.837114691734314
4973,2021-12-08 09:12:26,516846,11.901675462722778
4974,2021-12-08 11:12:34,516846,11.823464035987854
4975,2021-12-08 11:12:11,516849,12.046510577201843
4976,2021-12-08 11:12:39,516849,11.820604801177979
4977,2021-12-09 12:12:37,516849,11.900320649147034
4978,2021-12-09 01:12:51,516851,11.856456995010376
4979,2021-12-09 02:12:36,516851,11.919940710067749
4980,2021-12-09 01:12:31,516854,11.937676072120667
4981,2021-12-09 03:12:40,516854,11.91011905670166
4982,2021-12-09 03:12:01,516856,11.983501315116882
4983,2021-12-09 04:12:17,516856,11.998563408851624
4984,2021-12-09 07:12:57,516859,11.987999081611633
4985,2021-12-09 08:12:40,516859,11.971244812011719
4986,2021-12-09 06:12:13,516860,11.879991292953491
4987,2021-12-09 06:12:18,516860,11.809990406036377
4988,2021-12-09 07:12:24,516860,11.726494431495667
4989,2021-12-09 07:12:31,516860,11.921927332878113
4990,2021-12-09 06:12:03,516861,11.835494041442871
4991,2021-12-09 06:12:29,516861,11.87101125717163
4992,2021-12-09 07:12:25,516861,11.86866581439972
4993,2021-12-09 07:12:48,516861,11.860843300819397
4994,2021-12-09 08:12:43,516861,11.773843765258789
4995,2021-12-09 01:12:03,516864,12.065346837043762
4996,2021-12-09 01:12:35,516864,11.958508491516113
4997,2021-12-09 01:12:38,516864,11.939827799797058
4998,2021-12-09 01:12:38,516864,11.843255162239075
4999,2021-12-09 01:12:50,516864,11.849061250686646
5000,2021-12-09 01:12:58,516864,11.843113899230957
5001,2021-12-09 02:12:00,516864,11.865943670272827
5002,2021-12-09 02:12:17,516864,11.897196173667908
5003,2021-12-09 02:12:23,516864,11.96972668170929
5004,2021-12-09 02:12:26,516864,11.729857921600342
5005,2021-12-09 02:12:32,516864,11.91037893295288
5006,2021-12-09 09:12:13,516864,11.925551891326904
5007,2021-12-09 09:12:18,516864,11.884658932685852
5008,2021-12-09 09:12:20,516864,11.862833499908447
5009,2021-12-09 09:12:41,516864,11.844432950019836
5010,2021-12-09 10:12:50,516864,12.013529539108276
5011,2021-12-09 11:12:39,516864,11.992342472076416
5012,2021-12-09 11:12:46,516864,11.799800992012024
5013,2021-12-09 11:12:47,516864,11.861673593521118
5014,2021-12-09 12:12:17,516864,12.107805609703064
5015,2021-12-09 02:12:14,516865,11.890634894371033
5016,2021-12-09 02:12:33,516865,11.977329850196838
5017,2021-12-09 03:12:04,516865,12.005332112312317
5018,2021-12-09 03:12:32,516865,11.768717169761658
5019,2021-12-09 03:12:52,516865,11.922117471694946
5020,2021-12-09 04:12:40,516865,11.477959752082825
5021,2021-12-09 05:12:13,516865,11.873553991317749
5022,2021-12-09 05:12:20,516865,11.911070942878723
5023,2021-12-09 03:12:20,516866,11.989151239395142
5024,2021-12-09 04:12:31,516866,11.878259181976318
5025,2021-12-09 03:12:24,516867,11.808896660804749
5026,2021-12-09 03:12:55,516867,11.930276155471802
5027,2021-12-09 04:12:11,516867,11.882544159889221
5028,2021-12-09 04:12:41,516867,11.998085379600525
5029,2021-12-09 04:12:18,516869,11.864136457443237
5030,2021-12-09 04:12:54,516869,11.818225383758545
5031,2021-12-09 05:12:18,516869,12.096998691558838
5032,2021-12-09 05:12:50,516869,11.873555183410645
5033,2021-12-09 06:12:26,516869,11.688023209571838
5034,2021-12-09 06:12:10,516871,11.940255761146545
5035,2021-12-09 06:12:11,516871,11.899960041046143
5036,2021-12-09 06:12:43,516871,12.034974694252014
5037,2021-12-09 07:12:26,516871,11.985846757888794
5038,2021-12-09 07:12:32,516871,11.909822225570679
5039,2021-12-09 06:12:02,516872,11.904699206352234
5040,2021-12-09 11:12:06,516877,11.897982358932495
5041,2021-12-09 11:12:00,516878,12.026593089103699
5042,2021-12-10 01:12:04,516880,11.970386505126953
5043,2021-12-10 03:12:46,516880,11.933063268661499
5044,2021-12-10 01:12:16,516883,12.021400332450867
5045,2021-12-10 01:12:17,516883,12.039214372634888
5046,2021-12-10 05:12:03,516883,11.975759267807007
5047,2021-12-10 05:12:56,516883,11.97312593460083
5048,2021-12-10 06:12:34,516883,11.96887731552124
5049,2021-12-10 06:12:40,516883,12.128567099571228
5050,2021-12-10 06:12:52,516883,11.936025023460388
5051,2021-12-10 08:12:33,516883,12.108286023139954
5052,2021-12-10 09:12:17,516883,11.92863404750824
5053,2021-12-10 10:12:29,516883,12.00874149799347
5054,2021-12-10 10:12:43,516883,11.859644055366516
5055,2021-12-10 11:12:04,516883,12.265626788139343
5056,2021-12-10 11:12:39,516883,11.862580180168152
5057,2021-12-10 12:12:07,516883,11.969470381736755
5058,2021-12-10 01:12:05,516884,11.927518248558044
5059,2021-12-10 01:12:27,516884,12.072803974151611
5060,2021-12-10 02:12:27,516884,11.62102222442627
5061,2021-12-10 11:12:20,516884,11.952432990074158
5062,2021-12-10 12:12:23,516884,11.991708278656006
5063,2021-12-10 01:12:02,516885,12.30371356010437
5064,2021-12-10 01:12:50,516885,11.940535306930542
5065,2021-12-10 02:12:42,516885,12.044971585273743
5066,2021-12-10 03:12:31,516885,12.09629774093628
5067,2021-12-10 04:12:17,516885,11.836742162704468
5068,2021-12-10 04:12:37,516885,11.807910799980164
5069,2021-12-10 02:12:54,516886,11.874333024024963
5070,2021-12-10 02:12:55,516887,12.067591547966003
5071,2021-12-10 03:12:11,516887,11.931270956993103
5072,2021-12-10 04:12:36,516887,11.859773397445679
5073,2021-12-10 04:12:37,516887,12.076783180236816
5074,2021-12-10 03:12:49,516888,11.949999928474426
5075,2021-12-10 04:12:15,516888,12.047738432884216
5076,2021-12-10 04:12:45,516888,12.040838599205017
5077,2021-12-10 05:12:38,516888,12.19736635684967
5078,2021-12-10 06:12:22,516892,11.987038254737854
5079,2021-12-10 06:12:40,516892,12.073622345924377
5080,2021-12-10 07:12:27,516892,11.964597702026367
5081,2021-12-10 08:12:22,516892,11.989654302597046
5082,2021-12-10 08:12:47,516892,12.001392245292664
5083,2021-12-10 07:12:12,516893,11.825942397117615
5084,2021-12-10 08:12:44,516893,11.892573833465576
5085,2021-12-10 10:12:32,516893,11.944611072540283
5086,2021-12-10 10:12:38,516893,12.068395018577576
5087,2021-12-10 10:12:39,516893,12.004063129425049
5088,2021-12-10 10:12:58,516893,12.063313722610474
5089,2021-12-10 08:12:34,516894,11.757612228393555
5090,2021-12-10 08:12:59,516895,11.902433037757874
5091,2021-12-10 09:12:13,516895,11.883238554000854
5092,2021-12-10 09:12:21,516895,12.043572664260864
5093,2021-12-10 10:12:06,516895,12.063526511192322
5094,2021-12-10 10:12:58,516895,11.774704456329346
5095,2021-12-10 09:12:00,516896,12.263903021812439
5096,2021-12-10 09:12:16,516896,12.072048783302307
5097,2021-12-10 09:12:51,516896,11.986178755760193
5098,2021-12-10 10:12:23,516896,11.908152103424072
5099,2021-12-10 11:12:15,516896,11.979782581329346
5100,2021-12-10 11:12:31,516896,11.822435855865479
5101,2021-12-10 10:12:58,516897,11.908140778541565
5102,2021-12-10 11:12:28,516897,11.630937457084656
5103,2021-12-10 11:12:29,516898,12.00100302696228
5104,2021-12-11 01:12:33,516898,11.999404430389404
5105,2021-12-11 12:12:10,516898,12.070503234863281
5106,2021-12-11 12:12:25,516898,11.71282947063446
5107,2021-12-11 01:12:21,516900,12.017226815223694
5108,2021-12-11 12:12:34,516900,12.023772597312927
5109,2021-12-11 12:12:44,516900,11.910565495491028
5110,2021-12-11 02:12:48,516901,11.871874928474426
5111,2021-12-11 02:12:58,516901,11.775673031806946
5112,2021-12-11 03:12:08,516901,12.080307602882385
5113,2021-12-11 12:12:03,516901,12.049056887626648
5114,2021-12-11 03:12:38,516902,11.986957788467407
5115,2021-12-11 05:12:49,516902,11.953302025794983
5116,2021-12-11 01:12:35,516909,11.965811252593994
5117,2021-12-11 02:12:41,516909,11.757898330688477
5118,2021-12-11 11:12:54,516909,12.131275534629822
5119,2021-12-11 12:12:01,516909,11.899076700210571
5120,2021-12-12 01:12:03,516909,11.832399368286133
5121,2021-12-12 01:12:30,516909,11.904051303863525
5122,2021-12-12 01:12:37,516909,11.628525853157043
5123,2021-12-12 01:12:46,516909,11.937531232833862
5124,2021-12-12 02:12:08,516909,11.856049299240112
5125,2021-12-12 02:12:35,516909,11.80004894733429
5126,2021-12-12 12:12:21,516909,11.954603791236877
5127,2021-12-12 12:12:37,516909,11.882681846618652
5128,2021-12-12 04:12:54,516910,11.846393346786499
5129,2021-12-12 05:12:53,516910,11.868971586227417
5130,2021-12-12 06:12:48,516910,11.829683184623718
5131,2021-12-12 06:12:53,516910,11.77386462688446
5132,2021-12-12 06:12:58,516911,11.890605092048645
5133,2021-12-12 07:12:33,516911,12.065910696983337
5134,2021-12-12 01:12:07,516912,11.74112856388092
5135,2021-12-12 01:12:54,516912,11.928610801696777
5136,2021-12-12 02:12:23,516912,11.934916377067566
5137,2021-12-12 02:12:50,516912,11.612920761108398
5138,2021-12-12 03:12:00,516912,11.909400820732117
5139,2021-12-12 03:12:14,516912,12.06437885761261
5140,2021-12-13 04:12:46,516914,11.686241626739502
5141,2021-12-13 06:12:43,516914,11.907166838645935
5142,2021-12-13 06:12:19,516915,11.94095492362976
5143,2021-12-13 07:12:00,516915,11.780996322631836
5144,2021-12-13 07:12:29,516915,11.99230670928955
5145,2021-12-13 07:12:33,516915,12.013618350028992
5146,2021-12-13 07:12:37,516915,11.899693608283997
5147,2021-12-13 08:12:09,516915,12.065327167510986
5148,2021-12-13 08:12:18,516915,11.886431574821472
5149,2021-12-13 08:12:40,516915,11.963553428649902
5150,2021-12-13 08:12:55,516915,11.795293688774109
5151,2021-12-13 09:12:46,516915,11.807291507720947
5152,2021-12-13 01:12:06,516916,12.02272117137909
5153,2021-12-13 01:12:14,516916,11.871877312660217
5154,2021-12-13 01:12:19,516916,11.99471116065979
5155,2021-12-13 01:12:25,516916,11.996107697486877
5156,2021-12-13 01:12:32,516916,12.099345326423645
5157,2021-12-13 02:12:19,516916,11.58414363861084
5158,2021-12-13 02:12:31,516916,11.998252868652344
5159,2021-12-13 02:12:43,516916,12.112001776695251
5160,2021-12-13 02:12:45,516916,11.965928077697754
5161,2021-12-13 02:12:45,516916,12.108141779899597
5162,2021-12-13 03:12:04,516916,11.976656317710876
5163,2021-12-13 03:12:07,516916,11.870067715644836
5164,2021-12-13 03:12:37,516916,11.975637674331665
5165,2021-12-13 03:12:43,516916,12.030855417251587
5166,2021-12-13 07:12:02,516916,11.883264780044556
5167,2021-12-13 08:12:27,516916,12.025558948516846
5168,2021-12-13 09:12:02,516916,12.043911814689636
5169,2021-12-13 10:12:08,516916,12.098391652107239
5170,2021-12-13 10:12:34,516916,11.961244344711304
5171,2021-12-13 10:12:37,516916,12.02696442604065
5172,2021-12-13 10:12:53,516916,11.819885969161987
5173,2021-12-13 11:12:06,516916,11.993617415428162
5174,2021-12-13 11:12:13,516916,12.009112238883972
5175,2021-12-13 11:12:14,516916,11.867911219596863
5176,2021-12-13 11:12:19,516916,11.904852986335754
5177,2021-12-13 11:12:33,516916,11.706927418708801
5178,2021-12-13 12:12:21,516916,11.871200799942017
5179,2021-12-13 12:12:56,516916,11.95388376712799
5180,2021-12-13 12:12:57,516916,12.074558734893799
5181,2021-12-13 02:12:25,516917,11.871379613876343
5182,2021-12-13 02:12:31,516917,11.892502903938293
5183,2021-12-13 03:12:01,516917,11.955267786979675
5184,2021-12-13 03:12:01,516917,11.841806173324585
5185,2021-12-13 03:12:05,516917,12.054395079612732
5186,2021-12-13 03:12:05,516917,11.887203454971313
5187,2021-12-13 03:12:46,516917,11.800127625465393
5188,2021-12-13 03:12:47,516917,11.953394412994385
5189,2021-12-13 04:12:03,516917,11.831585764884949
5190,2021-12-13 04:12:04,516917,11.765398383140564
5191,2021-12-13 04:12:12,516917,11.819378733634949
5192,2021-12-13 04:12:59,516917,12.025752663612366
5193,2021-12-13 05:12:27,516918,12.032250761985779
5194,2021-12-13 06:12:45,516918,11.86830461025238
5195,2021-12-13 08:12:38,516921,11.78958535194397
5196,2021-12-13 09:12:41,516921,11.997239589691162
5197,2021-12-13 08:12:06,516922,12.14343011379242
5198,2021-12-13 09:12:04,516922,12.118080258369446
5199,2021-12-13 09:12:45,516922,11.930878162384033
5200,2021-12-13 09:12:51,516922,11.949535608291626
5201,2021-12-13 09:12:57,516922,11.925538778305054
5202,2021-12-13 10:12:13,516922,12.101490497589111
5203,2021-12-13 10:12:02,516924,11.820998191833496
5204,2021-12-13 10:12:10,516924,12.018837332725525
5205,2021-12-13 11:12:37,516924,11.9012850522995
5206,2021-12-13 11:12:57,516924,11.991677284240723
5207,2021-12-14 01:12:33,516925,11.883108615875244
5208,2021-12-14 12:12:47,516925,12.007826566696167
5209,2021-12-13 11:12:00,516926,11.99270248413086
5210,2021-12-14 12:12:30,516926,11.956446170806885
5211,2021-12-14 01:12:04,516928,11.956267952919006
5212,2021-12-14 02:12:29,516928,11.909583806991577
5213,2021-12-14 05:12:50,516936,12.051032185554504
5214,2021-12-14 06:12:13,516936,12.036774754524231
5215,2021-12-14 06:12:43,516936,11.846248507499695
5216,2021-12-14 07:12:00,516936,12.10104763507843
5217,2021-12-14 06:12:51,516937,11.949717998504639
5218,2021-12-14 07:12:50,516937,11.977084875106812
5219,2021-12-14 01:12:02,516939,12.068873047828674
5220,2021-12-14 01:12:06,516939,12.079303860664368
5221,2021-12-14 01:12:37,516939,12.01314628124237
5222,2021-12-14 01:12:55,516939,11.972841024398804
5223,2021-12-14 01:12:57,516939,12.054888010025024
5224,2021-12-14 02:12:04,516939,12.14496374130249
5225,2021-12-14 02:12:38,516939,11.887450814247131
5226,2021-12-14 07:12:14,516939,11.902772188186646
5227,2021-12-14 08:12:03,516939,11.94645345211029
5228,2021-12-14 11:12:08,516939,11.923211216926575
5229,2021-12-14 12:12:07,516939,11.86007559299469
5230,2021-12-14 12:12:13,516939,11.961808204650879
5231,2021-12-14 12:12:26,516939,11.937534213066101
5232,2021-12-14 12:12:57,516939,12.058854699134827
5233,2021-12-14 01:12:14,516940,11.933281421661377
5234,2021-12-14 03:12:07,516941,11.962244510650635
5235,2021-12-14 03:12:12,516941,11.986581683158875
5236,2021-12-14 03:12:19,516941,11.812467575073242
5237,2021-12-14 04:12:11,516941,12.015495896339417
5238,2021-12-14 04:12:57,516941,11.768601536750793
5239,2021-12-14 05:12:11,516941,12.01494038105011
5240,2021-12-14 05:12:50,516941,11.820763945579529
5241,2021-12-14 11:12:09,516941,11.736904978752136
5242,2021-12-14 11:12:25,516941,11.816778182983398
5243,2021-12-14 11:12:25,516941,11.911035776138306
5244,2021-12-14 11:12:58,516941,11.907615661621094
5245,2021-12-14 03:12:03,516942,11.939178109169006
5246,2021-12-14 03:12:35,516942,12.012275457382202
5247,2021-12-14 04:12:18,516942,12.154811024665833
5248,2021-12-14 04:12:30,516942,12.087978720664978
5249,2021-12-14 04:12:36,516942,11.947770118713379
5250,2021-12-14 04:12:48,516942,11.97142243385315
5251,2021-12-14 05:12:05,516942,11.874111890792847
5252,2021-12-14 05:12:13,516942,12.173927426338196
5253,2021-12-14 05:12:21,516942,11.86286449432373
5254,2021-12-14 05:12:42,516942,12.061976194381714
5255,2021-12-14 05:12:42,516942,11.993098855018616
5256,2021-12-14 05:12:45,516942,11.79572880268097
5257,2021-12-14 05:12:58,516942,12.096161246299744
5258,2021-12-14 06:12:36,516942,11.932641863822937
5259,2021-12-14 07:12:31,516942,12.00227677822113
5260,2021-12-14 07:12:44,516942,12.07765817642212
5261,2021-12-14 04:12:25,516944,11.857707500457764
5262,2021-12-14 05:12:20,516944,12.047146558761597
5263,2021-12-14 05:12:32,516944,11.890842318534851
5264,2021-12-14 06:12:39,516944,11.94989025592804
5265,2021-12-14 06:12:06,516945,11.78029179573059
5266,2021-12-14 07:12:03,516945,11.989440321922302
5267,2021-12-14 06:12:57,516946,12.256839871406555
5268,2021-12-14 08:12:32,516946,11.984255909919739
5269,2021-12-14 09:12:41,516949,11.960216164588928
5270,2021-12-14 10:12:13,516949,12.015600800514221
5271,2021-12-14 10:12:15,516950,12.037445306777954
5272,2021-12-14 11:12:13,516950,11.927395462989807
5273,2021-12-14 11:12:14,516950,11.995825171470642
5274,2021-12-14 11:12:25,516951,11.951252222061157
5275,2021-12-15 12:12:44,516951,12.025831937789917
5276,2021-12-15 01:12:44,516954,11.917787194252014
5277,2021-12-15 02:12:06,516954,11.895880699157715
5278,2021-12-15 04:12:08,516955,11.944421529769897
5279,2021-12-15 04:12:20,516955,11.80766224861145
5280,2021-12-15 05:12:05,516955,11.947599649429321
5281,2021-12-15 04:12:09,516956,12.101603746414185
5282,2021-12-15 05:12:23,516956,12.021888494491577
5283,2021-12-15 05:12:34,516956,12.014386653900146
5284,2021-12-15 05:12:39,516956,11.89996600151062
5285,2021-12-15 06:12:10,516956,11.910398006439209
5286,2021-12-15 06:12:31,516956,12.094611525535583
5287,2021-12-15 05:12:17,516957,11.884937286376953
5288,2021-12-15 06:12:03,516957,11.843898296356201
5289,2021-12-15 07:12:05,516957,11.926489472389221
5290,2021-12-15 07:12:35,516957,11.828588247299194
5291,2021-12-15 08:12:03,516957,11.93511426448822
5292,2021-12-15 08:12:47,516957,11.894551515579224
5293,2021-12-15 01:12:13,516959,12.081277966499329
5294,2021-12-15 01:12:40,516959,11.982715725898743
5295,2021-12-15 10:12:20,516959,12.259824275970459
5296,2021-12-15 11:12:13,516959,12.032050490379333
5297,2021-12-15 11:12:27,516959,11.887813806533813
5298,2021-12-15 11:12:41,516959,12.028506398200989
5299,2021-12-15 11:12:43,516959,12.00926661491394
5300,2021-12-15 12:12:03,516959,11.829612851142883
5301,2021-12-15 12:12:08,516959,12.074379920959473
5302,2021-12-15 12:12:45,516959,12.04366147518158
5303,2021-12-15 12:12:57,516959,12.098131775856018
5304,2021-12-15 01:12:28,516961,11.977269053459167
5305,2021-12-15 02:12:25,516961,11.98332667350769
5306,2021-12-15 03:12:27,516964,11.773059964179993
5307,2021-12-15 03:12:36,516964,11.973455548286438
5308,2021-12-15 05:12:39,516964,11.872923970222473
5309,2021-12-15 06:12:12,516964,11.896504163742065
5310,2021-12-15 06:12:15,516964,12.070289850234985
5311,2021-12-15 07:12:38,516964,11.802679896354675
5312,2021-12-15 05:12:44,516965,11.855940818786621
5313,2021-12-15 06:12:40,516965,11.89290463924408
5314,2021-12-15 07:12:24,516965,11.878620982170105
5315,2021-12-15 07:12:45,516965,11.979357600212097
5316,2021-12-15 07:12:12,516967,12.00069785118103
5317,2021-12-15 08:12:14,516967,11.903284788131714
5318,2021-12-15 08:12:43,516969,12.398109436035156
5319,2021-12-15 08:12:54,516969,11.95710301399231
5320,2021-12-15 09:12:28,516969,11.999548077583313
5321,2021-12-15 09:12:54,516969,11.939228177070618
5322,2021-12-15 08:12:13,516970,12.135568857192993
5323,2021-12-15 09:12:20,516970,12.068018913269043
5324,2021-12-15 10:12:43,516970,11.988805532455444
5325,2021-12-15 11:12:44,516970,12.017955780029297
5326,2021-12-15 10:12:33,516972,12.144930362701416
5327,2021-12-15 11:12:49,516972,12.032663226127625
5328,2021-12-16 12:12:25,516973,11.879718899726868
5329,2021-12-16 04:12:03,516975,11.980425119400024
5330,2021-12-16 04:12:05,516975,12.04707682132721
5331,2021-12-16 05:12:29,516975,12.01066792011261
5332,2021-12-16 05:12:36,516975,12.01386034488678
5333,2021-12-16 06:12:40,516975,11.933106184005737
5334,2021-12-16 06:12:52,516976,11.93293035030365
5335,2021-12-16 09:12:14,516976,12.02418327331543
5336,2021-12-16 10:12:08,516976,12.09147572517395
5337,2021-12-16 01:12:06,516978,12.172354459762573
5338,2021-12-16 01:12:19,516978,12.239021062850952
5339,2021-12-16 01:12:21,516978,12.007266283035278
5340,2021-12-16 01:12:35,516978,12.258256673812866
5341,2021-12-16 02:12:09,516978,11.922845840454102
5342,2021-12-16 02:12:54,516978,11.988945007324219
5343,2021-12-16 02:12:56,516978,12.155312895774841
5344,2021-12-16 11:12:23,516978,11.779345273971558
5345,2021-12-16 11:12:35,516978,12.006712555885315
5346,2021-12-16 11:12:54,516978,11.932889819145203
5347,2021-12-16 12:12:05,516978,11.87935471534729
5348,2021-12-16 12:12:06,516978,12.064721584320068
5349,2021-12-16 12:12:47,516978,12.098394632339478
5350,2021-12-16 12:12:53,516978,12.140753269195557
5351,2021-12-16 01:12:00,516980,12.094481587409973
5352,2021-12-16 01:12:18,516980,12.004354596138
5353,2021-12-16 02:12:05,516980,12.134127616882324
5354,2021-12-16 02:12:26,516980,12.106542587280273
5355,2021-12-16 02:12:38,516980,12.064461708068848
5356,2021-12-16 02:12:58,516980,12.1305251121521
5357,2021-12-16 02:12:00,516982,11.818065643310547
5358,2021-12-16 02:12:43,516982,12.064356803894043
5359,2021-12-16 03:12:32,516982,11.872131824493408
5360,2021-12-16 02:12:57,516983,11.870661973953247
5361,2021-12-16 03:12:32,516984,12.030189633369446
5362,2021-12-16 05:12:23,516984,12.065814733505249
5363,2021-12-16 04:12:04,516985,12.02054738998413
5364,2021-12-16 04:12:22,516985,11.95326566696167
5365,2021-12-16 05:12:10,516985,12.173410654067993
5366,2021-12-16 05:12:04,516986,11.850306987762451
5367,2021-12-16 06:12:10,516987,12.174485921859741
5368,2021-12-16 06:12:17,516987,11.952962279319763
5369,2021-12-16 06:12:30,516987,11.829583048820496
5370,2021-12-16 06:12:39,516987,12.081015706062317
5371,2021-12-16 06:12:56,516987,12.047820091247559
5372,2021-12-16 07:12:37,516987,12.173050045967102
5373,2021-12-16 09:12:27,516994,11.989622712135315
5374,2021-12-16 10:12:54,516994,12.05141305923462
5375,2021-12-16 10:12:02,516996,12.10202932357788
5376,2021-12-16 10:12:52,516996,12.144750952720642
5377,2021-12-16 11:12:01,516996,12.032252550125122
5378,2021-12-16 11:12:53,516996,11.993598341941833
5379,2021-12-17 02:12:27,516998,12.013363242149353
5380,2021-12-17 12:12:52,516998,12.146496772766113
5381,2021-12-17 01:12:33,517000,11.987850666046143
5382,2021-12-17 04:12:51,517001,12.058458924293518
5383,2021-12-17 05:12:02,517001,12.030567526817322
5384,2021-12-17 05:12:02,517001,12.03070878982544
5385,2021-12-17 05:12:09,517001,11.95657193660736
5386,2021-12-17 05:12:56,517001,12.050575017929077
5387,2021-12-17 05:12:56,517001,11.892392635345459
5388,2021-12-17 06:12:16,517001,11.938229203224182
5389,2021-12-17 06:12:38,517001,11.942000389099121
5390,2021-12-17 07:12:25,517001,12.050728797912598
5391,2021-12-17 08:12:31,517001,11.861558556556702
5392,2021-12-17 08:12:49,517001,11.76232635974884
5393,2021-12-17 08:12:50,517001,12.061941027641296
5394,2021-12-17 08:12:50,517001,11.746753454208374
5395,2021-12-17 08:12:57,517001,12.103450894355774
5396,2021-12-17 09:12:00,517001,11.972793936729431
5397,2021-12-17 09:12:01,517001,11.790540218353271
5398,2021-12-17 09:12:43,517001,11.937746405601501
5399,2021-12-17 10:12:10,517001,11.900145411491394
5400,2021-12-17 10:12:50,517001,12.084718346595764
5401,2021-12-17 10:12:51,517001,12.228635549545288
5402,2021-12-17 11:12:31,517001,11.806674003601074
5403,2021-12-17 11:12:59,517001,11.897600889205933
5404,2021-12-17 11:12:48,517002,12.007176876068115
5405,2021-12-17 12:12:02,517003,12.042580246925354
5406,2021-12-17 12:12:06,517003,11.776466369628906
5407,2021-12-17 02:12:02,517004,11.991620063781738
5408,2021-12-17 12:12:15,517004,11.955092549324036
5409,2021-12-17 12:12:27,517004,12.111613750457764
5410,2021-12-17 01:12:10,517005,11.927541494369507
5411,2021-12-17 01:12:42,517005,11.832587718963623
5412,2021-12-17 02:12:27,517005,11.974027752876282
5413,2021-12-17 02:12:32,517005,11.923566460609436
5414,2021-12-17 03:12:09,517005,11.943705081939697
5415,2021-12-17 03:12:22,517005,12.068105340003967
5416,2021-12-17 12:12:47,517005,11.967971324920654
5417,2021-12-17 02:12:32,517008,11.870323419570923
5418,2021-12-17 02:12:34,517008,11.921366453170776
5419,2021-12-17 03:12:01,517008,12.150519490242004
5420,2021-12-17 04:12:42,517008,12.17488944530487
5421,2021-12-17 03:12:40,517009,12.03491747379303
5422,2021-12-17 04:12:54,517009,12.093141674995422
5423,2021-12-17 05:12:18,517011,11.820014715194702
5424,2021-12-17 06:12:08,517011,11.982300877571106
5425,2021-12-17 07:12:08,517012,12.13590681552887
5426,2021-12-17 07:12:58,517012,11.967692971229553
5427,2021-12-17 08:12:32,517012,11.96711003780365
5428,2021-12-17 08:12:46,517012,12.019988894462585
5429,2021-12-17 07:12:14,517013,12.103635668754578
5430,2021-12-17 08:12:34,517014,12.011552453041077
5431,2021-12-17 11:12:49,517016,11.922668814659119
5432,2021-12-17 11:12:10,517017,11.96479082107544
5433,2021-12-18 01:12:09,517017,11.91630244255066
5434,2021-12-18 01:12:41,517017,12.195635437965393
5435,2021-12-18 01:12:54,517017,11.91739022731781
5436,2021-12-18 02:12:30,517017,12.134519219398499
5437,2021-12-18 02:12:38,517017,11.70795202255249
5438,2021-12-18 12:12:02,517017,12.105005383491516
5439,2021-12-18 12:12:46,517017,11.974596381187439
5440,2021-12-18 01:12:21,517019,11.929105520248413
5441,2021-12-18 02:12:15,517019,12.144944667816162
5442,2021-12-18 02:12:52,517019,11.793339252471924
5443,2021-12-18 03:12:14,517019,11.978269219398499
5444,2021-12-18 03:12:19,517019,11.93367600440979
5445,2021-12-18 03:12:25,517019,11.826930046081543
5446,2021-12-18 06:12:37,517023,11.968011260032654
5447,2021-12-18 02:12:33,517025,12.086830139160156
5448,2021-12-18 03:12:50,517025,12.186819314956665
5449,2021-12-18 06:12:15,517025,12.254443764686584
5450,2021-12-18 07:12:01,517025,11.820763945579529
5451,2021-12-18 07:12:40,517025,12.096741795539856
5452,2021-12-18 08:12:40,517025,12.027334570884705
5453,2021-12-19 01:12:00,517025,11.957011222839355
5454,2021-12-19 02:12:39,517025,12.02878475189209
5455,2021-12-19 04:12:34,517025,12.05913245677948
5456,2021-12-19 05:12:50,517025,12.118927240371704
5457,2021-12-19 04:12:36,517031,11.854789853096008
5458,2021-12-19 05:12:07,517031,11.929545402526855
5459,2021-12-20 04:12:49,517031,11.982444524765015
5460,2021-12-20 04:12:51,517031,12.055103778839111
5461,2021-12-20 05:12:37,517031,11.843992471694946
5462,2021-12-20 05:12:45,517031,11.752445101737976
5463,2021-12-20 05:12:49,517031,11.999563574790955
5464,2021-12-20 06:12:30,517031,11.86882197856903
5465,2021-12-20 06:12:38,517031,11.737212538719177
5466,2021-12-20 06:12:43,517031,11.719583868980408
5467,2021-12-20 07:12:37,517031,11.941784620285034
5468,2021-12-20 08:12:18,517031,11.80756390094757
5469,2021-12-20 09:12:40,517031,11.996656656265259
5470,2021-12-20 10:12:02,517033,12.096929550170898
5471,2021-12-20 10:12:04,517033,11.893806457519531
5472,2021-12-20 11:12:39,517033,11.905832290649414
5473,2021-12-20 11:12:59,517033,11.96268618106842
5474,2021-12-20 01:12:52,517034,11.918319463729858
5475,2021-12-20 01:12:57,517034,11.863959431648254
5476,2021-12-20 12:12:11,517034,11.798818707466125
5477,2021-12-20 12:12:49,517034,11.955985426902771
5478,2021-12-20 06:12:06,517035,12.037485837936401
5479,2021-12-20 07:12:48,517035,11.910500526428223
5480,2021-12-20 01:12:30,517036,12.216894030570984
5481,2021-12-20 01:12:30,517036,11.871839761734009
5482,2021-12-20 02:12:29,517036,12.07040250301361
5483,2021-12-20 02:12:43,517036,12.072261571884155
5484,2021-12-20 02:12:47,517036,11.967746019363403
5485,2021-12-20 02:12:53,517036,12.040568590164185
5486,2021-12-20 02:12:57,517036,12.00116753578186
5487,2021-12-20 03:12:12,517036,12.107625603675842
5488,2021-12-20 03:12:14,517036,12.218095660209656
5489,2021-12-20 03:12:29,517036,12.02171802520752
5490,2021-12-20 03:12:32,517036,12.058973908424377
5491,2021-12-20 03:12:33,517036,11.991062760353088
5492,2021-12-20 03:12:53,517036,12.197372913360596
5493,2021-12-20 04:12:04,517036,12.000794410705566
5494,2021-12-20 04:12:15,517036,11.97097897529602
5495,2021-12-20 04:12:21,517036,12.040597796440125
5496,2021-12-20 04:12:29,517036,12.095369100570679
5497,2021-12-20 05:12:38,517036,12.102256417274475
5498,2021-12-20 05:12:42,517036,12.096778750419617
5499,2021-12-20 05:12:51,517036,12.086042761802673
5500,2021-12-20 05:12:57,517037,11.823883652687073
5501,2021-12-20 06:12:15,517037,11.87920868396759
5502,2021-12-20 05:12:20,517038,11.811792254447937
5503,2021-12-20 05:12:58,517038,11.995662450790405
5504,2021-12-20 06:12:09,517038,12.181131839752197
5505,2021-12-20 06:12:28,517038,12.055526971817017
5506,2021-12-20 06:12:49,517038,12.092454433441162
5507,2021-12-20 06:12:51,517038,12.195348739624023
5508,2021-12-20 07:12:49,517038,12.151960730552673
5509,2021-12-20 06:12:26,517040,12.081553936004639
5510,2021-12-20 07:12:39,517040,12.216688394546509
5511,2021-12-20 08:12:35,517040,12.070872783660889
5512,2021-12-20 08:12:53,517040,12.057571411132812
5513,2021-12-20 09:12:13,517040,12.041828036308289
5514,2021-12-20 09:12:59,517040,11.990004181861877
5515,2021-12-20 07:12:24,517041,12.198482751846313
5516,2021-12-20 07:12:31,517041,11.94226086139679
5517,2021-12-20 09:12:15,517041,12.04639732837677
5518,2021-12-20 09:12:24,517042,12.01834261417389
5519,2021-12-20 10:12:09,517042,12.029125094413757
5520,2021-12-21 05:12:00,517042,12.10705578327179
5521,2021-12-21 06:12:28,517042,12.060528993606567
5522,2021-12-21 02:12:02,517043,12.006645202636719
5523,2021-12-21 02:12:08,517043,12.039604783058167
5524,2021-12-21 02:12:49,517043,11.946045160293579
5525,2021-12-21 03:12:41,517043,11.884119510650635
5526,2021-12-21 04:12:04,517043,11.961732506752014
5527,2021-12-21 04:12:43,517043,11.916590929031372
5528,2021-12-21 05:12:21,517043,11.800225973129272
5529,2021-12-21 05:12:39,517043,12.091163992881775
5530,2021-12-21 06:12:02,517043,11.842851042747498
5531,2021-12-21 06:12:08,517043,11.876754760742188
5532,2021-12-21 07:12:15,517043,12.006328701972961
5533,2021-12-21 07:12:38,517043,12.115009427070618
5534,2021-12-21 07:12:45,517043,12.015914916992188
5535,2021-12-21 08:12:12,517043,12.049261927604675
5536,2021-12-21 08:12:59,517043,12.100735306739807
5537,2021-12-21 12:12:07,517043,11.68158769607544
5538,2021-12-21 12:12:36,517043,12.226486206054688
5539,2021-12-21 01:12:26,517046,12.074397802352905
5540,2021-12-21 09:12:43,517046,12.070319056510925
5541,2021-12-21 10:12:31,517046,11.92901611328125
5542,2021-12-21 11:12:16,517046,12.002754807472229
5543,2021-12-21 11:12:23,517046,11.940972805023193
5544,2021-12-21 12:12:32,517046,11.978340744972229
5545,2021-12-21 12:12:46,517046,12.091262936592102
5546,2021-12-21 12:12:51,517046,11.80820882320404
5547,2021-12-21 01:12:16,517049,12.078120112419128
5548,2021-12-21 01:12:57,517049,12.086332440376282
5549,2021-12-21 02:12:35,517049,12.038587927818298
5550,2021-12-21 02:12:36,517049,11.97296917438507
5551,2021-12-21 04:12:03,517049,12.047169208526611
5552,2021-12-21 04:12:43,517049,12.068352103233337
5553,2021-12-21 05:12:11,517049,12.018901705741882
5554,2021-12-21 05:12:59,517049,12.038600444793701
5555,2021-12-21 12:12:17,517049,12.09924578666687
5556,2021-12-21 02:12:03,517051,12.092381119728088
5557,2021-12-21 02:12:15,517051,11.959834694862366
5558,2021-12-21 03:12:25,517051,11.94050669670105
5559,2021-12-21 04:12:43,517051,11.908349394798279
5560,2021-12-21 04:12:59,517051,11.921965479850769
5561,2021-12-21 02:12:01,517052,11.891028881072998
5562,2021-12-21 03:12:00,517052,12.131354808807373
5563,2021-12-21 03:12:10,517052,11.909590363502502
5564,2021-12-21 03:12:21,517052,11.982675790786743
5565,2021-12-21 03:12:55,517052,12.1378493309021
5566,2021-12-21 04:12:01,517052,12.099822163581848
5567,2021-12-21 04:12:10,517052,11.726126670837402
5568,2021-12-21 04:12:44,517052,12.10012137889862
5569,2021-12-21 03:12:10,517053,12.008454203605652
5570,2021-12-21 03:12:32,517053,11.830442547798157
5571,2021-12-21 03:12:54,517053,12.11205244064331
5572,2021-12-21 04:12:00,517053,11.893341541290283
5573,2021-12-21 04:12:21,517053,12.090095281600952
5574,2021-12-21 04:12:52,517053,12.035399675369263
5575,2021-12-21 05:12:12,517053,12.018727660179138
5576,2021-12-21 05:12:40,517053,11.969205141067505
5577,2021-12-21 04:12:28,517056,12.093209624290466
5578,2021-12-21 05:12:32,517056,11.831613183021545
5579,2021-12-21 06:12:13,517056,12.262352108955383
5580,2021-12-21 05:12:57,517058,12.150787115097046
5581,2021-12-21 06:12:08,517058,11.985043287277222
5582,2021-12-21 05:12:30,517061,12.102641463279724
5583,2021-12-21 06:12:03,517061,11.99034571647644
5584,2021-12-21 06:12:09,517061,12.223570942878723
5585,2021-12-21 06:12:41,517061,11.999653577804565
5586,2021-12-21 06:12:49,517061,12.086490988731384
5587,2021-12-21 07:12:05,517061,12.079041600227356
5588,2021-12-21 07:12:27,517061,12.101883888244629
5589,2021-12-21 07:12:33,517061,12.219390273094177
5590,2021-12-21 07:12:39,517061,12.008752226829529
5591,2021-12-21 07:12:45,517061,12.153493165969849
5592,2021-12-21 08:12:46,517061,12.043195366859436
5593,2021-12-21 08:12:50,517061,11.96453869342804
5594,2021-12-21 08:12:07,517063,11.865401268005371
5595,2021-12-21 10:12:08,517063,11.88069760799408
5596,2021-12-21 09:12:59,517064,12.02154278755188
5597,2021-12-21 10:12:24,517064,11.922492384910583
5598,2021-12-21 09:12:19,517065,11.975160241127014
5599,2021-12-21 09:12:29,517065,12.04836905002594
5600,2021-12-21 10:12:42,517065,11.838202476501465
5601,2021-12-21 10:12:47,517065,12.015681266784668
5602,2021-12-21 11:12:09,517065,11.978075504302979
5603,2021-12-21 10:12:28,517066,11.80205762386322
5604,2021-12-21 11:12:18,517069,12.113749980926514
5605,2021-12-22 01:12:11,517069,12.015155553817749
5606,2021-12-21 11:12:56,517070,11.910821199417114
5607,2021-12-22 02:12:32,517070,11.977884769439697
5608,2021-12-22 04:12:08,517074,11.95003092288971
5609,2021-12-22 06:12:18,517075,12.012811303138733
5610,2021-12-22 06:12:57,517075,11.968626379966736
5611,2021-12-22 07:12:01,517075,11.888976097106934
5612,2021-12-22 07:12:56,517075,11.951693892478943
5613,2021-12-22 06:12:10,517076,12.08534061908722
5614,2021-12-22 06:12:43,517076,11.994408369064331
5615,2021-12-22 07:12:41,517076,11.762793064117432
5616,2021-12-22 08:12:47,517076,11.501394510269165
5617,2021-12-22 09:12:24,517076,11.903518438339233
5618,2021-12-22 11:12:08,517076,12.070268988609314
5619,2021-12-22 12:12:56,517076,11.930450797080994
5620,2021-12-22 11:12:00,517077,11.95436716079712
5621,2021-12-22 05:12:02,517085,11.953603029251099
5622,2021-12-22 05:12:09,517085,12.019232511520386
5623,2021-12-22 06:12:08,517086,12.12093472480774
5624,2021-12-22 06:12:38,517086,11.70255184173584
5625,2021-12-22 07:12:09,517087,11.880989670753479
5626,2021-12-22 07:12:12,517087,11.950832605361938
5627,2021-12-22 08:12:26,517087,12.138689160346985
5628,2021-12-22 08:12:37,517087,12.034886479377747
5629,2021-12-22 08:12:56,517087,12.109939455986023
5630,2021-12-22 08:12:47,517089,11.918962597846985
5631,2021-12-22 08:12:57,517089,11.883309483528137
5632,2021-12-22 09:12:29,517089,11.973459124565125
5633,2021-12-22 09:12:52,517089,12.048808932304382
5634,2021-12-22 10:12:04,517089,12.126032710075378
5635,2021-12-22 10:12:05,517089,11.942557096481323
5636,2021-12-22 10:12:27,517089,12.136098742485046
5637,2021-12-22 10:12:45,517089,11.84053659439087
5638,2021-12-22 10:12:54,517089,12.096970081329346
5639,2021-12-22 11:12:28,517089,12.17092514038086
5640,2021-12-22 11:12:39,517089,12.119346857070923
5641,2021-12-22 11:12:44,517089,11.995041966438293
5642,2021-12-23 12:12:55,517089,11.956426501274109
5643,2021-12-23 12:12:45,517090,12.108986377716064
5644,2021-12-23 03:12:02,517093,12.11171269416809
5645,2021-12-23 03:12:46,517093,12.196899652481079
5646,2021-12-23 03:12:52,517093,11.961496472358704
5647,2021-12-23 04:12:54,517095,11.954628229141235
5648,2021-12-23 05:12:21,517095,11.994291543960571
5649,2021-12-23 05:12:18,517099,11.950587034225464
5650,2021-12-23 05:12:59,517099,11.93268895149231
5651,2021-12-23 06:12:57,517099,12.18327522277832
5652,2021-12-23 07:12:51,517099,12.060440182685852
5653,2021-12-23 08:12:27,517100,11.978645920753479
5654,2021-12-23 09:12:18,517101,12.01755404472351
5655,2021-12-23 09:12:20,517102,12.236586213111877
5656,2021-12-23 10:12:10,517102,12.047724723815918
5657,2021-12-23 10:12:09,517103,12.1333247423172
5658,2021-12-23 11:12:48,517103,12.14389443397522
5659,2021-12-23 12:12:32,517103,11.998766660690308
5660,2021-12-23 12:12:33,517103,11.824690103530884
5661,2021-12-23 11:12:11,517104,11.910127401351929
5662,2021-12-23 11:12:29,517104,12.142453789710999
5663,2021-12-23 11:12:17,517105,11.875163912773132
5664,2021-12-23 01:12:19,517106,12.016708254814148
5665,2021-12-23 01:12:36,517106,11.910102367401123
5666,2021-12-23 02:12:07,517106,12.187262773513794
5667,2021-12-23 02:12:20,517106,11.923428773880005
5668,2021-12-23 02:12:58,517106,12.096527814865112
5669,2021-12-23 03:12:00,517106,11.962248086929321
5670,2021-12-23 03:12:50,517106,12.19971239566803
5671,2021-12-23 12:12:57,517106,12.157108187675476
5672,2021-12-23 03:12:57,517108,12.150039076805115
5673,2021-12-23 05:12:20,517111,12.141268253326416
5674,2021-12-23 04:12:03,517112,11.895940899848938
5675,2021-12-23 05:12:30,517112,12.07164466381073
5676,2021-12-23 06:12:32,517112,11.714162230491638
5677,2021-12-23 05:12:32,517113,12.07884967327118
5678,2021-12-23 06:12:58,517114,12.157320380210876
5679,2021-12-23 08:12:26,517117,12.022672891616821
5680,2021-12-23 09:12:08,517117,11.830915808677673
5681,2021-12-23 10:12:05,517119,11.755067110061646
5682,2021-12-23 10:12:18,517119,11.909154653549194
5683,2021-12-23 10:12:56,517119,11.81290864944458
5684,2021-12-24 12:12:31,517119,11.81780993938446
5685,2021-12-24 12:12:51,517119,11.8458092212677
5686,2021-12-24 01:12:01,517122,11.981940865516663
5687,2021-12-24 03:12:20,517122,11.962531805038452
5688,2021-12-24 04:12:56,517122,11.679561138153076
5689,2021-12-24 03:12:37,517123,11.8582022190094
5690,2021-12-24 04:12:29,517123,11.78589940071106
5691,2021-12-24 04:12:40,517123,11.969619989395142
5692,2021-12-24 05:12:25,517123,11.88684344291687
5693,2021-12-24 05:12:31,517123,11.761166453361511
5694,2021-12-24 05:12:49,517123,11.881206631660461
5695,2021-12-24 05:12:53,517123,11.77111804485321
5696,2021-12-24 05:12:59,517123,11.89448893070221
5697,2021-12-24 06:12:07,517123,11.725554466247559
5698,2021-12-24 06:12:58,517123,11.797546148300171
5699,2021-12-24 09:12:01,517126,11.918558478355408
5700,2021-12-24 09:12:13,517126,11.769067645072937
5701,2021-12-24 10:12:24,517126,11.80618405342102
5702,2021-12-24 10:12:24,517126,11.6628897190094
5703,2021-12-24 10:12:33,517127,11.795021295547485
5704,2021-12-24 11:12:45,517127,11.915143132209778
5705,2021-12-24 10:12:48,517128,11.76872730255127
5706,2021-12-24 11:12:03,517128,11.705694198608398
5707,2021-12-24 11:12:50,517131,11.841195225715637
5708,2021-12-24 12:12:28,517131,11.902884244918823
5709,2021-12-24 12:12:49,517133,11.963643431663513
5710,2021-12-24 07:12:31,517134,11.73907220363617
5711,2021-12-24 07:12:32,517134,11.798386573791504
5712,2021-12-24 10:12:52,517134,11.779948472976685
5713,2021-12-25 10:12:26,517134,11.710251569747925
5714,2021-12-25 11:12:51,517134,11.88424825668335
5715,2021-12-26 04:12:57,517134,11.848902702331543
5716,2021-12-26 05:12:18,517134,11.798285245895386
5717,2021-12-26 12:12:26,517134,11.599242687225342
5718,2021-12-27 04:12:17,517134,11.831949949264526
5719,2021-12-27 04:12:26,517134,12.001698017120361
5720,2021-12-27 04:12:52,517134,11.920260787010193
5721,2021-12-27 04:12:58,517134,11.57976746559143
5722,2021-12-27 04:12:39,517135,11.888507008552551
5723,2021-12-27 08:12:05,517137,11.811969876289368
5724,2021-12-27 09:12:35,517137,11.817887425422668
5725,2021-12-27 09:12:52,517137,11.77065134048462
5726,2021-12-27 10:12:13,517137,11.709616780281067
5727,2021-12-27 10:12:25,517137,11.8391352891922
5728,2021-12-27 10:12:50,517137,11.600662469863892
5729,2021-12-27 11:12:03,517137,11.830591559410095
5730,2021-12-27 01:12:14,517138,11.791534423828125
5731,2021-12-27 01:12:45,517138,11.96192979812622
5732,2021-12-27 01:12:47,517138,11.88957393169403
5733,2021-12-27 01:12:47,517138,11.843642592430115
5734,2021-12-27 01:12:55,517138,11.814122796058655
5735,2021-12-27 02:12:16,517138,11.787341833114624
5736,2021-12-27 02:12:24,517138,12.034284472465515
5737,2021-12-27 02:12:40,517138,11.972506046295166
5738,2021-12-27 02:12:45,517138,11.891299486160278
5739,2021-12-27 02:12:53,517138,11.830165982246399
5740,2021-12-27 03:12:08,517138,11.840817928314209
5741,2021-12-27 03:12:12,517138,11.859861016273499
5742,2021-12-27 03:12:14,517138,11.754465699195862
5743,2021-12-27 03:12:32,517138,11.94128155708313
5744,2021-12-27 03:12:56,517138,11.726818084716797
5745,2021-12-27 04:12:12,517138,11.781742572784424
5746,2021-12-27 04:12:17,517138,11.84935212135315
5747,2021-12-27 04:12:20,517138,11.86386525630951
5748,2021-12-27 04:12:27,517138,11.772428750991821
5749,2021-12-27 04:12:36,517138,11.72972559928894
5750,2021-12-27 05:12:02,517138,11.899977922439575
5751,2021-12-27 06:12:08,517138,11.954217553138733
5752,2021-12-27 11:12:03,517138,11.726330518722534
5753,2021-12-27 11:12:19,517138,11.7593252658844
5754,2021-12-27 11:12:49,517138,11.857790350914001
5755,2021-12-27 11:12:50,517138,11.674612760543823
5756,2021-12-27 12:12:25,517138,11.908068060874939
5757,2021-12-27 12:12:32,517138,11.841405034065247
5758,2021-12-27 04:12:59,517140,11.779431104660034
5759,2021-12-27 05:12:01,517140,11.902539134025574
5760,2021-12-27 07:12:21,517144,11.70481562614441
5761,2021-12-27 07:12:59,517144,11.932066679000854
5762,2021-12-27 08:12:03,517144,11.884350776672363
5763,2021-12-27 08:12:05,517144,11.872997283935547
5764,2021-12-27 09:12:06,517144,11.913466453552246
5765,2021-12-27 09:12:53,517144,11.912840008735657
5766,2021-12-27 08:12:12,517145,11.883810758590698
5767,2021-12-27 09:12:37,517145,11.808770895004272
5768,2021-12-27 11:12:45,517148,11.829753518104553
5769,2021-12-28 01:12:46,517148,11.889601945877075
5770,2021-12-28 04:12:31,517149,11.884922981262207
5771,2021-12-28 06:12:04,517149,11.919620633125305
5772,2021-12-28 06:12:40,517149,11.948615908622742
5773,2021-12-28 06:12:42,517149,11.940317749977112
5774,2021-12-28 06:12:44,517149,11.799455285072327
5775,2021-12-28 07:12:49,517149,11.964783668518066
5776,2021-12-28 08:12:23,517149,11.94608449935913
5777,2021-12-28 08:12:52,517149,11.834721565246582
5778,2021-12-28 08:12:54,517149,11.830018758773804
5779,2021-12-28 09:12:38,517149,11.734594106674194
5780,2021-12-28 09:12:58,517149,11.914106011390686
5781,2021-12-28 08:12:20,517150,11.684677600860596
5782,2021-12-28 08:12:52,517150,11.880660653114319
5783,2021-12-28 09:12:16,517150,11.877983808517456
5784,2021-12-28 10:12:22,517150,11.714027523994446
5785,2021-12-28 10:12:22,517150,11.734563112258911
5786,2021-12-28 10:12:25,517150,11.794717907905579
5787,2021-12-28 11:12:24,517150,11.843531727790833
5788,2021-12-28 11:12:36,517150,11.915956735610962
5789,2021-12-28 12:12:05,517150,11.839878559112549
5790,2021-12-28 01:12:40,517151,11.847482919692993
5791,2021-12-28 02:12:38,517151,12.115532755851746
5792,2021-12-28 02:12:58,517151,11.816959381103516
5793,2021-12-28 03:12:10,517151,11.975568532943726
5794,2021-12-28 12:12:15,517151,11.762781739234924
5795,2021-12-28 12:12:55,517151,11.714062094688416
5796,2021-12-28 02:12:06,517152,11.878820657730103
5797,2021-12-28 03:12:05,517152,11.81645154953003
5798,2021-12-28 03:12:12,517152,11.75400197505951
5799,2021-12-28 03:12:48,517152,11.899661421775818
5800,2021-12-28 03:12:57,517152,11.892071962356567
5801,2021-12-28 04:12:15,517152,11.71500563621521
5802,2021-12-28 04:12:29,517152,11.867605447769165
5803,2021-12-28 05:12:32,517152,11.956202983856201
5804,2021-12-28 03:12:27,517153,11.89782440662384
5805,2021-12-28 03:12:41,517153,11.816343069076538
5806,2021-12-28 04:12:24,517153,11.860634684562683
5807,2021-12-28 05:12:41,517153,11.856157183647156
5808,2021-12-28 05:12:57,517153,11.897703409194946
5809,2021-12-28 06:12:44,517153,11.79303228855133
5810,2021-12-28 08:12:45,517155,12.07210123538971
5811,2021-12-28 08:12:47,517155,11.789480447769165
5812,2021-12-28 10:12:53,517155,11.8143230676651
5813,2021-12-29 01:12:53,517157,11.850751638412476
5814,2021-12-29 12:12:51,517157,12.052569389343262
5815,2021-12-29 04:12:15,517158,11.968652606010437
5816,2021-12-29 05:12:15,517158,12.001341581344604
5817,2021-12-29 05:12:33,517158,11.879691481590271
5818,2021-12-29 06:12:05,517158,12.07638144493103
5819,2021-12-29 06:12:24,517158,11.720702052116394
5820,2021-12-29 06:12:35,517158,11.743008494377136
5821,2021-12-29 06:12:25,517160,11.970317363739014
5822,2021-12-29 07:12:25,517160,11.796013712882996
5823,2021-12-29 08:12:31,517160,11.793611645698547
5824,2021-12-29 09:12:10,517160,11.689163446426392
5825,2021-12-29 10:12:07,517160,11.791512370109558
5826,2021-12-29 10:12:55,517160,12.019184231758118
5827,2021-12-29 11:12:55,517160,11.923186779022217
5828,2021-12-29 12:12:31,517163,11.828659772872925
5829,2021-12-29 01:12:15,517164,11.887187361717224
5830,2021-12-29 01:12:37,517164,11.700926423072815
5831,2021-12-29 01:12:44,517164,12.08139181137085
5832,2021-12-29 01:12:48,517164,11.81974709033966
5833,2021-12-29 01:12:59,517164,11.958754062652588
5834,2021-12-29 02:12:06,517164,11.89444899559021
5835,2021-12-29 02:12:34,517164,12.098612785339355
5836,2021-12-29 02:12:36,517164,11.659575700759888
5837,2021-12-29 05:12:28,517165,11.710811853408813
5838,2021-12-29 08:12:45,517166,11.820514798164368
5839,2021-12-29 08:12:52,517166,11.84055745601654
5840,2021-12-29 10:12:04,517166,12.020718455314636
5841,2021-12-29 10:12:25,517166,11.958308815956116
5842,2021-12-30 12:12:23,517166,11.852240562438965
5843,2021-12-30 12:12:38,517166,11.850599646568298
5844,2021-12-30 01:12:35,517167,11.8419748544693
5845,2021-12-30 02:12:24,517167,11.893700957298279
5846,2021-12-30 02:12:33,517167,11.659951210021973
5847,2021-12-30 02:12:49,517167,11.838388442993164
5848,2021-12-30 03:12:13,517167,12.002232670783997
5849,2021-12-30 04:12:41,517167,11.991575956344604
5850,2021-12-30 05:12:31,517167,11.812421679496765
5851,2021-12-30 05:12:32,517167,11.853939890861511
5852,2021-12-30 05:12:57,517167,11.98060691356659
5853,2021-12-30 06:12:24,517167,11.88109278678894
5854,2021-12-30 07:12:26,517167,12.023243308067322
5855,2021-12-30 09:12:02,517167,12.010173797607422
5856,2021-12-30 09:12:16,517167,11.817474961280823
5857,2021-12-30 10:12:08,517167,11.870620250701904
5858,2021-12-30 10:12:37,517167,11.778522729873657
5859,2021-12-30 12:12:39,517167,11.832814812660217
5860,2021-12-30 12:12:42,517167,11.932454705238342
5861,2021-12-30 02:12:23,517170,11.812295317649841
5862,2021-12-30 03:12:11,517170,11.951277256011963
5863,2021-12-30 03:12:25,517170,11.827943921089172
5864,2021-12-30 03:12:25,517170,11.848779916763306
5865,2021-12-30 03:12:47,517170,11.84467077255249
5866,2021-12-30 04:12:16,517170,11.869354844093323
5867,2021-12-30 04:12:46,517170,11.80715560913086
5868,2021-12-30 05:12:55,517170,12.032546401023865
5869,2021-12-30 07:12:09,517170,11.968486309051514
5870,2021-12-30 09:12:43,517170,12.14082956314087
5871,2021-12-30 10:12:15,517170,11.852940917015076
5872,2021-12-30 10:12:35,517170,11.847201585769653
5873,2021-12-30 11:12:49,517172,11.948515772819519
5874,2021-12-31 03:12:00,517172,11.885854601860046
5875,2021-12-31 05:12:10,517172,11.812167167663574
5876,2021-12-31 06:12:33,517172,11.867599487304688
5877,2021-12-31 07:12:53,517172,11.728301048278809
5878,2021-12-31 12:12:57,517172,11.807947754859924
5879,2021-12-31 07:12:36,517174,12.076245546340942
5880,2021-12-31 08:12:40,517174,11.939862966537476
5881,2021-12-31 06:12:42,517175,11.974366903305054
5882,2021-12-31 07:12:46,517175,11.776047348976135
5883,2021-12-31 08:12:28,517175,11.824310421943665
5884,2021-12-31 10:12:43,517178,11.798321008682251
5885,2021-12-31 11:12:07,517178,11.856626868247986
5886,2021-12-31 05:12:42,517180,11.665436625480652
5887,2021-12-31 08:12:14,517180,11.849170327186584
5888,2021-12-31 10:12:13,517180,11.639974117279053
5889,2022-01-01 01:01:51,517180,11.74413800239563
5890,2022-01-01 05:01:50,517180,11.869696974754333
5891,2022-01-01 06:01:12,517180,11.62884533405304
5892,2022-01-01 09:01:16,517180,11.764214038848877
5893,2022-01-01 11:01:01,517180,11.648492813110352
5894,2022-01-01 12:01:43,517180,11.557366251945496
5895,2022-01-02 05:01:40,517180,11.809515953063965
5896,2022-01-02 05:01:54,517180,11.682991981506348
5897,2022-01-03 04:01:21,517180,11.658584475517273
5898,2022-01-03 05:01:49,517180,11.62030041217804
5899,2022-01-03 06:01:16,517180,11.71001672744751
5900,2022-01-03 07:01:39,517180,11.756681203842163
5901,2022-01-03 07:01:51,517180,11.640442609786987
5902,2022-01-03 08:01:16,517180,11.669331789016724
5903,2022-01-03 09:01:06,517180,11.719805598258972
5904,2022-01-03 09:01:57,517180,11.73731803894043
5905,2022-01-03 10:01:13,517180,11.930999159812927
5906,2022-01-03 10:01:24,517180,11.80232286453247
5907,2022-01-03 10:01:38,517180,11.766569018363953
5908,2022-01-03 10:01:55,517180,11.625345349311829
5909,2022-01-03 11:01:06,517180,11.766301393508911
5910,2022-01-03 11:01:27,517180,11.789374947547913
5911,2022-01-03 11:01:48,517180,11.738519668579102
5912,2022-01-03 11:01:52,517180,11.807280778884888
5913,2022-01-03 11:01:58,517180,11.753376722335815
5914,2022-01-03 12:01:09,517180,11.75490140914917
5915,2022-01-03 12:01:15,517180,11.781275868415833
5916,2022-01-03 12:01:22,517180,11.987406015396118
5917,2022-01-03 01:01:08,517182,11.834136247634888
5918,2022-01-03 01:01:36,517182,11.78792417049408
5919,2022-01-03 02:01:19,517182,11.732884645462036
5920,2022-01-03 02:01:32,517182,11.753803491592407
5921,2022-01-03 02:01:51,517183,11.85200810432434
5922,2022-01-03 03:01:33,517183,11.886900663375854
5923,2022-01-03 02:01:56,517184,11.709506511688232
5924,2022-01-03 03:01:04,517184,11.75263524055481
5925,2022-01-03 03:01:14,517184,11.57795250415802
5926,2022-01-03 04:01:22,517185,11.592857241630554
5927,2022-01-04 01:01:05,517196,11.811831593513489
5928,2022-01-04 02:01:08,517196,11.796560287475586
5929,2022-01-04 05:01:15,517196,11.865173578262329
5930,2022-01-04 05:01:20,517196,11.83661937713623
5931,2022-01-04 05:01:54,517196,11.840264797210693
5932,2022-01-04 06:01:05,517196,11.733479499816895
5933,2022-01-04 06:01:05,517196,11.812787055969238
5934,2022-01-04 06:01:09,517196,11.748742461204529
5935,2022-01-04 06:01:13,517196,11.862583756446838
5936,2022-01-04 06:01:39,517196,11.833299994468689
5937,2022-01-04 07:01:16,517196,11.99707806110382
5938,2022-01-04 07:01:20,517196,11.860808730125427
5939,2022-01-04 07:01:25,517196,11.855146884918213
5940,2022-01-04 07:01:27,517196,11.921709775924683
5941,2022-01-04 07:01:45,517196,11.898161172866821
5942,2022-01-04 08:01:05,517196,11.936072707176208
5943,2022-01-04 08:01:05,517196,11.669868230819702
5944,2022-01-04 08:01:07,517196,11.784330606460571
5945,2022-01-04 08:01:18,517196,11.870921850204468
5946,2022-01-04 08:01:29,517196,11.77134096622467
5947,2022-01-04 09:01:07,517196,11.844756603240967
5948,2022-01-04 09:01:08,517196,11.760762929916382
5949,2022-01-04 09:01:15,517196,11.939699649810791
5950,2022-01-04 09:01:30,517196,11.860319972038269
5951,2022-01-04 09:01:51,517196,11.72642707824707
5952,2022-01-04 10:01:07,517196,11.583369374275208
5953,2022-01-04 11:01:28,517196,12.018023133277893
5954,2022-01-04 11:01:53,517196,11.702844500541687
5955,2022-01-04 11:01:58,517196,11.732537746429443
5956,2022-01-04 12:01:13,517196,11.7667156457901
5957,2022-01-04 12:01:58,517196,11.551458835601807
5958,2022-01-04 12:01:59,517196,11.684196591377258
5959,2022-01-04 01:01:21,517197,11.946552395820618
5960,2022-01-04 02:01:17,517197,11.783551573753357
5961,2022-01-04 02:01:19,517197,11.816099286079407
5962,2022-01-04 02:01:19,517197,11.807985305786133
5963,2022-01-04 02:01:56,517197,11.823310852050781
5964,2022-01-04 03:01:04,517197,11.78284764289856
5965,2022-01-04 03:01:20,517197,11.727554202079773
5966,2022-01-04 03:01:30,517197,11.839671730995178
5967,2022-01-04 03:01:36,517197,11.657013297080994
5968,2022-01-04 03:01:41,517197,11.828514337539673
5969,2022-01-04 04:01:07,517197,12.008593082427979
5970,2022-01-04 04:01:18,517197,11.69935405254364
5971,2022-01-04 04:01:54,517197,11.71755075454712
5972,2022-01-04 05:01:06,517197,11.820701956748962
5973,2022-01-04 05:01:31,517197,11.755899786949158
5974,2022-01-04 07:01:05,517197,11.934887766838074
5975,2022-01-04 07:01:06,517197,11.720961928367615
5976,2022-01-04 07:01:09,517197,11.526696681976318
5977,2022-01-04 07:01:30,517197,11.755065321922302
5978,2022-01-04 07:01:38,517197,11.778022050857544
5979,2022-01-04 07:01:42,517197,11.649668216705322
5980,2022-01-04 07:01:50,517197,11.5471351146698
5981,2022-01-04 07:01:58,517197,11.57276451587677
5982,2022-01-04 12:01:26,517197,11.82525634765625
5983,2022-01-04 12:01:28,517197,11.654326915740967
5984,2022-01-04 04:01:18,517198,11.742100715637207
5985,2022-01-04 04:01:50,517198,12.008849382400513
5986,2022-01-04 05:01:10,517198,11.882050037384033
5987,2022-01-04 05:01:24,517199,11.881716251373291
5988,2022-01-04 05:01:26,517199,11.912373900413513
5989,2022-01-04 05:01:01,517200,11.768677234649658
5990,2022-01-04 06:01:48,517200,11.793484687805176
5991,2022-01-04 07:01:51,517200,11.808046698570251
5992,2022-01-04 07:01:56,517200,11.815449595451355
5993,2022-01-04 05:01:38,517201,11.859828233718872
5994,2022-01-04 06:01:48,517201,11.65060579776764
5995,2022-01-04 07:01:03,517203,11.80971086025238
5996,2022-01-04 07:01:10,517203,11.770578622817993
5997,2022-01-04 08:01:11,517203,11.785888671875
5998,2022-01-04 08:01:38,517203,11.592594981193542
5999,2022-01-04 08:01:10,517204,11.854434609413147
6000,2022-01-04 08:01:25,517204,11.797017455101013
6001,2022-01-04 08:01:50,517206,11.767066717147827
6002,2022-01-04 09:01:25,517206,11.833857893943787
6003,2022-01-04 10:01:39,517208,11.79736614227295
6004,2022-01-04 11:01:25,517208,11.759157180786133
6005,2022-01-04 11:01:25,517209,11.885283589363098
6006,2022-01-05 12:01:28,517209,11.787300705909729
6007,2022-01-04 11:01:30,517210,11.904774904251099
6008,2022-01-05 01:01:18,517210,11.783405542373657
6009,2022-01-05 01:01:20,517212,11.793032884597778
6010,2022-01-05 01:01:26,517212,11.820648908615112
6011,2022-01-05 06:01:06,517217,11.832780241966248
6012,2022-01-05 06:01:14,517217,11.73646092414856
6013,2022-01-05 06:01:46,517217,11.731881499290466
6014,2022-01-05 07:01:31,517217,11.786980628967285
6015,2022-01-05 07:01:42,517217,11.778228878974915
6016,2022-01-05 07:01:49,517217,11.892664432525635
6017,2022-01-05 07:01:54,517217,11.758538484573364
6018,2022-01-05 08:01:25,517217,11.711334586143494
6019,2022-01-05 08:01:41,517217,11.862871646881104
6020,2022-01-05 09:01:23,517217,11.661983728408813
6021,2022-01-05 10:01:02,517217,11.849674582481384
6022,2022-01-05 10:01:14,517217,11.646748781204224
6023,2022-01-05 10:01:19,517217,11.544193625450134
6024,2022-01-05 10:01:26,517217,11.780261397361755
6025,2022-01-05 10:01:51,517217,11.672073006629944
6026,2022-01-05 10:01:59,517217,11.537106037139893
6027,2022-01-05 08:01:40,517218,11.848406791687012
6028,2022-01-05 08:01:57,517218,11.903935074806213
6029,2022-01-05 10:01:02,517218,11.895235180854797
6030,2022-01-05 10:01:53,517218,11.755169034004211
6031,2022-01-05 11:01:08,517218,11.841874122619629
6032,2022-01-05 11:01:13,517218,11.72226071357727
6033,2022-01-05 11:01:18,517218,11.755794286727905
6034,2022-01-05 11:01:21,517218,11.698917150497437
6035,2022-01-05 11:01:35,517218,11.94868803024292
6036,2022-01-05 12:01:05,517218,11.821448802947998
6037,2022-01-05 12:01:12,517218,11.85683786869049
6038,2022-01-05 12:01:15,517218,11.867327690124512
6039,2022-01-05 12:01:45,517218,11.877577900886536
6040,2022-01-05 01:01:25,517221,12.034013271331787
6041,2022-01-05 01:01:01,517222,11.67496383190155
6042,2022-01-05 01:01:37,517222,11.894344687461853
6043,2022-01-05 02:01:07,517223,11.780330538749695
6044,2022-01-05 02:01:14,517223,11.799162030220032
6045,2022-01-05 02:01:25,517223,11.9882732629776
6046,2022-01-05 03:01:18,517223,11.718146204948425
6047,2022-01-05 03:01:09,517227,11.715884804725647
6048,2022-01-05 05:01:12,517228,11.766531467437744
6049,2022-01-05 06:01:19,517228,11.826488971710205
6050,2022-01-05 05:01:05,517229,11.746634244918823
6051,2022-01-05 05:01:29,517229,11.747369766235352
6052,2022-01-05 06:01:02,517229,11.634025573730469
6053,2022-01-05 06:01:15,517229,11.764177680015564
6054,2022-01-05 06:01:18,517229,11.8946772813797
6055,2022-01-05 07:01:20,517231,11.823378205299377
6056,2022-01-05 07:01:35,517231,11.925926804542542
6057,2022-01-05 07:01:53,517231,11.924623847007751
6058,2022-01-05 08:01:19,517231,11.907570958137512
6059,2022-01-06 12:01:57,517237,11.851571202278137
6060,2022-01-06 02:01:34,517239,11.856677532196045
6061,2022-01-06 03:01:22,517239,11.789718866348267
6062,2022-01-06 05:01:52,517239,11.749095916748047
6063,2022-01-06 05:01:56,517239,11.685483455657959
6064,2022-01-06 06:01:07,517239,11.722041368484497
6065,2022-01-06 06:01:09,517240,11.890888214111328
6066,2022-01-06 06:01:24,517240,11.87063992023468
6067,2022-01-06 06:01:26,517240,11.822565793991089
6068,2022-01-06 06:01:54,517240,11.764370799064636
6069,2022-01-06 07:01:05,517240,11.800003051757812
6070,2022-01-06 07:01:33,517240,11.681016087532043
6071,2022-01-06 10:01:21,517240,11.987543106079102
6072,2022-01-06 10:01:24,517240,11.807008385658264
6073,2022-01-06 10:01:48,517240,11.866964101791382
6074,2022-01-06 11:01:15,517240,11.772515177726746
6075,2022-01-06 11:01:47,517240,11.965141296386719
6076,2022-01-06 11:01:56,517240,11.9624525308609
6077,2022-01-06 11:01:09,517242,11.683478355407715
6078,2022-01-06 11:01:35,517242,11.931999325752258
6079,2022-01-06 11:01:37,517242,11.820459365844727
6080,2022-01-06 12:01:18,517242,11.782039403915405
6081,2022-01-06 12:01:21,517242,11.756974458694458
6082,2022-01-06 12:01:42,517242,11.622599959373474
6083,2022-01-06 02:01:08,517246,11.735891699790955
6084,2022-01-06 02:01:21,517246,11.734143495559692
6085,2022-01-06 02:01:47,517246,11.854798793792725
6086,2022-01-06 03:01:05,517246,11.799276471138
6087,2022-01-06 03:01:29,517246,11.744229197502136
6088,2022-01-06 03:01:29,517246,11.668198704719543
6089,2022-01-06 03:01:40,517246,12.027785778045654
6090,2022-01-06 03:01:44,517246,11.874073147773743
6091,2022-01-06 03:01:53,517246,11.722843050956726
6092,2022-01-06 03:01:54,517246,11.857153177261353
6093,2022-01-06 04:01:42,517246,11.734323501586914
6094,2022-01-06 04:01:47,517246,11.6790771484375
6095,2022-01-06 06:01:01,517246,11.778420209884644
6096,2022-01-06 06:01:07,517246,11.759109497070312
6097,2022-01-06 06:01:09,517246,11.782942414283752
6098,2022-01-06 06:01:15,517246,11.75967812538147
6099,2022-01-06 06:01:17,517246,11.807524561882019
6100,2022-01-06 06:01:19,517246,11.808780431747437
6101,2022-01-06 06:01:22,517246,11.671228408813477
6102,2022-01-06 06:01:22,517246,11.704427599906921
6103,2022-01-06 06:01:34,517246,11.829971075057983
6104,2022-01-06 06:01:45,517246,11.782400608062744
6105,2022-01-06 06:01:45,517246,11.830886006355286
6106,2022-01-06 06:01:54,517246,11.377841234207153
6107,2022-01-06 03:01:57,517247,11.822625994682312
6108,2022-01-06 04:01:12,517247,11.68998122215271
6109,2022-01-06 04:01:25,517247,11.930739879608154
6110,2022-01-06 04:01:34,517247,11.787030100822449
6111,2022-01-06 05:01:00,517247,11.752084493637085
6112,2022-01-06 05:01:12,517247,11.833436489105225
6113,2022-01-06 05:01:32,517247,11.888170838356018
6114,2022-01-06 05:01:38,517247,11.803246140480042
6115,2022-01-06 05:01:41,517247,11.765826344490051
6116,2022-01-06 05:01:50,517247,11.813305616378784
6117,2022-01-06 05:01:53,517247,11.622467637062073
6118,2022-01-06 05:01:56,517247,11.756876707077026
6119,2022-01-07 01:01:39,517253,11.847044229507446
6120,2022-01-07 01:01:39,517253,11.688251495361328
6121,2022-01-07 05:01:29,517253,11.712773442268372
6122,2022-01-07 06:01:04,517253,11.652882099151611
6123,2022-01-07 06:01:17,517253,11.746231317520142
6124,2022-01-07 06:01:25,517253,11.653454303741455
6125,2022-01-07 06:01:46,517253,11.836933493614197
6126,2022-01-07 07:01:00,517253,11.935224533081055
6127,2022-01-07 07:01:15,517253,11.678171157836914
6128,2022-01-07 07:01:20,517253,11.82361125946045
6129,2022-01-07 08:01:31,517253,12.023949027061462
6130,2022-01-07 08:01:40,517253,11.803110837936401
6131,2022-01-07 08:01:53,517253,11.81485116481781
6132,2022-01-07 08:01:56,517253,11.865175366401672
6133,2022-01-07 09:01:07,517253,11.80327296257019
6134,2022-01-07 09:01:11,517253,11.922293305397034
6135,2022-01-07 09:01:12,517253,11.802217364311218
6136,2022-01-07 09:01:19,517253,11.457752585411072
6137,2022-01-07 09:01:40,517253,11.742075681686401
6138,2022-01-07 09:01:44,517253,11.759433150291443
6139,2022-01-07 09:01:50,517253,11.803289651870728
6140,2022-01-07 09:01:59,517253,11.713809370994568
6141,2022-01-07 11:01:49,517253,11.804632544517517
6142,2022-01-07 12:01:02,517253,11.89045786857605
6143,2022-01-07 12:01:10,517253,12.064983248710632
6144,2022-01-07 12:01:12,517253,11.82024896144867
6145,2022-01-07 12:01:49,517253,11.820977926254272
6146,2022-01-07 01:01:26,517254,11.968079805374146
6147,2022-01-07 01:01:35,517254,12.017472982406616
6148,2022-01-07 01:01:53,517254,11.779579520225525
6149,2022-01-07 02:01:23,517254,11.859952211380005
6150,2022-01-07 02:01:51,517254,11.702351570129395
6151,2022-01-07 02:01:53,517254,11.741908192634583
6152,2022-01-07 03:01:07,517254,12.067234516143799
6153,2022-01-07 03:01:16,517254,11.738819479942322
6154,2022-01-07 03:01:16,517254,11.842043399810791
6155,2022-01-07 03:01:19,517254,11.944078803062439
6156,2022-01-07 03:01:29,517254,11.85346782207489
6157,2022-01-07 03:01:30,517254,11.94445788860321
6158,2022-01-07 03:01:32,517254,11.721240878105164
6159,2022-01-07 12:01:16,517254,11.827746033668518
6160,2022-01-07 12:01:58,517254,11.9666188955307
6161,2022-01-07 05:01:44,517258,11.912847757339478
6162,2022-01-07 05:01:51,517258,11.72903060913086
6163,2022-01-07 05:01:29,517261,11.727327108383179
6164,2022-01-07 07:01:20,517262,11.88237726688385
6165,2022-01-07 08:01:20,517262,11.691693663597107
6166,2022-01-07 07:01:02,517263,11.856335401535034
6167,2022-01-07 09:01:46,517265,11.810039281845093
6168,2022-01-08 12:01:39,517266,11.914140582084656
6169,2022-01-08 05:01:31,517267,11.906419396400452
6170,2022-01-08 06:01:25,517267,11.933265924453735
6171,2022-01-08 07:01:30,517267,11.958212852478027
6172,2022-01-10 01:01:16,517268,11.873658895492554
6173,2022-01-10 05:01:06,517268,11.751564145088196
6174,2022-01-10 05:01:33,517268,11.894335150718689
6175,2022-01-10 05:01:54,517268,11.93403959274292
6176,2022-01-10 12:01:56,517268,11.784793734550476
6177,2022-01-10 06:01:09,517269,11.750473380088806
6178,2022-01-10 06:01:35,517269,11.793653964996338
6179,2022-01-10 07:01:12,517269,11.78996741771698
6180,2022-01-10 07:01:27,517269,11.91796600818634
6181,2022-01-10 09:01:20,517269,11.886124014854431
6182,2022-01-10 10:01:25,517269,11.861649751663208
6183,2022-01-10 10:01:16,517270,11.661779284477234
6184,2022-01-10 01:01:10,517272,11.672260761260986
6185,2022-01-10 01:01:13,517272,11.98885202407837
6186,2022-01-10 02:01:08,517272,12.011638879776001
6187,2022-01-10 02:01:22,517272,11.716863512992859
6188,2022-01-10 12:01:29,517272,11.937348246574402
6189,2022-01-10 12:01:36,517272,11.745874285697937
6190,2022-01-10 01:01:07,517273,11.745979189872742
6191,2022-01-10 01:01:13,517273,11.853451132774353
6192,2022-01-10 01:01:15,517273,11.773726344108582
6193,2022-01-10 12:01:08,517273,11.846411228179932
6194,2022-01-10 12:01:39,517273,11.587204337120056
6195,2022-01-10 01:01:09,517274,11.924034357070923
6196,2022-01-10 02:01:22,517274,11.873794794082642
6197,2022-01-10 02:01:28,517274,11.768130660057068
6198,2022-01-10 02:01:36,517274,11.799365282058716
6199,2022-01-10 02:01:49,517274,11.601088643074036
6200,2022-01-10 03:01:07,517274,11.82256817817688
6201,2022-01-10 03:01:23,517274,11.815065741539001
6202,2022-01-10 03:01:25,517275,11.802716255187988
6203,2022-01-10 04:01:56,517275,11.784084439277649
6204,2022-01-10 05:01:01,517275,12.020536065101624
6205,2022-01-10 05:01:37,517275,12.014256119728088
6206,2022-01-10 06:01:22,517275,11.608738899230957
6207,2022-01-10 08:01:41,517278,11.740573644638062
6208,2022-01-10 09:01:10,517278,11.886370778083801
6209,2022-01-10 10:01:48,517284,11.750219464302063
6210,2022-01-10 11:01:43,517284,11.823286414146423
6211,2022-01-10 11:01:55,517284,11.768461465835571
6212,2022-01-11 01:01:25,517287,11.8809175491333
6213,2022-01-11 02:01:49,517287,11.774376630783081
6214,2022-01-11 02:01:50,517287,12.015519738197327
6215,2022-01-11 03:01:04,517287,11.9252210855484
6216,2022-01-11 03:01:47,517287,11.885473728179932
6217,2022-01-11 09:01:38,517287,11.965050101280212
6218,2022-01-11 01:01:05,517288,11.885496377944946
6219,2022-01-11 01:01:49,517288,11.906545162200928
6220,2022-01-11 02:01:38,517288,11.569547057151794
6221,2022-01-11 05:01:39,517288,11.870833039283752
6222,2022-01-11 05:01:43,517288,11.88926875591278
6223,2022-01-11 06:01:02,517288,12.022398114204407
6224,2022-01-11 06:01:19,517288,11.979562044143677
6225,2022-01-11 06:01:28,517288,11.759142279624939
6226,2022-01-11 06:01:35,517288,11.858431100845337
6227,2022-01-11 06:01:42,517288,11.976124048233032
6228,2022-01-11 06:01:44,517288,11.814651489257812
6229,2022-01-11 07:01:06,517288,11.762903332710266
6230,2022-01-11 07:01:14,517288,11.792096495628357
6231,2022-01-11 07:01:22,517288,11.909487247467041
6232,2022-01-11 09:01:06,517288,11.731080412864685
6233,2022-01-11 09:01:29,517288,11.70373260974884
6234,2022-01-11 10:01:15,517288,11.755561828613281
6235,2022-01-11 10:01:39,517288,11.813167929649353
6236,2022-01-11 11:01:17,517288,11.810734868049622
6237,2022-01-11 12:01:35,517288,11.820846199989319
6238,2022-01-11 01:01:28,517289,11.8359375
6239,2022-01-11 11:01:32,517289,12.013207077980042
6240,2022-01-11 12:01:02,517289,11.811992526054382
6241,2022-01-11 02:01:00,517290,11.707721948623657
6242,2022-01-11 03:01:06,517290,11.909029483795166
6243,2022-01-11 03:01:21,517290,11.77424669265747
6244,2022-01-11 03:01:21,517290,11.923723220825195
6245,2022-01-11 04:01:00,517290,11.819176077842712
6246,2022-01-11 04:01:01,517290,11.757764220237732
6247,2022-01-11 04:01:22,517290,11.803207993507385
6248,2022-01-11 04:01:25,517290,11.94139838218689
6249,2022-01-11 04:01:36,517290,12.178429961204529
6250,2022-01-11 04:01:38,517290,12.029774785041809
6251,2022-01-11 05:01:55,517290,11.828341484069824
6252,2022-01-11 04:01:02,517291,11.471680998802185
6253,2022-01-11 04:01:05,517291,11.90150499343872
6254,2022-01-11 05:01:37,517293,11.998323202133179
6255,2022-01-11 08:01:11,517293,11.881163716316223
6256,2022-01-11 09:01:11,517293,11.782397627830505
6257,2022-01-11 09:01:13,517293,12.056063413619995
6258,2022-01-11 09:01:28,517293,11.529813408851624
6259,2022-01-11 09:01:53,517293,11.773552894592285
6260,2022-01-11 10:01:27,517293,11.92613959312439
6261,2022-01-11 10:01:30,517293,11.82604432106018
6262,2022-01-11 10:01:31,517293,11.81672215461731
6263,2022-01-11 10:01:34,517293,11.92976176738739
6264,2022-01-11 10:01:45,517293,11.698251962661743
6265,2022-01-11 10:01:51,517293,11.870747804641724
6266,2022-01-11 11:01:25,517293,11.823954582214355
6267,2022-01-11 11:01:30,517293,11.830006837844849
6268,2022-01-11 10:01:54,517294,11.927081942558289
6269,2022-01-11 11:01:08,517294,11.849191188812256
6270,2022-01-12 01:01:01,517294,11.700919270515442
6271,2022-01-12 01:01:46,517294,11.588762402534485
6272,2022-01-12 09:01:51,517294,11.82759165763855
6273,2022-01-12 09:01:52,517294,11.554200053215027
6274,2022-01-12 09:01:54,517294,11.758339405059814
6275,2022-01-12 09:01:59,517294,11.694529056549072
6276,2022-01-12 12:01:03,517294,11.766392588615417
6277,2022-01-12 12:01:04,517294,12.014065980911255
6278,2022-01-12 01:01:23,517302,11.798962354660034
6279,2022-01-12 02:01:42,517302,11.896125078201294
6280,2022-01-12 03:01:04,517302,11.81236445903778
6281,2022-01-12 03:01:13,517302,11.77421748638153
6282,2022-01-12 09:01:04,517302,12.018738985061646
6283,2022-01-12 09:01:20,517302,11.930044293403625
6284,2022-01-12 09:01:39,517302,11.819575428962708
6285,2022-01-12 09:01:49,517302,11.693220734596252
6286,2022-01-12 04:01:29,517306,11.820749044418335
6287,2022-01-12 05:01:01,517306,11.816441416740417
6288,2022-01-12 06:01:15,517306,11.731764078140259
6289,2022-01-12 06:01:15,517306,12.092060446739197
6290,2022-01-12 06:01:46,517306,11.802729368209839
6291,2022-01-12 06:01:49,517306,11.767030954360962
6292,2022-01-12 06:01:57,517306,11.814842820167542
6293,2022-01-12 07:01:13,517306,11.800807118415833
6294,2022-01-12 07:01:23,517306,12.038403153419495
6295,2022-01-12 07:01:24,517306,11.7672199010849
6296,2022-01-12 07:01:39,517306,11.85301959514618
6297,2022-01-12 07:01:39,517306,11.727087497711182
6298,2022-01-12 07:01:56,517306,11.916332840919495
6299,2022-01-12 08:01:03,517306,11.856979727745056
6300,2022-01-12 08:01:06,517306,12.013930082321167
6301,2022-01-12 08:01:12,517306,11.884468793869019
6302,2022-01-12 08:01:16,517306,11.8790602684021
6303,2022-01-12 08:01:17,517306,11.756736636161804
6304,2022-01-12 08:01:17,517306,11.911386251449585
6305,2022-01-12 08:01:25,517306,11.936872601509094
6306,2022-01-12 08:01:41,517306,11.851394772529602
6307,2022-01-12 08:01:48,517306,11.748026609420776
6308,2022-01-12 09:01:03,517306,11.86634361743927
6309,2022-01-12 09:01:04,517306,11.902340650558472
6310,2022-01-12 09:01:07,517306,11.884702444076538
6311,2022-01-12 09:01:09,517306,11.78792655467987
6312,2022-01-12 09:01:17,517306,11.918763518333435
6313,2022-01-12 09:01:19,517306,12.167358994483948
6314,2022-01-12 09:01:33,517306,11.864464282989502
6315,2022-01-12 09:01:44,517306,11.60465121269226
6316,2022-01-12 09:01:46,517306,11.861435174942017
6317,2022-01-12 09:01:47,517306,11.992636322975159
6318,2022-01-12 09:01:48,517306,11.826928853988647
6319,2022-01-12 09:01:53,517306,11.917095184326172
6320,2022-01-12 09:01:56,517306,11.920126676559448
6321,2022-01-12 10:01:00,517306,11.948939561843872
6322,2022-01-12 10:01:00,517306,11.81922972202301
6323,2022-01-12 10:01:06,517306,11.808921694755554
6324,2022-01-12 10:01:16,517306,11.705085039138794
6325,2022-01-12 10:01:22,517306,11.907051801681519
6326,2022-01-12 10:01:25,517306,11.910942196846008
6327,2022-01-12 10:01:36,517306,12.05680787563324
6328,2022-01-12 10:01:38,517306,12.021631002426147
6329,2022-01-12 10:01:39,517306,11.934051513671875
6330,2022-01-12 10:01:42,517306,11.934823393821716
6331,2022-01-12 10:01:50,517306,11.870819330215454
6332,2022-01-12 11:01:08,517306,11.790438294410706
6333,2022-01-12 11:01:09,517306,11.882646083831787
6334,2022-01-12 11:01:18,517306,11.907553672790527
6335,2022-01-12 11:01:24,517306,11.841856241226196
6336,2022-01-12 11:01:30,517306,11.602764129638672
6337,2022-01-12 11:01:30,517306,11.862967014312744
6338,2022-01-12 12:01:56,517306,11.830747723579407
6339,2022-01-12 12:01:57,517306,11.98197066783905
6340,2022-01-12 01:01:32,517307,11.975900530815125
6341,2022-01-12 12:01:56,517307,11.905155777931213
6342,2022-01-12 01:01:38,517308,12.042244672775269
6343,2022-01-12 01:01:41,517308,12.081401944160461
6344,2022-01-12 02:01:26,517308,11.838455200195312
6345,2022-01-12 12:01:31,517308,11.959700584411621
6346,2022-01-12 01:01:11,517309,11.839163899421692
6347,2022-01-12 01:01:11,517309,11.834686994552612
6348,2022-01-12 02:01:00,517309,11.939677596092224
6349,2022-01-12 02:01:04,517309,11.975918412208557
6350,2022-01-12 02:01:47,517309,11.95892870426178
6351,2022-01-12 03:01:33,517309,11.919015645980835
6352,2022-01-12 02:01:39,517312,11.939906477928162
6353,2022-01-12 04:01:43,517312,11.977391839027405
6354,2022-01-12 03:01:16,517315,11.972355842590332
6355,2022-01-12 04:01:01,517316,11.882169842720032
6356,2022-01-12 04:01:59,517316,11.952064037322998
6357,2022-01-12 05:01:40,517316,11.917063593864441
6358,2022-01-12 05:01:31,517318,11.598896980285645
6359,2022-01-12 05:01:32,517318,11.813172101974487
6360,2022-01-12 06:01:46,517318,11.88821256160736
6361,2022-01-12 05:01:06,517320,11.846024990081787
6362,2022-01-12 05:01:59,517320,11.802557110786438
6363,2022-01-12 06:01:25,517320,11.77951991558075
6364,2022-01-12 06:01:48,517320,11.917511224746704
6365,2022-01-12 06:01:59,517320,11.698946356773376
6366,2022-01-12 07:01:36,517320,12.171983122825623
6367,2022-01-12 06:01:28,517323,11.843625903129578
6368,2022-01-12 09:01:03,517329,11.777986288070679
6369,2022-01-12 09:01:30,517329,12.002294659614563
6370,2022-01-13 12:01:18,517332,11.827488541603088
6371,2022-01-13 12:01:12,517336,12.171896696090698
6372,2022-01-14 11:01:01,517336,11.877151131629944
6373,2022-01-14 11:01:20,517336,11.802839636802673
6374,2022-01-14 11:01:54,517336,11.94648563861847
6375,2022-01-14 11:01:55,517336,11.984572410583496
6376,2022-01-13 01:01:46,517337,11.86086356639862
6377,2022-01-13 05:01:19,517342,11.875415444374084
6378,2022-01-13 06:01:30,517342,11.844573020935059
6379,2022-01-13 05:01:24,517343,11.962115168571472
6380,2022-01-13 05:01:44,517343,11.746020913124084
6381,2022-01-13 06:01:06,517343,11.660323739051819
6382,2022-01-13 06:01:24,517343,11.577812433242798
6383,2022-01-13 06:01:36,517343,11.902812123298645
6384,2022-01-13 06:01:37,517343,11.716217994689941
6385,2022-01-13 06:01:55,517343,11.716309189796448
6386,2022-01-13 07:01:32,517343,11.800166964530945
6387,2022-01-13 07:01:35,517343,11.792100071907043
6388,2022-01-13 07:01:40,517343,11.86049997806549
6389,2022-01-13 07:01:53,517343,11.741105914115906
6390,2022-01-13 08:01:01,517343,11.720494031906128
6391,2022-01-13 08:01:41,517343,11.847885847091675
6392,2022-01-13 01:01:01,517344,11.831058859825134
6393,2022-01-13 01:01:04,517344,11.664062738418579
6394,2022-01-13 09:01:41,517344,12.06307590007782
6395,2022-01-13 09:01:57,517344,11.856970191001892
6396,2022-01-13 10:01:05,517344,11.774916052818298
6397,2022-01-13 10:01:46,517344,11.566638350486755
6398,2022-01-13 11:01:17,517344,11.879909038543701
6399,2022-01-13 11:01:38,517344,11.746044158935547
6400,2022-01-13 12:01:02,517344,11.589023470878601
6401,2022-01-13 12:01:33,517344,12.053756713867188
6402,2022-01-13 01:01:02,517345,11.72343373298645
6403,2022-01-13 12:01:04,517345,11.9697767496109
6404,2022-01-13 12:01:48,517345,11.739736199378967
6405,2022-01-13 01:01:30,517347,12.008087635040283
6406,2022-01-13 01:01:57,517347,11.91141128540039
6407,2022-01-13 03:01:39,517349,11.82601273059845
6408,2022-01-13 03:01:35,517350,11.8655925989151
6409,2022-01-13 04:01:27,517350,11.722810864448547
6410,2022-01-13 04:01:45,517351,11.705100536346436
6411,2022-01-13 07:01:57,517351,11.604470610618591
6412,2022-01-13 05:01:34,517352,11.804490685462952
6413,2022-01-13 05:01:55,517352,11.918453574180603
6414,2022-01-13 08:01:01,517352,11.851645112037659
6415,2022-01-13 06:01:14,517354,11.789100170135498
6416,2022-01-13 06:01:46,517355,11.880754232406616
6417,2022-01-13 09:01:58,517359,11.849020719528198
6418,2022-01-13 10:01:04,517359,11.778459548950195
6419,2022-01-13 10:01:43,517360,11.74520194530487
6420,2022-01-13 11:01:30,517360,11.839759945869446
6421,2022-01-13 11:01:44,517360,11.961707472801208
6422,2022-01-14 01:01:08,517362,11.697869896888733
6423,2022-01-14 01:01:11,517362,11.984937191009521
6424,2022-01-14 01:01:57,517362,11.768602728843689
6425,2022-01-14 02:01:05,517362,11.883732676506042
6426,2022-01-14 03:01:36,517362,11.825463771820068
6427,2022-01-14 03:01:37,517362,11.933179497718811
6428,2022-01-14 03:01:41,517362,11.756976246833801
6429,2022-01-14 03:01:51,517362,11.797057390213013
6430,2022-01-14 04:01:23,517362,11.872192025184631
6431,2022-01-14 04:01:33,517362,11.847796440124512
6432,2022-01-14 04:01:45,517362,11.769417524337769
6433,2022-01-14 05:01:09,517362,11.561439037322998
6434,2022-01-14 05:01:46,517362,11.752597093582153
6435,2022-01-14 06:01:01,517362,11.854230761528015
6436,2022-01-14 06:01:10,517362,11.687266230583191
6437,2022-01-14 06:01:30,517362,11.797184348106384
6438,2022-01-14 06:01:46,517362,11.765548586845398
6439,2022-01-14 07:01:11,517362,11.770818829536438
6440,2022-01-14 07:01:17,517362,11.714683175086975
6441,2022-01-14 09:01:23,517362,11.867049932479858
6442,2022-01-14 09:01:58,517362,11.781628727912903
6443,2022-01-14 10:01:13,517362,11.88679575920105
6444,2022-01-14 10:01:19,517362,11.75390899181366
6445,2022-01-14 11:01:48,517362,11.722267866134644
6446,2022-01-14 11:01:50,517362,11.799317598342896
6447,2022-01-14 11:01:51,517362,11.935239434242249
6448,2022-01-14 12:01:22,517362,11.887726783752441
6449,2022-01-14 12:01:26,517362,11.812354922294617
6450,2022-01-14 12:01:46,517362,11.690303087234497
6451,2022-01-14 05:01:26,517364,11.65833592414856
6452,2022-01-14 05:01:57,517364,11.81136429309845
6453,2022-01-14 06:01:18,517364,11.832283735275269
6454,2022-01-14 07:01:05,517364,11.830636262893677
6455,2022-01-14 07:01:22,517364,11.637071371078491
6456,2022-01-14 07:01:41,517364,11.795844435691833
6457,2022-01-14 07:01:44,517364,11.737561225891113
6458,2022-01-14 07:01:45,517364,11.790292263031006
6459,2022-01-14 08:01:44,517364,11.875627040863037
6460,2022-01-14 09:01:08,517364,11.79627239704132
6461,2022-01-14 07:01:41,517365,11.820557117462158
6462,2022-01-14 08:01:23,517365,11.738084554672241
6463,2022-01-14 08:01:41,517365,11.938328742980957
6464,2022-01-14 10:01:11,517365,11.761345267295837
6465,2022-01-14 09:01:04,517367,11.907289028167725
6466,2022-01-14 11:01:10,517367,11.615978479385376
6467,2022-01-14 11:01:19,517367,11.901814937591553
6468,2022-01-15 01:01:46,517367,11.724814772605896
6469,2022-01-14 09:01:27,517368,11.864336729049683
6470,2022-01-14 10:01:53,517368,11.642650961875916
6471,2022-01-14 11:01:01,517368,11.750077605247498
6472,2022-01-15 01:01:02,517368,11.810877919197083
6473,2022-01-15 01:01:12,517368,11.640966534614563
6474,2022-01-15 01:01:46,517368,11.847683191299438
6475,2022-01-15 02:01:06,517368,11.907680630683899
6476,2022-01-15 02:01:24,517368,11.722259521484375
6477,2022-01-15 02:01:39,517368,11.958109140396118
6478,2022-01-15 02:01:57,517368,12.039099931716919
6479,2022-01-15 03:01:31,517368,11.757351756095886
6480,2022-01-15 04:01:51,517368,11.677072644233704
6481,2022-01-15 12:01:08,517368,11.964805722236633
6482,2022-01-15 04:01:29,517369,11.810622215270996
6483,2022-01-15 05:01:49,517369,11.684934496879578
6484,2022-01-15 06:01:49,517370,11.828885674476624
6485,2022-01-15 07:01:41,517370,11.777905225753784
6486,2022-01-15 01:01:38,517372,11.800932884216309
6487,2022-01-15 02:01:52,517372,11.739426851272583
6488,2022-01-15 04:01:41,517372,11.98066771030426
6489,2022-01-15 04:01:53,517372,11.983001232147217
6490,2022-01-15 05:01:29,517372,11.848950982093811
6491,2022-01-15 07:01:22,517373,11.900522708892822
6492,2022-01-15 10:01:09,517373,11.790512204170227
6493,2022-01-15 11:01:02,517373,11.995340585708618
6494,2022-01-15 11:01:04,517373,11.885120272636414
6495,2022-01-15 11:01:12,517373,11.400725245475769
6496,2022-01-15 11:01:16,517373,11.751524806022644
6497,2022-01-15 11:01:27,517373,11.813628673553467
6498,2022-01-16 01:01:11,517373,11.892113089561462
6499,2022-01-16 02:01:27,517373,11.829708218574524
6500,2022-01-16 04:01:41,517374,11.8344646692276
6501,2022-01-16 05:01:15,517374,11.954711675643921
6502,2022-01-16 10:01:29,517375,11.741408109664917
6503,2022-01-16 11:01:50,517375,11.747128367424011
6504,2022-01-17 01:01:12,517375,11.709532141685486
6505,2022-01-17 05:01:07,517375,11.831051111221313
6506,2022-01-17 05:01:37,517375,11.848768591880798
6507,2022-01-17 05:01:37,517375,11.819880604743958
6508,2022-01-17 05:01:41,517375,11.909222602844238
6509,2022-01-17 06:01:19,517375,11.770833134651184
6510,2022-01-17 06:01:56,517375,11.910003423690796
6511,2022-01-17 06:01:57,517375,11.722427606582642
6512,2022-01-17 05:01:27,517376,11.69537603855133
6513,2022-01-17 07:01:00,517376,11.848698854446411
6514,2022-01-17 06:01:02,517377,11.967517137527466
6515,2022-01-17 06:01:07,517377,11.92257285118103
6516,2022-01-17 07:01:21,517377,11.7176753282547
6517,2022-01-17 07:01:46,517377,11.905187368392944
6518,2022-01-17 01:01:36,517379,11.753173470497131
6519,2022-01-17 03:01:01,517379,11.740384101867676
6520,2022-01-17 04:01:37,517379,11.630986332893372
6521,2022-01-17 04:01:58,517379,11.636334657669067
6522,2022-01-17 10:01:31,517379,11.876667737960815
6523,2022-01-17 11:01:09,517379,12.001538276672363
6524,2022-01-17 11:01:26,517379,11.815155744552612
6525,2022-01-17 12:01:12,517379,11.906713843345642
6526,2022-01-17 12:01:21,517379,11.86932921409607
6527,2022-01-17 12:01:48,517379,11.81897521018982
6528,2022-01-17 01:01:06,517380,11.983051896095276
6529,2022-01-17 02:01:16,517380,11.896997690200806
6530,2022-01-17 03:01:25,517380,11.872181296348572
6531,2022-01-17 03:01:57,517380,11.888657808303833
6532,2022-01-17 12:01:27,517380,11.893657445907593
6533,2022-01-17 12:01:34,517380,12.035554051399231
6534,2022-01-17 02:01:09,517384,11.661202311515808
6535,2022-01-17 03:01:57,517385,11.70746624469757
6536,2022-01-17 04:01:28,517385,11.925918459892273
6537,2022-01-17 03:01:56,517387,12.03896701335907
6538,2022-01-17 04:01:35,517389,12.016342282295227
6539,2022-01-17 04:01:46,517389,11.818645000457764
6540,2022-01-17 05:01:08,517389,11.930426359176636
6541,2022-01-17 05:01:28,517389,12.088754773139954
6542,2022-01-17 05:01:34,517389,11.857708096504211
6543,2022-01-17 06:01:06,517389,11.816699504852295
6544,2022-01-17 07:01:05,517389,11.849058270454407
6545,2022-01-17 07:01:11,517389,11.505943536758423
6546,2022-01-17 07:01:30,517389,11.931468844413757
6547,2022-01-17 07:01:50,517389,11.984463930130005
6548,2022-01-17 08:01:05,517389,11.849586367607117
6549,2022-01-17 08:01:29,517389,11.750093698501587
6550,2022-01-17 08:01:39,517389,11.963824033737183
6551,2022-01-17 08:01:40,517389,11.908791661262512
6552,2022-01-17 08:01:43,517389,11.690534949302673
6553,2022-01-17 08:01:44,517389,11.919843554496765
6554,2022-01-17 08:01:57,517389,11.883327960968018
6555,2022-01-17 09:01:23,517389,11.78837776184082
6556,2022-01-17 09:01:28,517389,11.779490113258362
6557,2022-01-17 09:01:39,517389,11.876662969589233
6558,2022-01-17 09:01:44,517389,11.676850318908691
6559,2022-01-17 10:01:12,517389,11.687139868736267
6560,2022-01-17 10:01:45,517389,11.777461171150208
6561,2022-01-20 06:01:53,517389,11.823153495788574
6562,2022-01-20 06:01:53,517389,12.037168145179749
6563,2022-01-20 07:01:04,517389,11.875324249267578
6564,2022-01-20 07:01:20,517389,11.84241771697998
6565,2022-01-20 08:01:11,517389,11.6616290807724
6566,2022-01-20 08:01:15,517389,11.836600303649902
6567,2022-01-20 09:01:23,517389,11.763960123062134
6568,2022-01-20 09:01:51,517389,11.981390118598938
6569,2022-01-20 10:01:20,517389,12.022641897201538
6570,2022-01-20 10:01:34,517389,11.9012451171875
6571,2022-01-20 11:01:32,517389,11.803423762321472
6572,2022-01-20 11:01:42,517389,11.88711166381836
6573,2022-01-21 01:01:06,517389,11.946501731872559
6574,2022-01-21 01:01:20,517389,11.693770289421082
6575,2022-01-21 01:01:47,517389,11.861793398857117
6576,2022-01-21 01:01:49,517389,11.933910846710205
6577,2022-01-21 02:01:08,517389,11.74699604511261
6578,2022-01-21 02:01:14,517389,11.825127601623535
6579,2022-01-21 02:01:36,517389,11.850583553314209
6580,2022-01-21 03:01:01,517389,11.882907152175903
6581,2022-01-21 03:01:38,517389,12.077712416648865
6582,2022-01-21 04:01:18,517389,11.931703090667725
6583,2022-01-21 04:01:33,517389,11.860486268997192
6584,2022-01-21 05:01:19,517389,11.749187111854553
6585,2022-01-21 05:01:23,517389,11.804741024971008
6586,2022-01-21 06:01:19,517389,11.741620898246765
6587,2022-01-21 06:01:44,517389,11.826703548431396
6588,2022-01-21 07:01:03,517389,11.900444626808167
6589,2022-01-21 07:01:23,517389,11.764304637908936
6590,2022-01-21 07:01:55,517389,11.941916346549988
6591,2022-01-21 08:01:53,517389,11.794818043708801
6592,2022-01-21 09:01:15,517389,11.939489841461182
6593,2022-01-21 09:01:40,517389,11.963196992874146
6594,2022-01-21 10:01:50,517389,11.743909120559692
6595,2022-01-21 10:01:56,517389,11.914216876029968
6596,2022-01-21 11:01:15,517389,11.91389262676239
6597,2022-01-21 11:01:28,517389,11.930511593818665
6598,2022-01-21 12:01:13,517389,12.05203652381897
6599,2022-01-21 12:01:19,517389,11.777200698852539
6600,2022-01-21 12:01:31,517389,11.756278276443481
6601,2022-01-21 12:01:47,517389,11.752381920814514
6602,2022-01-17 10:01:11,517391,11.74700915813446
6603,2022-01-17 10:01:34,517391,11.789534091949463
6604,2022-01-17 10:01:47,517391,11.941296458244324
6605,2022-01-17 11:01:30,517391,11.951557993888855
6606,2022-01-18 12:01:02,517391,11.913074851036072
6607,2022-01-18 12:01:54,517391,11.936818957328796
6608,2022-01-17 10:01:27,517392,11.876561641693115
6609,2022-01-18 12:01:26,517392,11.74251675605774
6610,2022-01-17 11:01:20,517395,11.780675053596497
6611,2022-01-18 01:01:31,517395,11.858691573143005
6612,2022-01-18 02:01:47,517395,11.857267618179321
6613,2022-01-18 02:01:50,517395,11.772598624229431
6614,2022-01-18 01:01:29,517398,11.749576330184937
6615,2022-01-18 03:01:24,517398,11.692593693733215
6616,2022-01-18 03:01:15,517399,11.842744946479797
6617,2022-01-18 04:01:34,517399,11.788082122802734
6618,2022-01-18 05:01:22,517400,11.9479900598526
6619,2022-01-18 06:01:52,517400,11.887298226356506
6620,2022-01-18 05:01:44,517401,11.882372498512268
6621,2022-01-18 06:01:11,517401,11.837315559387207
6622,2022-01-18 07:01:25,517401,11.821640133857727
6623,2022-01-18 07:01:13,517402,12.044174075126648
6624,2022-01-18 07:01:28,517403,11.82376742362976
6625,2022-01-18 07:01:39,517403,11.623950004577637
6626,2022-01-18 08:01:19,517403,11.666702628135681
6627,2022-01-18 08:01:23,517403,11.817211508750916
6628,2022-01-18 07:01:47,517404,11.795790791511536
6629,2022-01-18 08:01:29,517404,11.833970546722412
6630,2022-01-18 08:01:48,517404,11.835581064224243
6631,2022-01-18 09:01:37,517408,11.761955618858337
6632,2022-01-18 10:01:55,517408,11.855324506759644
6633,2022-01-18 10:01:14,517410,11.810204982757568
6634,2022-01-18 11:01:26,517410,11.804872155189514
6635,2022-01-18 11:01:54,517410,11.813892126083374
6636,2022-01-18 12:01:06,517410,11.939458847045898
6637,2022-01-18 04:01:09,517411,11.792849898338318
6638,2022-01-18 04:01:37,517411,11.791780591011047
6639,2022-01-18 05:01:16,517411,11.864116191864014
6640,2022-01-18 05:01:30,517411,11.776927709579468
6641,2022-01-18 12:01:10,517411,11.732008457183838
6642,2022-01-18 12:01:18,517411,11.962286233901978
6643,2022-01-18 12:01:54,517411,12.063794732093811
6644,2022-01-18 01:01:53,517412,11.838520169258118
6645,2022-01-18 05:01:16,517413,11.934794187545776
6646,2022-01-18 06:01:37,517413,11.825695633888245
6647,2022-01-18 07:01:09,517413,11.820828914642334
6648,2022-01-18 07:01:40,517413,11.559374928474426
6649,2022-01-18 05:01:22,517414,12.044750452041626
6650,2022-01-18 05:01:43,517414,11.978309154510498
6651,2022-01-18 06:01:12,517414,11.85241162776947
6652,2022-01-18 06:01:35,517414,11.741598844528198
6653,2022-01-18 05:01:33,517416,11.789147853851318
6654,2022-01-18 08:01:03,517416,11.592435240745544
6655,2022-01-18 08:01:45,517416,12.071039080619812
6656,2022-01-18 09:01:45,517416,11.754517555236816
6657,2022-01-18 06:01:17,517417,11.875066757202148
6658,2022-01-18 08:01:58,517417,11.929963231086731
6659,2022-01-18 09:01:02,517417,11.965171098709106
6660,2022-01-18 10:01:50,517418,11.849302053451538
6661,2022-01-18 11:01:28,517418,11.93437933921814
6662,2022-01-18 11:01:43,517418,11.916974782943726
6663,2022-01-18 11:01:51,517418,11.71065866947174
6664,2022-01-19 12:01:18,517418,11.78029477596283
6665,2022-01-19 01:01:01,517421,11.835982203483582
6666,2022-01-19 01:01:09,517421,11.996926069259644
6667,2022-01-19 01:01:51,517421,11.955012083053589
6668,2022-01-19 02:01:47,517421,11.783608198165894
6669,2022-01-19 12:01:44,517421,11.870477795600891
6670,2022-01-19 12:01:48,517421,11.946234107017517
6671,2022-01-19 01:01:00,517422,11.84678316116333
6672,2022-01-19 01:01:18,517422,11.956660747528076
6673,2022-01-19 02:01:17,517422,11.9582599401474
6674,2022-01-19 02:01:54,517422,11.919488310813904
6675,2022-01-19 03:01:44,517422,11.898102760314941
6676,2022-01-19 03:01:50,517422,11.7906254529953
6677,2022-01-19 02:01:02,517423,11.76995038986206
6678,2022-01-19 02:01:07,517423,11.842452883720398
6679,2022-01-19 02:01:41,517423,11.642007231712341
6680,2022-01-19 03:01:11,517423,11.876754760742188
6681,2022-01-19 03:01:13,517423,11.78648591041565
6682,2022-01-19 03:01:14,517423,12.025384902954102
6683,2022-01-19 03:01:28,517423,12.047133445739746
6684,2022-01-19 03:01:39,517423,11.996688842773438
6685,2022-01-19 04:01:05,517423,11.822153925895691
6686,2022-01-19 04:01:24,517423,11.895005702972412
6687,2022-01-19 04:01:13,517426,11.850153803825378
6688,2022-01-19 04:01:56,517426,11.978300213813782
6689,2022-01-19 04:01:58,517426,11.938685774803162
6690,2022-01-19 05:01:26,517426,11.787992715835571
6691,2022-01-19 05:01:31,517426,11.874990463256836
6692,2022-01-19 05:01:01,517427,11.889426112174988
6693,2022-01-19 05:01:40,517427,11.838738322257996
6694,2022-01-19 05:01:41,517427,11.71825647354126
6695,2022-01-19 06:01:00,517427,11.80838406085968
6696,2022-01-19 06:01:01,517427,11.83606207370758
6697,2022-01-19 06:01:09,517427,11.951261758804321
6698,2022-01-19 06:01:21,517427,11.987061500549316
6699,2022-01-19 06:01:25,517427,11.847037076950073
6700,2022-01-19 06:01:37,517427,11.893095970153809
6701,2022-01-19 06:01:38,517427,11.677898168563843
6702,2022-01-19 07:01:32,517427,11.82486355304718
6703,2022-01-19 07:01:44,517427,11.72541081905365
6704,2022-01-19 07:01:46,517427,11.730995178222656
6705,2022-01-19 07:01:14,517428,11.875633001327515
6706,2022-01-19 07:01:27,517428,11.966332197189331
6707,2022-01-19 07:01:46,517428,11.877156496047974
6708,2022-01-19 08:01:32,517428,11.77493929862976
6709,2022-01-19 08:01:46,517428,11.974814534187317
6710,2022-01-19 08:01:47,517428,11.78245484828949
6711,2022-01-19 07:01:14,517429,11.723564267158508
6712,2022-01-19 08:01:41,517429,11.876523494720459
6713,2022-01-19 07:01:18,517430,11.84420108795166
6714,2022-01-19 08:01:36,517430,11.937412023544312
6715,2022-01-19 09:01:53,517430,11.750691533088684
6716,2022-01-19 10:01:37,517430,11.76652193069458
6717,2022-01-19 01:01:47,517431,11.862940788269043
6718,2022-01-19 01:01:58,517431,11.748075485229492
6719,2022-01-19 09:01:27,517431,11.994608640670776
6720,2022-01-19 09:01:28,517431,11.946257948875427
6721,2022-01-19 10:01:24,517431,12.047093510627747
6722,2022-01-19 10:01:43,517431,12.020415663719177
6723,2022-01-19 10:01:45,517431,11.98721468448639
6724,2022-01-19 11:01:01,517431,11.839539408683777
6725,2022-01-19 11:01:07,517431,11.74780011177063
6726,2022-01-19 11:01:46,517431,11.796048283576965
6727,2022-01-19 12:01:13,517431,11.940311789512634
6728,2022-01-19 12:01:17,517431,11.933314800262451
6729,2022-01-19 12:01:46,517431,11.775192022323608
6730,2022-01-19 12:01:56,517431,11.838843822479248
6731,2022-01-19 01:01:04,517432,11.863341927528381
6732,2022-01-19 01:01:06,517432,11.893212795257568
6733,2022-01-19 01:01:06,517432,11.878785490989685
6734,2022-01-19 01:01:32,517432,11.786900162696838
6735,2022-01-19 01:01:40,517432,11.557175517082214
6736,2022-01-19 02:01:06,517432,11.848809123039246
6737,2022-01-19 02:01:37,517432,11.987820863723755
6738,2022-01-19 03:01:14,517432,11.660276055335999
6739,2022-01-19 03:01:31,517432,11.79775595664978
6740,2022-01-19 12:01:56,517432,11.722944378852844
6741,2022-01-19 01:01:10,517433,11.780969500541687
6742,2022-01-19 02:01:20,517433,11.824564933776855
6743,2022-01-19 02:01:15,517437,11.775745749473572
6744,2022-01-19 03:01:12,517437,11.833556890487671
6745,2022-01-19 03:01:43,517437,11.89058005809784
6746,2022-01-19 03:01:52,517437,11.67378544807434
6747,2022-01-19 04:01:55,517437,11.928622722625732
6748,2022-01-19 03:01:14,517438,11.972317695617676
6749,2022-01-19 03:01:32,517438,11.899983286857605
6750,2022-01-19 04:01:02,517438,11.84005618095398
6751,2022-01-19 04:01:41,517438,12.038138508796692
6752,2022-01-19 04:01:36,517439,11.847764253616333
6753,2022-01-19 05:01:30,517439,11.930963397026062
6754,2022-01-19 05:01:35,517441,11.838405728340149
6755,2022-01-19 05:01:14,517442,11.839075684547424
6756,2022-01-19 05:01:55,517442,11.864290833473206
6757,2022-01-19 05:01:57,517442,11.938027143478394
6758,2022-01-19 06:01:17,517442,11.774608492851257
6759,2022-01-19 06:01:22,517442,11.8421071767807
6760,2022-01-19 06:01:40,517442,11.804457306861877
6761,2022-01-19 07:01:51,517446,11.784000396728516
6762,2022-01-19 08:01:30,517446,11.728100180625916
6763,2022-01-19 08:01:04,517449,12.030916810035706
6764,2022-01-19 09:01:14,517449,11.869730949401855
6765,2022-01-19 09:01:09,517451,12.052151560783386
6766,2022-01-19 10:01:22,517451,11.821919679641724
6767,2022-01-20 12:01:20,517458,11.69235646724701
6768,2022-01-20 12:01:31,517458,11.89369261264801
6769,2022-01-20 01:01:53,517462,12.034682035446167
6770,2022-01-20 02:01:23,517462,11.880148649215698
6771,2022-01-20 03:01:15,517462,11.833909749984741
6772,2022-01-20 03:01:48,517462,11.782909631729126
6773,2022-01-20 04:01:08,517467,11.841474175453186
6774,2022-01-20 06:01:33,517467,11.812363862991333
6775,2022-01-20 05:01:30,517468,11.977957487106323
6776,2022-01-20 05:01:36,517468,12.028858065605164
6777,2022-01-20 05:01:06,517469,11.61388874053955
6778,2022-01-20 05:01:30,517469,11.952974200248718
6779,2022-01-20 06:01:04,517469,12.174177169799805
6780,2022-01-20 06:01:32,517469,11.870072484016418
6781,2022-01-20 07:01:53,517469,11.652435064315796
6782,2022-01-20 01:01:16,517470,11.979413628578186
6783,2022-01-20 01:01:28,517470,11.819331049919128
6784,2022-01-20 01:01:29,517470,12.057240605354309
6785,2022-01-20 01:01:35,517470,11.973190307617188
6786,2022-01-20 02:01:03,517470,11.891862154006958
6787,2022-01-20 02:01:18,517470,11.745622158050537
6788,2022-01-20 02:01:31,517470,11.814023852348328
6789,2022-01-20 02:01:56,517470,11.954864859580994
6790,2022-01-20 02:01:59,517470,11.887003183364868
6791,2022-01-20 03:01:06,517470,11.85778796672821
6792,2022-01-20 03:01:16,517470,11.931251883506775
6793,2022-01-20 03:01:23,517470,11.91274881362915
6794,2022-01-20 05:01:11,517470,11.86167061328888
6795,2022-01-20 06:01:23,517470,11.941619515419006
6796,2022-01-20 06:01:48,517470,12.11987853050232
6797,2022-01-20 06:01:57,517470,11.897996068000793
6798,2022-01-20 07:01:03,517470,11.62750780582428
6799,2022-01-20 07:01:14,517470,11.842553615570068
6800,2022-01-20 07:01:49,517470,11.89174473285675
6801,2022-01-20 07:01:51,517470,11.76590383052826
6802,2022-01-20 07:01:54,517470,11.845266819000244
6803,2022-01-20 08:01:37,517470,11.841780543327332
6804,2022-01-20 08:01:50,517470,11.759920120239258
6805,2022-01-20 08:01:51,517470,11.942288279533386
6806,2022-01-20 08:01:58,517470,11.82348906993866
6807,2022-01-20 09:01:10,517470,11.770160794258118
6808,2022-01-20 09:01:17,517470,11.714625358581543
6809,2022-01-20 10:01:10,517470,11.74170434474945
6810,2022-01-20 11:01:09,517470,11.79780662059784
6811,2022-01-20 11:01:27,517470,11.912881135940552
6812,2022-01-20 12:01:12,517470,11.949828267097473
6813,2022-01-20 12:01:22,517470,11.883507370948792
6814,2022-01-20 12:01:27,517470,11.948801279067993
6815,2022-01-20 12:01:50,517470,11.845483779907227
6816,2022-01-20 02:01:08,517471,11.884376406669617
6817,2022-01-20 02:01:09,517471,11.852880716323853
6818,2022-01-20 02:01:19,517471,11.951916217803955
6819,2022-01-20 02:01:21,517471,11.808677315711975
6820,2022-01-20 03:01:08,517471,11.740294098854065
6821,2022-01-20 03:01:15,517471,11.746413707733154
6822,2022-01-20 03:01:20,517471,11.842812299728394
6823,2022-01-20 03:01:21,517471,11.80134892463684
6824,2022-01-20 03:01:56,517471,11.864588260650635
6825,2022-01-20 03:01:38,517472,11.89058780670166
6826,2022-01-20 03:01:11,517473,11.969853043556213
6827,2022-01-20 03:01:52,517473,11.84101939201355
6828,2022-01-20 05:01:52,517473,11.895411014556885
6829,2022-01-20 04:01:02,517474,11.765217781066895
6830,2022-01-20 04:01:48,517474,11.814754009246826
6831,2022-01-20 05:01:12,517476,11.962316036224365
6832,2022-01-20 05:01:49,517476,11.934412121772766
6833,2022-01-20 06:01:07,517476,11.833813190460205
6834,2022-01-20 06:01:41,517476,11.751128435134888
6835,2022-01-20 07:01:12,517476,11.889137029647827
6836,2022-01-20 07:01:37,517476,11.879152655601501
6837,2022-01-20 06:01:28,517478,11.935098767280579
6838,2022-01-20 07:01:58,517478,11.832445859909058
6839,2022-01-20 06:01:51,517479,12.045074701309204
6840,2022-01-20 08:01:05,517479,12.08200752735138
6841,2022-01-20 09:01:03,517480,11.949958205223083
6842,2022-01-20 10:01:01,517480,12.068704962730408
6843,2022-01-20 08:01:20,517482,11.896295547485352
6844,2022-01-20 09:01:21,517482,11.984096765518188
6845,2022-01-20 09:01:39,517483,11.528717875480652
6846,2022-01-20 09:01:40,517483,11.827157139778137
6847,2022-01-20 10:01:01,517483,11.918299198150635
6848,2022-01-20 10:01:49,517483,11.733022332191467
6849,2022-01-20 11:01:15,517483,11.861768364906311
6850,2022-01-20 11:01:57,517483,11.882335543632507
6851,2022-01-20 09:01:12,517484,11.823331117630005
6852,2022-01-20 09:01:21,517485,11.853294372558594
6853,2022-01-20 11:01:22,517489,11.956355571746826
6854,2022-01-21 12:01:04,517489,11.837852001190186
6855,2022-01-20 11:01:48,517491,11.805199384689331
6856,2022-01-21 12:01:34,517491,11.929518580436707
6857,2022-01-21 12:01:05,517494,11.844016909599304
6858,2022-01-21 12:01:08,517494,11.704396605491638
6859,2022-01-21 12:01:21,517494,11.83164656162262
6860,2022-01-21 12:01:48,517494,11.806972026824951
6861,2022-01-21 01:01:56,517498,12.019574642181396
6862,2022-01-21 03:01:03,517498,11.857877373695374
6863,2022-01-21 01:01:36,517500,11.850993633270264
6864,2022-01-21 01:01:56,517500,11.900588274002075
6865,2022-01-21 02:01:39,517500,11.957082748413086
6866,2022-01-21 03:01:37,517500,11.991501450538635
6867,2022-01-21 04:01:41,517500,11.945513486862183
6868,2022-01-21 05:01:34,517500,11.925655603408813
6869,2022-01-21 06:01:05,517500,11.948182582855225
6870,2022-01-21 06:01:35,517500,11.94589912891388
6871,2022-01-21 07:01:12,517500,12.060334086418152
6872,2022-01-21 07:01:22,517500,12.006379961967468
6873,2022-01-21 07:01:23,517500,11.827433109283447
6874,2022-01-21 07:01:27,517500,11.802553534507751
6875,2022-01-21 07:01:28,517500,11.778321266174316
6876,2022-01-21 08:01:26,517500,11.955443024635315
6877,2022-01-21 08:01:30,517500,11.765552759170532
6878,2022-01-21 09:01:03,517500,11.934458017349243
6879,2022-01-21 10:01:06,517500,11.82461678981781
6880,2022-01-21 10:01:10,517500,12.018076777458191
6881,2022-01-21 10:01:20,517500,12.013800144195557
6882,2022-01-21 10:01:20,517500,11.939014792442322
6883,2022-01-21 11:01:07,517500,11.929399967193604
6884,2022-01-21 11:01:10,517500,11.908338069915771
6885,2022-01-21 11:01:21,517500,11.874392032623291
6886,2022-01-21 11:01:39,517500,11.866373419761658
6887,2022-01-21 11:01:46,517500,11.899341344833374
6888,2022-01-21 11:01:50,517500,11.925942301750183
6889,2022-01-21 12:01:19,517500,11.908214092254639
6890,2022-01-21 12:01:33,517500,11.753948330879211
6891,2022-01-21 01:01:31,517501,11.894658207893372
6892,2022-01-21 01:01:36,517501,11.962268948554993
6893,2022-01-21 02:01:29,517501,11.817195415496826
6894,2022-01-21 12:01:32,517501,11.819388270378113
6895,2022-01-21 01:01:47,517502,11.881616115570068
6896,2022-01-21 02:01:17,517502,12.080190777778625
6897,2022-01-21 02:01:27,517502,11.931685209274292
6898,2022-01-21 02:01:39,517502,11.9501394033432
6899,2022-01-21 02:01:42,517502,12.04759657382965
6900,2022-01-21 02:01:56,517502,11.982807517051697
6901,2022-01-21 03:01:10,517502,12.051645517349243
6902,2022-01-21 03:01:48,517502,11.918135285377502
6903,2022-01-21 04:01:12,517502,11.869794130325317
6904,2022-01-21 04:01:13,517502,11.946608424186707
6905,2022-01-21 04:01:28,517502,11.973497867584229
6906,2022-01-21 04:01:41,517502,11.907269358634949
6907,2022-01-21 05:01:34,517502,11.928918957710266
6908,2022-01-21 03:01:10,517503,11.848083138465881
6909,2022-01-21 03:01:08,517504,11.827646493911743
6910,2022-01-21 04:01:15,517504,12.025686502456665
6911,2022-01-21 04:01:31,517504,11.97550117969513
6912,2022-01-21 04:01:40,517504,11.806092262268066
6913,2022-01-21 04:01:54,517504,11.881657242774963
6914,2022-01-21 05:01:25,517504,11.944413781166077
6915,2022-01-21 06:01:10,517504,12.134491205215454
6916,2022-01-21 05:01:02,517505,11.890062689781189
6917,2022-01-21 05:01:46,517505,11.828181147575378
6918,2022-01-21 05:01:55,517505,11.955892443656921
6919,2022-01-21 06:01:40,517505,11.876319646835327
6920,2022-01-21 07:01:02,517505,11.921257376670837
6921,2022-01-21 05:01:00,517506,12.095695734024048
6922,2022-01-21 06:01:46,517506,11.896436214447021
6923,2022-01-21 05:01:25,517507,11.888660788536072
6924,2022-01-21 06:01:45,517508,11.978788375854492
6925,2022-01-21 07:01:48,517508,11.95893108844757
6926,2022-01-21 06:01:11,517510,12.082362174987793
6927,2022-01-21 06:01:59,517510,12.074401378631592
6928,2022-01-21 08:01:37,517510,11.7861807346344
6929,2022-01-21 08:01:54,517511,11.97507381439209
6930,2022-01-21 09:01:15,517511,11.921285390853882
6931,2022-01-21 09:01:50,517511,11.86002254486084
6932,2022-01-21 09:01:55,517511,11.869914531707764
6933,2022-01-21 08:01:16,517515,12.028220295906067
6934,2022-01-21 08:01:46,517515,11.797619462013245
6935,2022-01-21 09:01:09,517515,12.051532864570618
6936,2022-01-21 09:01:16,517515,11.830503344535828
6937,2022-01-21 09:01:37,517515,11.90492570400238
6938,2022-01-21 09:01:39,517515,11.927831172943115
6939,2022-01-21 09:01:39,517515,11.868285536766052
6940,2022-01-21 09:01:59,517515,11.894800066947937
6941,2022-01-21 08:01:15,517517,11.993833184242249
6942,2022-01-21 09:01:15,517517,12.055626511573792
6943,2022-01-21 09:01:42,517517,11.884263157844543
6944,2022-01-21 11:01:06,517517,12.190861105918884
6945,2022-01-21 10:01:20,517520,11.952723264694214
6946,2022-01-21 11:01:33,517520,11.918447613716125
6947,2022-01-21 11:01:21,517521,11.733339428901672
6948,2022-01-22 01:01:32,517521,11.833346486091614
6949,2022-01-22 01:01:51,517521,11.804150342941284
6950,2022-01-22 12:01:37,517521,11.883326172828674
6951,2022-01-22 12:01:55,517521,11.703726649284363
6952,2022-01-22 12:01:57,517521,11.988877058029175
6953,2022-01-22 01:01:24,517526,12.014557123184204
6954,2022-01-22 02:01:20,517526,11.849382519721985
6955,2022-01-22 04:01:37,517535,11.969992518424988
6956,2022-01-22 04:01:58,517535,11.892247796058655
6957,2022-01-22 07:01:42,517535,12.190563082695007
6958,2022-01-22 07:01:54,517535,11.880879402160645
6959,2022-01-22 10:01:11,517535,11.979949474334717
6960,2022-01-22 10:01:46,517535,11.94933533668518
6961,2022-01-22 08:01:54,517538,11.86679720878601
6962,2022-01-23 05:01:55,517539,12.065749168395996
6963,2022-01-23 09:01:32,517539,11.990565061569214
6964,2022-01-23 10:01:55,517539,12.00810194015503
6965,2022-01-23 02:01:18,517540,11.837167739868164
6966,2022-01-23 02:01:26,517540,12.042367458343506
6967,2022-01-23 02:01:34,517540,11.739925742149353
6968,2022-01-23 02:01:41,517540,11.84699296951294
6969,2022-01-23 03:01:36,517540,11.878795623779297
6970,2022-01-23 04:01:47,517541,11.894367337226868
6971,2022-01-23 05:01:52,517541,12.012792825698853
6972,2022-01-23 08:01:04,517543,11.824915409088135
6973,2022-01-23 09:01:00,517543,11.951484680175781
6974,2022-01-23 09:01:36,517543,11.922320127487183
6975,2022-01-23 10:01:36,517543,11.880033612251282
6976,2022-01-23 11:01:04,517543,12.026324272155762
6977,2022-01-24 12:01:18,517543,11.890227794647217
6978,2022-01-24 12:01:51,517543,11.902503371238708
6979,2022-01-24 05:01:53,517547,11.85947060585022
6980,2022-01-24 06:01:37,517547,11.91464900970459
6981,2022-01-24 07:01:46,517547,11.749805808067322
6982,2022-01-24 05:01:47,517548,11.827364563941956
6983,2022-01-24 06:01:14,517548,11.881099343299866
6984,2022-01-24 06:01:36,517549,11.95885419845581
6985,2022-01-24 06:01:42,517549,12.003454566001892
6986,2022-01-24 08:01:00,517549,12.03836977481842
6987,2022-01-24 09:01:48,517549,11.909810304641724
6988,2022-01-24 10:01:02,517550,11.861998438835144
6989,2022-01-24 10:01:17,517550,11.928004622459412
6990,2022-01-24 11:01:34,517550,11.831530928611755
6991,2022-01-24 11:01:37,517550,11.921337246894836
6992,2022-01-24 11:01:43,517550,11.975640654563904
6993,2022-01-24 12:01:54,517550,11.922149062156677
6994,2022-01-24 11:01:05,517551,11.888598203659058
6995,2022-01-24 11:01:52,517551,11.888265013694763
6996,2022-01-24 12:01:30,517551,11.742513179779053
6997,2022-01-24 12:01:32,517551,11.83918833732605
6998,2022-01-24 02:01:47,517552,12.04602599143982
6999,2022-01-24 11:01:53,517552,12.070159912109375
7000,2022-01-24 12:01:08,517552,11.913641095161438
7001,2022-01-24 12:01:26,517552,11.993542313575745
7002,2022-01-24 12:01:41,517552,11.773200631141663
7003,2022-01-24 12:01:46,517552,11.969518661499023
7004,2022-01-24 12:01:50,517552,11.517369747161865
7005,2022-01-24 01:01:47,517553,11.961795687675476
7006,2022-01-24 02:01:07,517553,11.959213614463806
7007,2022-01-24 02:01:24,517554,11.815267205238342
7008,2022-01-24 03:01:32,517554,11.916900873184204
7009,2022-01-24 02:01:48,517555,11.932842135429382
7010,2022-01-24 02:01:52,517555,11.865548491477966
7011,2022-01-24 02:01:56,517555,11.78033173084259
7012,2022-01-24 03:01:12,517555,11.9817453622818
7013,2022-01-24 03:01:39,517555,11.743073463439941
7014,2022-01-24 03:01:42,517555,11.78831934928894
7015,2022-01-24 03:01:53,517555,11.887224912643433
7016,2022-01-24 04:01:12,517555,11.770415902137756
7017,2022-01-24 04:01:23,517555,11.845058798789978
7018,2022-01-24 04:01:49,517555,11.845752596855164
7019,2022-01-24 03:01:21,517556,11.84213638305664
7020,2022-01-24 03:01:29,517556,11.790258288383484
7021,2022-01-24 03:01:37,517556,12.019699811935425
7022,2022-01-24 03:01:57,517556,11.766768097877502
7023,2022-01-24 04:01:03,517556,11.949156522750854
7024,2022-01-24 04:01:03,517556,11.655645966529846
7025,2022-01-24 04:01:33,517556,11.797562837600708
7026,2022-01-24 04:01:36,517556,11.824424266815186
7027,2022-01-24 04:01:52,517556,11.794793009757996
7028,2022-01-24 05:01:04,517556,11.773969531059265
7029,2022-01-24 06:01:03,517556,11.516865491867065
7030,2022-01-24 06:01:09,517556,11.722201108932495
7031,2022-01-25 01:01:47,517556,11.707757115364075
7032,2022-01-24 05:01:37,517559,11.914556622505188
7033,2022-01-24 05:01:41,517559,11.88805639743805
7034,2022-01-24 07:01:52,517559,11.956325769424438
7035,2022-01-24 07:01:17,517561,11.96441650390625
7036,2022-01-24 07:01:52,517561,11.673616766929626
7037,2022-01-24 08:01:41,517561,11.78086519241333
7038,2022-01-24 09:01:01,517561,11.686895489692688
7039,2022-01-24 09:01:43,517561,11.881487369537354
7040,2022-01-24 10:01:08,517561,11.948024034500122
7041,2022-01-24 08:01:52,517562,11.926270127296448
7042,2022-01-24 09:01:43,517562,11.92895233631134
7043,2022-01-24 09:01:51,517563,11.807299256324768
7044,2022-01-24 10:01:14,517563,11.875325441360474
7045,2022-01-24 09:01:08,517564,11.836203336715698
7046,2022-01-24 09:01:24,517564,11.914504170417786
7047,2022-01-24 10:01:05,517564,11.762326955795288
7048,2022-01-24 10:01:31,517564,11.74121379852295
7049,2022-01-24 10:01:35,517564,11.949105262756348
7050,2022-01-24 11:01:18,517564,11.950933933258057
7051,2022-01-25 02:01:05,517568,11.830029487609863
7052,2022-01-25 02:01:16,517568,11.930552124977112
7053,2022-01-25 02:01:37,517568,11.816412210464478
7054,2022-01-25 02:01:54,517568,12.14215099811554
7055,2022-01-25 03:01:03,517568,11.901811361312866
7056,2022-01-25 04:01:15,517568,11.831865310668945
7057,2022-01-25 04:01:22,517568,11.909469962120056
7058,2022-01-25 04:01:33,517568,11.69715404510498
7059,2022-01-25 05:01:09,517573,11.786153316497803
7060,2022-01-25 06:01:03,517573,11.802796721458435
7061,2022-01-25 06:01:30,517573,11.615229845046997
7062,2022-01-25 07:01:03,517573,11.93916916847229
7063,2022-01-25 07:01:20,517573,11.758212447166443
7064,2022-01-25 08:01:12,517574,11.727584600448608
7065,2022-01-25 08:01:29,517574,11.66340708732605
7066,2022-01-25 08:01:36,517574,11.662302613258362
7067,2022-01-25 08:01:57,517574,11.69781506061554
7068,2022-01-25 09:01:00,517574,11.68907642364502
7069,2022-01-25 09:01:30,517574,11.765286922454834
7070,2022-01-25 10:01:02,517574,11.30949318408966
7071,2022-01-25 10:01:58,517574,11.701589822769165
7072,2022-01-25 12:01:11,517574,11.586086750030518
7073,2022-01-25 11:01:43,517575,11.604686975479126
7074,2022-01-25 12:01:30,517575,11.766111254692078
7075,2022-01-25 02:01:44,517577,11.793569326400757
7076,2022-01-25 12:01:22,517577,11.617616415023804
7077,2022-01-25 01:01:08,517578,11.739900708198547
7078,2022-01-25 02:01:03,517578,11.698556542396545
7079,2022-01-25 02:01:42,517578,11.497987508773804
7080,2022-01-25 03:01:09,517578,11.44105315208435
7081,2022-01-25 03:01:56,517578,11.760655641555786
7082,2022-01-25 03:01:21,517580,11.68896734714508
7083,2022-01-25 03:01:39,517580,11.534996628761292
7084,2022-01-25 03:01:57,517580,11.662514805793762
7085,2022-01-25 04:01:08,517580,11.788207292556763
7086,2022-01-25 04:01:09,517580,11.659149527549744
7087,2022-01-25 04:01:10,517580,11.749576926231384
7088,2022-01-25 04:01:25,517580,11.804499626159668
7089,2022-01-25 04:01:29,517580,11.633248925209045
7090,2022-01-25 04:01:33,517580,11.707468032836914
7091,2022-01-25 04:01:41,517580,11.67218029499054
7092,2022-01-25 04:01:41,517580,11.614248752593994
7093,2022-01-25 05:01:02,517580,11.772881746292114
7094,2022-01-25 05:01:11,517580,11.750500798225403
7095,2022-01-25 05:01:22,517580,11.701886057853699
7096,2022-01-25 05:01:27,517580,11.78238570690155
7097,2022-01-25 05:01:41,517580,11.550086736679077
7098,2022-01-25 05:01:44,517580,11.724897027015686
7099,2022-01-25 05:01:50,517580,11.765056252479553
7100,2022-01-25 06:01:54,517580,11.691132187843323
7101,2022-01-25 06:01:58,517580,11.831998825073242
7102,2022-01-25 07:01:09,517580,11.566646695137024
7103,2022-01-25 06:01:17,517582,11.510898470878601
7104,2022-01-25 06:01:28,517582,11.693390011787415
7105,2022-01-25 07:01:52,517582,11.750785112380981
7106,2022-01-25 08:01:02,517582,11.838183403015137
7107,2022-01-25 08:01:03,517582,11.6740220785141
7108,2022-01-25 08:01:18,517582,11.600674986839294
7109,2022-01-25 08:01:27,517582,11.617884039878845
7110,2022-01-25 08:01:33,517582,11.695084571838379
7111,2022-01-25 09:01:06,517582,11.689627766609192
7112,2022-01-25 09:01:27,517582,11.68720543384552
7113,2022-01-25 09:01:46,517582,11.615985631942749
7114,2022-01-25 09:01:54,517582,11.756408214569092
7115,2022-01-25 08:01:11,517583,11.677860021591187
7116,2022-01-25 09:01:41,517583,11.669576168060303
7117,2022-01-25 09:01:47,517583,11.662513017654419
7118,2022-01-25 09:01:57,517583,11.788126230239868
7119,2022-01-25 10:01:05,517583,11.8063223361969
7120,2022-01-25 10:01:09,517583,11.757970452308655
7121,2022-01-25 10:01:13,517583,11.536323428153992
7122,2022-01-25 10:01:21,517583,11.588084101676941
7123,2022-01-25 10:01:54,517583,11.574791073799133
7124,2022-01-25 11:01:13,517583,11.74058735370636
7125,2022-01-25 11:01:47,517583,11.595996618270874
7126,2022-01-25 10:01:34,517584,11.683513522148132
7127,2022-01-25 10:01:10,517586,11.680776476860046
7128,2022-01-25 11:01:46,517586,11.698444485664368
7129,2022-01-26 01:01:44,517586,11.787524223327637
7130,2022-01-25 11:01:03,517588,11.72269344329834
7131,2022-01-25 11:01:58,517588,11.650230884552002
7132,2022-01-26 01:01:27,517588,11.80498719215393
7133,2022-01-26 02:01:34,517588,11.635404825210571
7134,2022-01-26 02:01:43,517597,11.604284048080444
7135,2022-01-26 06:01:29,517597,11.701197624206543
7136,2022-01-26 07:01:10,517600,11.73437237739563
7137,2022-01-26 07:01:17,517600,11.71274185180664
7138,2022-01-26 07:01:33,517600,11.781366467475891
7139,2022-01-26 09:01:12,517600,11.85970425605774
7140,2022-01-26 09:01:15,517600,11.971092820167542
7141,2022-01-26 10:01:52,517600,11.623561382293701
7142,2022-01-26 10:01:55,517601,11.659135818481445
7143,2022-01-26 11:01:50,517601,11.559617519378662
7144,2022-01-26 10:01:10,517602,11.620378494262695
7145,2022-01-26 10:01:15,517602,11.719550490379333
7146,2022-01-26 11:01:04,517602,11.896617412567139
7147,2022-01-26 11:01:09,517602,11.946191191673279
7148,2022-01-26 11:01:30,517602,11.597171425819397
7149,2022-01-26 11:01:39,517602,11.873384714126587
7150,2022-01-26 11:01:46,517602,11.593909859657288
7151,2022-01-26 12:01:28,517602,11.560514569282532
7152,2022-01-26 12:01:44,517602,11.600291728973389
7153,2022-01-26 12:01:48,517602,11.804781556129456
7154,2022-01-26 12:01:52,517602,11.575461030006409
7155,2022-01-26 12:01:59,517602,11.72475814819336
7156,2022-01-26 01:01:12,517603,11.790762543678284
7157,2022-01-26 01:01:36,517603,11.920195817947388
7158,2022-01-26 12:01:30,517603,11.768927574157715
7159,2022-01-26 12:01:45,517603,11.911602020263672
7160,2022-01-26 01:01:36,517604,11.649996042251587
7161,2022-01-26 12:01:02,517604,11.717767715454102
7162,2022-01-26 01:01:10,517606,11.77843689918518
7163,2022-01-26 01:01:28,517606,11.674500703811646
7164,2022-01-26 01:01:52,517606,11.665631532669067
7165,2022-01-26 03:01:04,517606,11.54356837272644
7166,2022-01-26 03:01:12,517606,11.766075491905212
7167,2022-01-26 03:01:33,517606,11.7818021774292
7168,2022-01-26 12:01:29,517606,11.933518648147583
7169,2022-01-26 12:01:34,517606,11.706035733222961
7170,2022-01-26 12:01:57,517606,11.682808995246887
7171,2022-01-26 03:01:56,517607,11.885777115821838
7172,2022-01-26 03:01:56,517607,11.728795170783997
7173,2022-01-26 03:01:28,517608,11.63139522075653
7174,2022-01-26 04:01:19,517608,11.650518774986267
7175,2022-01-26 05:01:39,517608,11.572090983390808
7176,2022-01-26 04:01:17,517610,11.773478388786316
7177,2022-01-26 05:01:04,517610,11.640193462371826
7178,2022-01-26 04:01:41,517611,11.857202649116516
7179,2022-01-26 05:01:45,517611,11.63760244846344
7180,2022-01-26 07:01:25,517619,11.752705574035645
7181,2022-01-26 08:01:13,517619,11.570925116539001
7182,2022-01-26 08:01:50,517619,11.831608414649963
7183,2022-01-26 09:01:49,517619,11.863236427307129
7184,2022-01-26 09:01:47,517620,11.341993808746338
7185,2022-01-26 09:01:59,517620,11.845221519470215
7186,2022-01-27 03:01:38,517627,11.741376519203186
7187,2022-01-27 04:01:42,517627,11.649550795555115
7188,2022-01-27 05:01:29,517627,11.520079374313354
7189,2022-01-27 05:01:51,517627,11.665669679641724
7190,2022-01-27 01:01:06,517628,11.675346493721008
7191,2022-01-27 01:01:13,517628,11.777613162994385
7192,2022-01-27 01:01:18,517628,11.82249665260315
7193,2022-01-27 01:01:23,517628,11.701825857162476
7194,2022-01-27 01:01:55,517628,11.810408234596252
7195,2022-01-27 02:01:01,517628,11.658823490142822
7196,2022-01-27 02:01:08,517628,11.384960412979126
7197,2022-01-27 02:01:10,517628,11.707741022109985
7198,2022-01-27 02:01:15,517628,11.743830442428589
7199,2022-01-27 02:01:36,517628,11.73067569732666
7200,2022-01-27 02:01:49,517628,11.612858176231384
7201,2022-01-27 02:01:56,517628,11.56632661819458
7202,2022-01-27 03:01:19,517628,11.80726170539856
7203,2022-01-27 03:01:26,517628,11.797580122947693
7204,2022-01-27 03:01:32,517628,11.792458295822144
7205,2022-01-27 05:01:35,517628,11.78652822971344
7206,2022-01-27 05:01:41,517628,11.749630570411682
7207,2022-01-27 05:01:49,517628,11.921484470367432
7208,2022-01-27 06:01:11,517628,11.812637448310852
7209,2022-01-27 06:01:12,517628,11.820352673530579
7210,2022-01-27 06:01:16,517628,11.734508275985718
7211,2022-01-27 06:01:28,517628,11.676480174064636
7212,2022-01-27 06:01:32,517628,11.618390083312988
7213,2022-01-27 06:01:36,517628,11.8048495054245
7214,2022-01-27 06:01:43,517628,11.655247807502747
7215,2022-01-27 06:01:55,517628,11.663111448287964
7216,2022-01-27 06:01:56,517628,11.811866164207458
7217,2022-01-27 06:01:57,517628,11.549811959266663
7218,2022-01-27 07:01:03,517628,11.577600240707397
7219,2022-01-27 07:01:12,517628,11.723142862319946
7220,2022-01-27 07:01:21,517628,11.703599095344543
7221,2022-01-27 07:01:25,517628,11.656293869018555
7222,2022-01-27 07:01:34,517628,11.826698780059814
7223,2022-01-27 08:01:07,517628,11.70742154121399
7224,2022-01-27 08:01:28,517628,11.68294072151184
7225,2022-01-27 08:01:41,517628,11.606729626655579
7226,2022-01-27 08:01:54,517628,11.64079487323761
7227,2022-01-27 09:01:20,517628,11.732382774353027
7228,2022-01-27 10:01:17,517628,11.736494302749634
7229,2022-01-27 11:01:16,517628,11.788889765739441
7230,2022-01-27 11:01:24,517628,11.830266118049622
7231,2022-01-27 12:01:19,517628,11.868354082107544
7232,2022-01-27 12:01:37,517628,11.896449327468872
7233,2022-01-27 12:01:41,517628,11.71937346458435
7234,2022-01-27 03:01:03,517629,11.701151728630066
7235,2022-01-27 03:01:25,517629,11.737943887710571
7236,2022-01-27 03:01:37,517629,11.716942191123962
7237,2022-01-27 03:01:52,517629,11.780800223350525
7238,2022-01-27 06:01:05,517629,11.592097878456116
7239,2022-01-27 06:01:29,517629,11.746873259544373
7240,2022-01-27 06:01:33,517629,11.44530475139618
7241,2022-01-27 06:01:57,517629,11.745707988739014
7242,2022-01-27 03:01:16,517630,11.700820922851562
7243,2022-01-27 07:01:08,517630,11.845691800117493
7244,2022-01-27 07:01:42,517630,11.827847957611084
7245,2022-01-27 09:01:55,517630,11.715531945228577
7246,2022-01-27 10:01:04,517630,11.495820879936218
7247,2022-01-27 10:01:18,517630,11.551086902618408
7248,2022-01-27 07:01:20,517631,11.72648310661316
7249,2022-01-27 10:01:53,517631,11.687030792236328
7250,2022-01-27 07:01:02,517633,11.750425696372986
7251,2022-01-27 08:01:42,517633,11.808531880378723
7252,2022-01-27 08:01:59,517633,11.666197776794434
7253,2022-01-27 11:01:44,517633,11.691476106643677
7254,2022-01-27 09:01:01,517635,11.781622767448425
7255,2022-01-27 10:01:32,517635,11.67897343635559
7256,2022-01-27 11:01:05,517635,11.824010610580444
7257,2022-01-27 11:01:28,517635,11.621810793876648
7258,2022-01-27 11:01:46,517635,11.691848635673523
7259,2022-01-28 01:01:48,517635,11.651172041893005
7260,2022-01-28 12:01:20,517635,11.67839527130127
7261,2022-01-28 12:01:24,517635,11.672040224075317
7262,2022-01-28 01:01:00,517636,11.7910635471344
7263,2022-01-28 12:01:49,517636,11.647242903709412
7264,2022-01-28 01:01:12,517637,11.840442419052124
7265,2022-01-28 02:01:23,517637,11.858639121055603
7266,2022-01-28 01:01:29,517640,11.782735586166382
7267,2022-01-28 03:01:16,517640,11.351658701896667
7268,2022-01-28 03:01:27,517640,11.792797446250916
7269,2022-01-28 03:01:27,517640,11.711695194244385
7270,2022-01-28 02:01:09,517642,11.368409991264343
7271,2022-01-28 02:01:50,517643,11.660774946212769
7272,2022-01-28 03:01:30,517643,11.55521035194397
7273,2022-01-28 02:01:36,517644,11.757861375808716
7274,2022-01-28 03:01:57,517644,11.851527094841003
7275,2022-01-28 02:01:19,517645,11.772710084915161
7276,2022-01-28 03:01:05,517645,11.529583930969238
7277,2022-01-28 04:01:25,517646,11.739344596862793
7278,2022-01-28 05:01:31,517646,11.68095052242279
7279,2022-01-28 04:01:01,517647,11.651894450187683
7280,2022-01-28 07:01:37,517649,12.020167112350464
7281,2022-01-28 08:01:42,517649,11.643966436386108
7282,2022-01-28 08:01:45,517649,11.697295308113098
7283,2022-01-28 09:01:19,517649,11.683987975120544
7284,2022-01-28 08:01:05,517650,11.876299977302551
7285,2022-01-28 09:01:13,517651,11.773979663848877
7286,2022-01-28 10:01:21,517651,11.776389479637146
7287,2022-01-28 10:01:28,517651,11.600476503372192
7288,2022-01-28 10:01:29,517651,11.706616878509521
7289,2022-01-28 10:01:39,517651,11.84600830078125
7290,2022-01-28 11:01:29,517651,11.724899411201477
7291,2022-01-28 11:01:35,517651,11.683345437049866
7292,2022-01-28 11:01:52,517651,11.835194826126099
7293,2022-01-28 12:01:58,517651,11.875793933868408
7294,2022-01-28 01:01:38,517652,11.714454889297485
7295,2022-01-28 01:01:42,517652,11.656174063682556
7296,2022-01-28 02:01:44,517652,11.735001802444458
7297,2022-01-28 11:01:55,517652,11.730663776397705
7298,2022-01-28 11:01:55,517652,11.737939715385437
7299,2022-01-28 12:01:07,517652,11.646288633346558
7300,2022-01-28 12:01:09,517652,11.646568179130554
7301,2022-01-28 12:01:13,517652,11.8736732006073
7302,2022-01-28 12:01:25,517652,11.751399636268616
7303,2022-01-28 12:01:35,517652,11.683355569839478
7304,2022-01-28 12:01:44,517652,11.682808995246887
7305,2022-01-28 12:01:50,517652,11.900922656059265
7306,2022-01-28 03:01:26,517653,11.75997257232666
7307,2022-01-28 04:01:46,517653,11.733229756355286
7308,2022-01-28 01:01:58,517654,11.800124049186707
7309,2022-01-28 02:01:43,517654,11.565431356430054
7310,2022-01-28 03:01:50,517654,11.624432802200317
7311,2022-01-28 04:01:38,517654,11.818016171455383
7312,2022-01-28 03:01:37,517656,11.712551712989807
7313,2022-01-28 04:01:11,517656,11.636107563972473
7314,2022-01-28 06:01:29,517661,11.760759949684143
7315,2022-01-28 06:01:50,517661,11.704310774803162
7316,2022-01-28 06:01:44,517663,11.792790293693542
7317,2022-01-28 07:01:53,517663,11.754593253135681
7318,2022-01-28 08:01:37,517663,11.626473069190979
7319,2022-01-28 07:01:33,517664,11.6120445728302
7320,2022-01-28 08:01:34,517664,11.86358392238617
7321,2022-01-28 07:01:10,517665,11.749009490013123
7322,2022-01-28 08:01:06,517665,11.797727942466736
7323,2022-01-28 08:01:17,517665,11.600756645202637
7324,2022-01-28 09:01:06,517665,11.741728782653809
7325,2022-01-28 09:01:25,517665,11.693358421325684
7326,2022-01-28 09:01:43,517665,11.637123823165894
7327,2022-01-28 09:01:44,517665,11.76464319229126
7328,2022-01-28 10:01:07,517665,11.763754487037659
7329,2022-01-28 10:01:09,517665,11.70910656452179
7330,2022-01-28 10:01:36,517665,11.721233129501343
7331,2022-01-28 09:01:05,517667,11.668062210083008
7332,2022-01-28 10:01:33,517667,11.93903386592865
7333,2022-01-28 10:01:50,517668,11.740263104438782
7334,2022-01-28 10:01:38,517669,11.76485300064087
7335,2022-01-28 11:01:21,517669,11.737274527549744
7336,2022-01-28 11:01:35,517669,11.666550636291504
7337,2022-01-28 11:01:54,517670,11.690584421157837
7338,2022-01-29 12:01:47,517670,11.648944020271301
7339,2022-01-29 01:01:59,517673,11.89196527004242
7340,2022-01-29 02:01:11,517673,11.814725995063782
7341,2022-01-29 02:01:28,517673,11.596183776855469
7342,2022-01-29 03:01:03,517673,11.681365370750427
7343,2022-01-29 08:01:51,517676,11.84654712677002
7344,2022-01-29 09:01:14,517676,11.647955179214478
7345,2022-01-29 02:01:03,517677,11.762851476669312
7346,2022-01-29 02:01:04,517677,11.9474595785141
7347,2022-01-29 03:01:47,517677,11.735114455223083
7348,2022-01-30 01:01:27,517678,11.800154447555542
7349,2022-01-30 02:01:32,517678,11.779233813285828
7350,2022-01-30 04:01:25,517678,11.77972674369812
7351,2022-01-30 04:01:57,517678,11.846897006034851
7352,2022-01-30 05:01:00,517678,11.821260452270508
7353,2022-01-30 05:01:08,517678,11.727785468101501
7354,2022-01-30 05:01:31,517678,11.716705560684204
7355,2022-01-30 12:01:56,517678,11.898251175880432
7356,2022-01-30 01:01:59,517679,11.74484133720398
7357,2022-01-30 02:01:47,517679,11.717919111251831
7358,2022-01-30 12:01:36,517679,11.780367493629456
7359,2022-01-30 05:01:46,517680,11.824964880943298
7360,2022-01-30 06:01:18,517680,11.777764558792114
7361,2022-01-31 11:01:48,517686,11.867538690567017
7362,2022-01-31 11:01:19,517687,11.923800706863403
7363,2022-01-31 12:01:08,517687,11.7666494846344
7364,2022-01-31 01:01:03,517688,11.85631513595581
7365,2022-01-31 01:01:16,517688,11.933516263961792
7366,2022-01-31 01:01:20,517688,11.586593389511108
7367,2022-01-31 02:01:08,517688,12.005844116210938
7368,2022-01-31 02:01:35,517688,11.874791383743286
7369,2022-01-31 02:01:47,517688,11.770643591880798
7370,2022-01-31 05:01:45,517688,11.77260160446167
7371,2022-01-31 01:01:23,517689,11.9293612241745
7372,2022-01-31 02:01:03,517689,11.84041142463684
7373,2022-01-31 02:01:17,517689,11.636255383491516
7374,2022-01-31 02:01:17,517689,11.657088994979858
7375,2022-01-31 02:01:30,517689,11.759867072105408
7376,2022-01-31 02:01:40,517689,11.73924446105957
7377,2022-01-31 05:01:15,517689,11.70056402683258
7378,2022-01-31 05:01:52,517689,11.82443380355835
7379,2022-01-31 02:01:24,517690,11.787381768226624
7380,2022-01-31 03:01:43,517690,11.806502342224121
7381,2022-01-31 05:01:07,517690,11.766375303268433
7382,2022-01-31 05:01:13,517690,11.659942865371704
7383,2022-01-31 05:01:19,517690,11.954360604286194
7384,2022-01-31 05:01:22,517690,11.758864521980286
7385,2022-01-31 05:01:40,517690,11.83526873588562
7386,2022-01-31 06:01:22,517690,11.86459481716156
7387,2022-01-31 06:01:47,517690,11.979888677597046
7388,2022-01-31 06:01:58,517690,11.882959008216858
7389,2022-01-31 07:01:28,517690,11.728180646896362
7390,2022-01-31 07:01:40,517690,11.541118621826172
7391,2022-01-31 06:01:27,517691,11.851685643196106
7392,2022-01-31 07:01:10,517691,11.909564137458801
7393,2022-01-31 07:01:10,517691,11.772276759147644
7394,2022-01-31 08:01:41,517691,11.78490936756134
7395,2022-01-31 08:01:43,517691,11.787130236625671
7396,2022-01-31 09:01:16,517691,11.750378012657166
7397,2022-01-31 09:01:33,517691,11.714192032814026
7398,2022-01-31 07:01:23,517692,11.755076050758362
7399,2022-01-31 09:01:44,517692,11.783957481384277
7400,2022-01-31 09:01:38,517693,11.70009195804596
7401,2022-01-31 09:01:45,517693,11.728239059448242
7402,2022-01-31 10:01:01,517693,11.696438193321228
7403,2022-01-31 10:01:07,517693,11.823577284812927
7404,2022-01-31 10:01:17,517693,11.86504065990448
7405,2022-01-31 10:01:25,517693,11.813634037971497
7406,2022-01-31 10:01:52,517693,11.799187660217285
7407,2022-01-31 10:01:53,517693,11.792903542518616
7408,2022-01-31 11:01:18,517693,12.009228467941284
7409,2022-01-31 11:01:48,517693,11.775980591773987
7410,2022-01-31 10:01:52,517695,11.668605208396912
7411,2022-01-31 11:01:11,517695,11.822605729103088
7412,2022-02-01 01:02:02,517704,11.724119186401367
7413,2022-02-01 01:02:07,517704,11.651255488395691
7414,2022-02-01 01:02:12,517704,11.806274652481079
7415,2022-02-01 05:02:49,517704,11.8537437915802
7416,2022-02-01 07:02:09,517704,11.612880825996399
7417,2022-02-01 07:02:15,517704,11.821381449699402
7418,2022-02-01 08:02:03,517704,11.785946488380432
7419,2022-02-01 08:02:47,517704,11.74642026424408
7420,2022-02-01 09:02:06,517704,11.888819336891174
7421,2022-02-01 09:02:06,517704,11.808249354362488
7422,2022-02-01 09:02:57,517704,11.720858216285706
7423,2022-02-01 10:02:31,517704,11.808094382286072
7424,2022-02-01 10:02:39,517704,11.788367629051208
7425,2022-02-01 11:02:13,517704,11.83531939983368
7426,2022-02-01 11:02:23,517704,11.671621203422546
7427,2022-02-01 11:02:45,517704,11.83441162109375
7428,2022-02-01 11:02:45,517704,11.602341532707214
7429,2022-02-01 12:02:21,517704,11.623905301094055
7430,2022-02-01 12:02:52,517704,11.74419105052948
7431,2022-02-01 01:02:26,517705,11.791126132011414
7432,2022-02-01 01:02:48,517705,11.731770038604736
7433,2022-02-01 02:02:35,517705,11.599705815315247
7434,2022-02-01 03:02:14,517705,11.88329815864563
7435,2022-02-01 03:02:25,517705,11.723905205726624
7436,2022-02-01 03:02:27,517705,11.847778558731079
7437,2022-02-01 02:02:27,517706,11.87977910041809
7438,2022-02-01 03:02:34,517706,11.722551584243774
7439,2022-02-01 02:02:29,517707,11.676303148269653
7440,2022-02-01 04:02:06,517709,11.872735023498535
7441,2022-02-01 05:02:06,517710,11.791200637817383
7442,2022-02-01 08:02:00,517714,11.683874130249023
7443,2022-02-01 08:02:01,517714,11.84177279472351
7444,2022-02-01 09:02:40,517714,11.720507144927979
7445,2022-02-01 09:02:49,517714,11.854299306869507
7446,2022-02-01 08:02:59,517715,11.84952974319458
7447,2022-02-01 09:02:50,517715,11.711112260818481
7448,2022-02-01 08:02:04,517716,11.836963891983032
7449,2022-02-01 09:02:39,517716,11.712456941604614
7450,2022-02-01 09:02:45,517716,11.735382080078125
7451,2022-02-01 10:02:36,517716,11.64371132850647
7452,2022-02-01 09:02:46,517719,11.863002181053162
7453,2022-02-01 11:02:22,517719,11.7933189868927
7454,2022-02-01 10:02:26,517720,11.81511402130127
7455,2022-02-01 11:02:28,517720,11.667656898498535
7456,2022-02-01 10:02:30,517721,11.668451428413391
7457,2022-02-01 11:02:53,517721,11.704689264297485
7458,2022-02-02 01:02:37,517721,11.713890433311462
7459,2022-02-02 02:02:19,517721,11.763839721679688
7460,2022-02-02 03:02:57,517722,11.680299639701843
7461,2022-02-02 04:02:33,517722,11.759634613990784
7462,2022-02-02 01:02:10,517723,11.760669946670532
7463,2022-02-02 01:02:57,517723,11.72733724117279
7464,2022-02-02 02:02:04,517723,11.592196822166443
7465,2022-02-02 02:02:05,517723,11.674792170524597
7466,2022-02-02 02:02:18,517723,11.541585922241211
7467,2022-02-02 02:02:56,517723,11.757844090461731
7468,2022-02-02 04:02:14,517723,11.618172526359558
7469,2022-02-02 06:02:32,517723,11.675429940223694
7470,2022-02-02 07:02:17,517723,11.535876989364624
7471,2022-02-02 07:02:20,517723,11.484144926071167
7472,2022-02-02 07:02:31,517723,11.764155626296997
7473,2022-02-02 10:02:07,517723,11.653517484664917
7474,2022-02-02 10:02:25,517723,11.668620109558105
7475,2022-02-02 11:02:05,517723,11.516599655151367
7476,2022-02-02 11:02:13,517723,11.670060753822327
7477,2022-02-02 11:02:41,517723,11.602939367294312
7478,2022-02-02 12:02:00,517723,11.665449142456055
7479,2022-02-02 12:02:03,517723,11.507686972618103
7480,2022-02-02 12:02:58,517723,11.473207473754883
7481,2022-02-02 01:02:23,517724,11.794145107269287
7482,2022-02-02 01:02:47,517724,11.57526433467865
7483,2022-02-02 02:02:11,517724,11.779133081436157
7484,2022-02-02 02:02:13,517724,11.725448966026306
7485,2022-02-02 01:02:42,517725,11.715755462646484
7486,2022-02-02 02:02:57,517725,11.665596961975098
7487,2022-02-02 03:02:43,517730,11.799396872520447
7488,2022-02-02 03:02:57,517730,11.841259002685547
7489,2022-02-02 04:02:12,517730,11.744135022163391
7490,2022-02-02 04:02:17,517730,11.65798008441925
7491,2022-02-02 05:02:10,517731,11.80483877658844
7492,2022-02-02 06:02:04,517731,11.75973892211914
7493,2022-02-02 06:02:20,517731,11.62660300731659
7494,2022-02-02 06:02:37,517731,11.521408557891846
7495,2022-02-02 06:02:46,517731,11.686313152313232
7496,2022-02-02 07:02:10,517731,11.730387210845947
7497,2022-02-02 07:02:25,517731,11.612610220909119
7498,2022-02-02 07:02:48,517731,11.739017963409424
7499,2022-02-02 08:02:03,517731,11.623966097831726
7500,2022-02-02 08:02:32,517731,11.615036129951477
7501,2022-02-02 06:02:13,517732,11.68287456035614
7502,2022-02-02 06:02:45,517732,11.720665693283081
7503,2022-02-02 07:02:18,517732,11.818153858184814
7504,2022-02-02 07:02:23,517733,11.761806011199951
7505,2022-02-02 09:02:35,517733,11.667077541351318
7506,2022-02-02 08:02:58,517736,11.828268766403198
7507,2022-02-02 08:02:59,517736,11.884055137634277
7508,2022-02-02 09:02:06,517736,11.584514379501343
7509,2022-02-02 10:02:07,517736,11.820422410964966
7510,2022-02-02 10:02:02,517738,11.632506847381592
7511,2022-02-02 10:02:25,517738,11.77145779132843
7512,2022-02-02 11:02:08,517738,11.870462894439697
7513,2022-02-02 11:02:15,517738,11.555612683296204
7514,2022-02-02 11:02:15,517738,11.61489486694336
7515,2022-02-02 11:02:32,517738,11.823373436927795
7516,2022-02-03 01:02:58,517738,11.61228060722351
7517,2022-02-03 12:02:29,517738,11.74514353275299
7518,2022-02-03 12:02:40,517738,11.791114211082458
7519,2022-02-03 02:02:18,517742,11.791568994522095
7520,2022-02-03 03:02:12,517742,11.682593822479248
7521,2022-02-03 01:02:26,517749,11.942529678344727
7522,2022-02-03 01:02:56,517749,11.73848032951355
7523,2022-02-03 01:02:57,517749,11.792893409729004
7524,2022-02-03 02:02:30,517749,11.667653918266296
7525,2022-02-03 02:02:54,517749,11.660646796226501
7526,2022-02-03 09:02:08,517749,11.894983053207397
7527,2022-02-03 09:02:26,517749,11.780949831008911
7528,2022-02-03 09:02:39,517749,11.599952578544617
7529,2022-02-03 09:02:54,517749,11.827776432037354
7530,2022-02-03 09:02:56,517749,11.585550904273987
7531,2022-02-03 10:02:00,517749,11.71916127204895
7532,2022-02-03 10:02:04,517749,11.563525199890137
7533,2022-02-03 10:02:15,517749,11.724656820297241
7534,2022-02-03 10:02:49,517749,11.732379794120789
7535,2022-02-03 10:02:51,517749,11.80664837360382
7536,2022-02-03 11:02:26,517749,11.646702885627747
7537,2022-02-03 11:02:36,517749,11.754229664802551
7538,2022-02-03 12:02:50,517749,11.975396871566772
7539,2022-02-03 12:02:52,517749,11.64361834526062
7540,2022-02-03 12:02:53,517749,11.729877591133118
7541,2022-02-03 02:02:20,517750,11.6501384973526
7542,2022-02-03 02:02:51,517750,11.595110893249512
7543,2022-02-03 02:02:54,517750,11.660820841789246
7544,2022-02-03 03:02:03,517750,11.594281196594238
7545,2022-02-03 03:02:16,517750,11.740449070930481
7546,2022-02-03 03:02:25,517750,11.694986820220947
7547,2022-02-03 02:02:50,517751,11.679373383522034
7548,2022-02-03 03:02:42,517751,11.795462369918823
7549,2022-02-03 02:02:17,517752,11.65781021118164
7550,2022-02-03 02:02:33,517752,11.707022786140442
7551,2022-02-03 03:02:06,517752,11.406978964805603
7552,2022-02-03 03:02:27,517752,11.745610237121582
7553,2022-02-03 05:02:08,517752,11.67179524898529
7554,2022-02-03 05:02:21,517752,11.69127345085144
7555,2022-02-03 03:02:37,517753,11.650691032409668
7556,2022-02-03 04:02:13,517753,11.869742274284363
7557,2022-02-03 04:02:43,517754,11.758422255516052
7558,2022-02-03 05:02:29,517754,11.669004559516907
7559,2022-02-03 04:02:54,517755,11.71785593032837
7560,2022-02-03 05:02:08,517755,11.668940782546997
7561,2022-02-03 06:02:10,517755,11.57557725906372
7562,2022-02-03 05:02:27,517756,11.833574175834656
7563,2022-02-03 05:02:33,517756,11.762720346450806
7564,2022-02-03 05:02:50,517756,11.772529482841492
7565,2022-02-03 06:02:00,517756,11.824862360954285
7566,2022-02-03 06:02:27,517756,11.708096265792847
7567,2022-02-03 06:02:29,517756,11.507976055145264
7568,2022-02-03 06:02:30,517756,11.633437871932983
7569,2022-02-03 06:02:38,517756,11.783777475357056
7570,2022-02-03 08:02:38,517760,11.615120768547058
7571,2022-02-03 09:02:19,517760,11.624948382377625
7572,2022-02-03 08:02:47,517761,11.437671780586243
7573,2022-02-03 09:02:33,517761,11.698495149612427
7574,2022-02-03 09:02:18,517763,11.707402467727661
7575,2022-02-03 09:02:33,517763,11.748456358909607
7576,2022-02-03 10:02:30,517763,11.539940237998962
7577,2022-02-03 10:02:40,517763,11.824486255645752
7578,2022-02-03 10:02:43,517763,11.575621366500854
7579,2022-02-03 10:02:57,517763,11.644938588142395
7580,2022-02-03 11:02:30,517765,11.741558909416199
7581,2022-02-04 03:02:16,517768,11.81747853755951
7582,2022-02-04 04:02:57,517768,11.608824133872986
7583,2022-02-04 05:02:39,517768,11.67252779006958
7584,2022-02-04 05:02:47,517768,11.686195731163025
7585,2022-02-04 04:02:26,517770,11.741755604743958
7586,2022-02-04 04:02:59,517770,11.686118841171265
7587,2022-02-04 05:02:23,517770,11.792064309120178
7588,2022-02-04 05:02:26,517770,11.649812459945679
7589,2022-02-04 05:02:32,517771,11.588056683540344
7590,2022-02-04 06:02:04,517771,11.54150664806366
7591,2022-02-04 07:02:55,517771,11.716420650482178
7592,2022-02-04 08:02:20,517771,11.726105809211731
7593,2022-02-04 09:02:44,517771,11.776493787765503
7594,2022-02-04 10:02:42,517771,11.918687224388123
7595,2022-02-04 10:02:41,517772,11.72734260559082
7596,2022-02-04 11:02:27,517773,11.750642657279968
7597,2022-02-04 11:02:33,517773,11.82664930820465
7598,2022-02-04 11:02:47,517773,11.856659054756165
7599,2022-02-04 11:02:54,517773,11.840033531188965
7600,2022-02-04 12:02:13,517773,11.773837208747864
7601,2022-02-04 12:02:31,517773,11.69379711151123
7602,2022-02-04 12:02:54,517773,11.72886073589325
7603,2022-02-04 01:02:02,517774,11.94204330444336
7604,2022-02-04 01:02:25,517774,11.837064027786255
7605,2022-02-04 02:02:53,517774,11.734421849250793
7606,2022-02-04 11:02:42,517774,11.769906282424927
7607,2022-02-04 12:02:30,517774,11.65580689907074
7608,2022-02-04 12:02:45,517774,11.674590110778809
7609,2022-02-04 12:02:55,517774,11.803486347198486
7610,2022-02-04 12:02:55,517774,11.607659459114075
7611,2022-02-04 12:02:56,517774,11.78470492362976
7612,2022-02-04 12:02:59,517774,11.691447496414185
7613,2022-02-04 01:02:33,517776,11.703843474388123
7614,2022-02-04 02:02:33,517776,11.628510355949402
7615,2022-02-04 02:02:24,517777,11.749881505966187
7616,2022-02-04 02:02:55,517777,11.79773211479187
7617,2022-02-04 03:02:01,517777,11.708841323852539
7618,2022-02-04 04:02:35,517777,11.648111939430237
7619,2022-02-04 04:02:36,517777,11.569982171058655
7620,2022-02-04 04:02:51,517777,11.8216872215271
7621,2022-02-04 02:02:12,517778,11.70205533504486
7622,2022-02-04 03:02:00,517778,11.828620433807373
7623,2022-02-04 03:02:21,517779,11.592562794685364
7624,2022-02-04 03:02:44,517779,11.715723276138306
7625,2022-02-04 03:02:29,517782,11.56151831150055
7626,2022-02-04 04:02:51,517782,11.764882802963257
7627,2022-02-04 05:02:05,517782,11.60374104976654
7628,2022-02-04 05:02:11,517782,11.98782205581665
7629,2022-02-04 05:02:10,517783,11.706081628799438
7630,2022-02-04 05:02:13,517783,11.868573427200317
7631,2022-02-04 06:02:03,517786,11.649107336997986
7632,2022-02-04 06:02:17,517786,11.7686128616333
7633,2022-02-04 06:02:46,517787,11.818186044692993
7634,2022-02-04 07:02:18,517787,11.707163453102112
7635,2022-02-04 07:02:48,517787,11.775847673416138
7636,2022-02-04 07:02:48,517787,11.759285926818848
7637,2022-02-04 08:02:38,517787,11.705663800239563
7638,2022-02-04 07:02:07,517788,11.794676780700684
7639,2022-02-04 09:02:16,517788,11.6659414768219
7640,2022-02-04 09:02:17,517788,11.619741320610046
7641,2022-02-04 09:02:26,517788,11.601408123970032
7642,2022-02-04 08:02:00,517789,11.781606078147888
7643,2022-02-04 08:02:16,517789,11.852357983589172
7644,2022-02-04 08:02:37,517789,11.857889890670776
7645,2022-02-04 09:02:02,517789,11.462805271148682
7646,2022-02-04 09:02:03,517789,11.636949181556702
7647,2022-02-04 09:02:08,517789,11.714946031570435
7648,2022-02-04 09:02:12,517789,11.621326804161072
7649,2022-02-04 09:02:12,517789,11.611257195472717
7650,2022-02-04 09:02:42,517789,11.76808774471283
7651,2022-02-04 09:02:45,517789,11.796237826347351
7652,2022-02-04 09:02:55,517789,11.612794995307922
7653,2022-02-04 10:02:25,517789,11.547406911849976
7654,2022-02-04 09:02:10,517790,11.72609031200409
7655,2022-02-04 09:02:38,517790,11.631748080253601
7656,2022-02-04 10:02:18,517790,11.599395275115967
7657,2022-02-04 10:02:29,517790,11.512054800987244
7658,2022-02-05 01:02:47,517792,11.919934749603271
7659,2022-02-05 12:02:47,517792,11.689022183418274
7660,2022-02-05 01:02:38,517795,11.777713298797607
7661,2022-02-05 02:02:57,517795,11.574723720550537
7662,2022-02-05 04:02:18,517799,11.67165994644165
7663,2022-02-05 05:02:51,517799,11.621781587600708
7664,2022-02-05 06:02:55,517800,11.767858266830444
7665,2022-02-05 07:02:27,517800,11.713932156562805
7666,2022-02-05 09:02:26,517800,11.852180361747742
7667,2022-02-05 10:02:37,517800,11.676073670387268
7668,2022-02-06 02:02:11,517801,11.677311062812805
7669,2022-02-06 03:02:42,517801,11.713361144065857
7670,2022-02-06 04:02:27,517801,11.648894548416138
7671,2022-02-06 04:02:51,517801,11.668110489845276
7672,2022-02-06 08:02:51,517801,11.593078970909119
7673,2022-02-06 09:02:24,517801,11.584202647209167
7674,2022-02-06 09:02:48,517801,11.713902950286865
7675,2022-02-06 10:02:42,517801,11.770634651184082
7676,2022-02-07 05:02:16,517801,11.92139446735382
7677,2022-02-07 06:02:05,517801,11.73671543598175
7678,2022-02-07 06:02:27,517801,11.591981649398804
7679,2022-02-07 06:02:30,517801,11.633220314979553
7680,2022-02-07 06:02:39,517801,11.538922786712646
7681,2022-02-07 07:02:06,517801,11.607694029808044
7682,2022-02-07 07:02:13,517801,11.615873575210571
7683,2022-02-07 07:02:18,517801,11.766806244850159
7684,2022-02-07 06:02:40,517802,11.724692583084106
7685,2022-02-07 06:02:57,517802,11.915479302406311
7686,2022-02-07 07:02:37,517802,11.819151639938354
7687,2022-02-07 07:02:49,517802,11.812713742256165
7688,2022-02-07 08:02:41,517802,11.677889823913574
7689,2022-02-07 09:02:40,517802,11.757484674453735
7690,2022-02-07 09:02:49,517802,11.725703477859497
7691,2022-02-07 09:02:51,517802,11.52825117111206
7692,2022-02-07 10:02:22,517802,11.785336136817932
7693,2022-02-07 10:02:33,517802,11.550824046134949
7694,2022-02-07 10:02:44,517802,11.745219230651855
7695,2022-02-07 11:02:16,517802,11.876554489135742
7696,2022-02-07 11:02:47,517802,11.736024022102356
7697,2022-02-07 01:02:02,517803,11.716804504394531
7698,2022-02-07 01:02:31,517803,11.704804301261902
7699,2022-02-07 02:02:27,517803,11.592434048652649
7700,2022-02-07 02:02:41,517803,11.630998253822327
7701,2022-02-07 02:02:58,517803,11.329489350318909
7702,2022-02-07 04:02:06,517803,11.735677719116211
7703,2022-02-07 04:02:12,517803,11.575787663459778
7704,2022-02-07 04:02:43,517803,11.57301664352417
7705,2022-02-07 04:02:44,517803,11.624181866645813
7706,2022-02-07 12:02:39,517803,11.752975583076477
7707,2022-02-07 01:02:13,517804,11.753308773040771
7708,2022-02-07 01:02:19,517804,11.756721138954163
7709,2022-02-07 02:02:02,517804,11.702942848205566
7710,2022-02-07 02:02:05,517804,11.653728485107422
7711,2022-02-07 02:02:15,517804,11.642439365386963
7712,2022-02-07 02:02:26,517804,11.808865666389465
7713,2022-02-07 02:02:40,517804,11.635187268257141
7714,2022-02-07 03:02:23,517804,11.654841303825378
7715,2022-02-07 03:02:44,517804,11.681130528450012
7716,2022-02-07 02:02:44,517805,11.749323010444641
7717,2022-02-07 02:02:47,517805,11.764209866523743
7718,2022-02-07 03:02:06,517805,11.907094120979309
7719,2022-02-07 03:02:39,517805,11.649618744850159
7720,2022-02-07 03:02:56,517805,11.69450581073761
7721,2022-02-07 04:02:35,517805,11.701897382736206
7722,2022-02-07 04:02:48,517805,11.755759119987488
7723,2022-02-07 04:02:56,517805,11.749261617660522
7724,2022-02-08 08:02:04,517805,11.733867526054382
7725,2022-02-08 09:02:47,517805,11.748818755149841
7726,2022-02-07 03:02:44,517806,11.67247474193573
7727,2022-02-07 03:02:48,517806,11.82169258594513
7728,2022-02-07 04:02:22,517806,11.702900528907776
7729,2022-02-07 04:02:35,517806,11.59014105796814
7730,2022-02-07 05:02:02,517806,11.869228482246399
7731,2022-02-07 05:02:28,517806,11.693850755691528
7732,2022-02-07 06:02:34,517806,11.710094213485718
7733,2022-02-07 06:02:37,517806,11.828973293304443
7734,2022-02-07 07:02:13,517806,11.63499116897583
7735,2022-02-07 07:02:18,517806,11.670278310775757
7736,2022-02-07 07:02:20,517806,11.884859204292297
7737,2022-02-07 08:02:00,517806,11.740977168083191
7738,2022-02-07 08:02:18,517806,11.748653650283813
7739,2022-02-07 08:02:26,517806,11.696720719337463
7740,2022-02-07 09:02:33,517806,11.577701568603516
7741,2022-02-07 09:02:36,517806,11.83127224445343
7742,2022-02-07 09:02:55,517806,11.781530976295471
7743,2022-02-07 09:02:57,517806,11.626554131507874
7744,2022-02-07 09:02:30,517807,11.80942416191101
7745,2022-02-07 09:02:54,517807,11.689046621322632
7746,2022-02-07 08:02:00,517809,11.742253303527832
7747,2022-02-07 09:02:10,517809,11.808536052703857
7748,2022-02-07 10:02:37,517809,11.78238332271576
7749,2022-02-07 10:02:47,517809,11.748459339141846
7750,2022-02-07 09:02:39,517810,11.718433499336243
7751,2022-02-07 10:02:19,517811,11.31720781326294
7752,2022-02-07 11:02:27,517811,11.771236658096313
7753,2022-02-07 10:02:27,517812,11.666066646575928
7754,2022-02-07 11:02:20,517812,11.779826283454895
7755,2022-02-07 11:02:28,517815,11.59887969493866
7756,2022-02-08 12:02:43,517815,11.73023521900177
7757,2022-02-07 11:02:22,517816,11.728594899177551
7758,2022-02-08 01:02:00,517816,11.69414222240448
7759,2022-02-08 01:02:56,517816,11.68638825416565
7760,2022-02-08 12:02:06,517816,11.652265191078186
7761,2022-02-08 01:02:28,517820,11.579158306121826
7762,2022-02-08 02:02:17,517820,11.650769710540771
7763,2022-02-08 03:02:22,517820,11.686599850654602
7764,2022-02-08 03:02:32,517820,11.739102602005005
7765,2022-02-08 03:02:10,517822,11.77098274230957
7766,2022-02-08 04:02:50,517822,11.73133671283722
7767,2022-02-08 05:02:52,517823,11.951205730438232
7768,2022-02-08 06:02:29,517823,11.600033044815063
7769,2022-02-08 05:02:28,517824,11.689585447311401
7770,2022-02-08 06:02:00,517824,11.859816312789917
7771,2022-02-08 06:02:01,517824,11.63873016834259
7772,2022-02-08 06:02:46,517824,11.733479499816895
7773,2022-02-08 06:02:48,517825,11.7875736951828
7774,2022-02-08 07:02:07,517825,11.577495336532593
7775,2022-02-08 08:02:58,517825,11.817664504051208
7776,2022-02-08 10:02:58,517831,11.735716462135315
7777,2022-02-08 12:02:26,517831,11.877249479293823
7778,2022-02-08 01:02:47,517832,11.788789629936218
7779,2022-02-08 01:02:58,517832,11.784719228744507
7780,2022-02-08 11:02:01,517832,11.812371015548706
7781,2022-02-08 11:02:31,517832,11.892423033714294
7782,2022-02-08 01:02:40,517833,11.797117590904236
7783,2022-02-08 02:02:27,517833,11.866950988769531
7784,2022-02-08 02:02:57,517833,11.81226134300232
7785,2022-02-08 03:02:11,517833,11.809847354888916
7786,2022-02-08 08:02:15,517835,11.712437272071838
7787,2022-02-08 09:02:49,517835,11.748191118240356
7788,2022-02-08 08:02:13,517836,11.804409623146057
7789,2022-02-08 09:02:04,517836,11.817633509635925
7790,2022-02-08 09:02:08,517836,11.801943182945251
7791,2022-02-08 09:02:28,517836,11.66427195072174
7792,2022-02-08 09:02:39,517836,11.904364228248596
7793,2022-02-08 09:02:52,517836,11.606736183166504
7794,2022-02-08 10:02:08,517836,11.775654554367065
7795,2022-02-08 10:02:58,517836,11.743273735046387
7796,2022-02-08 11:02:11,517836,11.766629815101624
7797,2022-02-08 11:02:20,517836,11.983601450920105
7798,2022-02-08 11:02:48,517836,11.906883120536804
7799,2022-02-08 11:02:56,517836,11.75184428691864
7800,2022-02-08 11:02:59,517836,11.72597587108612
7801,2022-02-09 12:02:07,517836,11.822311282157898
7802,2022-02-09 01:02:21,517837,11.734837293624878
7803,2022-02-09 01:02:39,517837,11.583267450332642
7804,2022-02-09 12:02:10,517837,11.775663495063782
7805,2022-02-09 12:02:17,517837,11.93660020828247
7806,2022-02-09 12:02:42,517837,11.787881255149841
7807,2022-02-09 01:02:00,517838,11.796424984931946
7808,2022-02-09 01:02:02,517838,11.776089072227478
7809,2022-02-09 01:02:30,517838,11.853569149971008
7810,2022-02-09 01:02:30,517838,11.763883829116821
7811,2022-02-09 02:02:12,517838,11.802276372909546
7812,2022-02-09 02:02:13,517838,11.936911344528198
7813,2022-02-09 02:02:19,517838,11.727966070175171
7814,2022-02-09 02:02:35,517838,11.750752329826355
7815,2022-02-09 02:02:54,517838,11.865456700325012
7816,2022-02-09 02:02:54,517838,11.683682203292847
7817,2022-02-09 03:02:19,517838,11.770703792572021
7818,2022-02-09 03:02:26,517838,11.750490665435791
7819,2022-02-09 03:02:27,517838,11.800789833068848
7820,2022-02-09 03:02:29,517838,11.849361062049866
7821,2022-02-09 03:02:40,517838,11.542075276374817
7822,2022-02-09 03:02:44,517838,11.66715919971466
7823,2022-02-09 03:02:45,517838,11.75704836845398
7824,2022-02-09 03:02:53,517838,11.833348870277405
7825,2022-02-09 12:02:08,517838,11.820018887519836
7826,2022-02-09 12:02:22,517838,12.005804181098938
7827,2022-02-09 02:02:48,517839,11.884318590164185
7828,2022-02-09 03:02:05,517839,11.944072842597961
7829,2022-02-09 03:02:01,517840,11.92898154258728
7830,2022-02-09 03:02:27,517840,11.889126300811768
7831,2022-02-09 03:02:30,517840,12.009234428405762
7832,2022-02-09 03:02:38,517840,12.000592947006226
7833,2022-02-09 03:02:53,517840,11.74151360988617
7834,2022-02-09 04:02:02,517840,11.904038190841675
7835,2022-02-09 04:02:09,517840,11.831351518630981
7836,2022-02-09 04:02:18,517840,11.762522459030151
7837,2022-02-09 04:02:37,517840,11.839187741279602
7838,2022-02-09 04:02:50,517840,11.787680387496948
7839,2022-02-09 04:02:55,517840,11.744972467422485
7840,2022-02-09 05:02:32,517840,11.874130368232727
7841,2022-02-09 05:02:38,517840,11.74232006072998
7842,2022-02-09 05:02:57,517840,11.67784035205841
7843,2022-02-09 04:02:21,517843,11.861539483070374
7844,2022-02-09 04:02:34,517843,11.811730861663818
7845,2022-02-09 05:02:03,517843,11.892160773277283
7846,2022-02-09 05:02:03,517843,11.716503500938416
7847,2022-02-09 05:02:17,517843,11.837766766548157
7848,2022-02-09 05:02:40,517843,11.786008477210999
7849,2022-02-09 05:02:42,517843,11.802054643630981
7850,2022-02-09 06:02:11,517843,11.70268177986145
7851,2022-02-09 06:02:28,517843,11.749497652053833
7852,2022-02-09 06:02:46,517843,11.84492290019989
7853,2022-02-09 06:02:25,517844,11.885605454444885
7854,2022-02-09 06:02:38,517844,11.744421124458313
7855,2022-02-09 07:02:54,517844,11.716359257698059
7856,2022-02-09 06:02:39,517845,11.584978103637695
7857,2022-02-09 07:02:00,517845,11.700552105903625
7858,2022-02-09 07:02:24,517845,11.728512048721313
7859,2022-02-09 07:02:30,517845,11.871118545532227
7860,2022-02-09 09:02:45,517850,11.76788866519928
7861,2022-02-09 09:02:57,517850,11.97829008102417
7862,2022-02-09 01:02:31,517851,11.694437265396118
7863,2022-02-09 11:02:36,517851,11.761114597320557
7864,2022-02-09 01:02:10,517852,11.710355281829834
7865,2022-02-09 01:02:33,517852,11.98132872581482
7866,2022-02-09 01:02:46,517852,11.724797487258911
7867,2022-02-09 03:02:07,517852,11.790558695793152
7868,2022-02-09 02:02:04,517853,11.716302633285522
7869,2022-02-09 03:02:28,517853,11.724979877471924
7870,2022-02-09 02:02:35,517855,11.700936555862427
7871,2022-02-09 04:02:24,517855,11.699552536010742
7872,2022-02-09 02:02:30,517856,11.825641989707947
7873,2022-02-09 02:02:30,517856,11.920556426048279
7874,2022-02-09 03:02:30,517856,11.602408289909363
7875,2022-02-09 05:02:22,517861,11.743594408035278
7876,2022-02-09 05:02:22,517861,11.861710548400879
7877,2022-02-09 06:02:26,517861,11.841318607330322
7878,2022-02-09 06:02:41,517863,11.655446887016296
7879,2022-02-09 08:02:08,517863,11.705348491668701
7880,2022-02-09 08:02:32,517863,11.743627786636353
7881,2022-02-09 08:02:57,517863,11.767098307609558
7882,2022-02-09 08:02:53,517864,11.58987820148468
7883,2022-02-09 09:02:24,517864,11.716631650924683
7884,2022-02-09 10:02:20,517868,11.692276000976562
7885,2022-02-09 10:02:29,517868,11.953220963478088
7886,2022-02-09 10:02:31,517868,11.732838749885559
7887,2022-02-09 11:02:03,517868,11.772560477256775
7888,2022-02-09 11:02:34,517868,11.775619387626648
7889,2022-02-09 11:02:38,517868,11.77627444267273
7890,2022-02-09 11:02:07,517869,11.73902690410614
7891,2022-02-10 12:02:36,517869,11.58388376235962
7892,2022-02-10 01:02:59,517872,11.692097783088684
7893,2022-02-10 02:02:59,517872,11.725131869316101
7894,2022-02-10 03:02:58,517872,11.79178774356842
7895,2022-02-10 04:02:04,517872,11.830075979232788
7896,2022-02-10 06:02:12,517873,11.913830637931824
7897,2022-02-10 06:02:07,517875,11.782841682434082
7898,2022-02-10 06:02:45,517875,11.743685007095337
7899,2022-02-10 07:02:40,517875,11.78016722202301
7900,2022-02-10 06:02:30,517876,11.800365447998047
7901,2022-02-10 06:02:38,517876,11.777362823486328
7902,2022-02-10 07:02:39,517876,11.599436402320862
7903,2022-02-10 07:02:42,517876,11.734534502029419
7904,2022-02-10 01:02:02,517878,11.662154793739319
7905,2022-02-10 01:02:08,517878,11.745638251304626
7906,2022-02-10 01:02:57,517878,11.63650929927826
7907,2022-02-10 09:02:10,517878,11.774711608886719
7908,2022-02-10 10:02:16,517878,11.996515989303589
7909,2022-02-10 11:02:11,517878,11.833168268203735
7910,2022-02-10 12:02:23,517878,11.775380969047546
7911,2022-02-10 12:02:25,517878,11.789218783378601
7912,2022-02-10 12:02:29,517878,11.707355380058289
7913,2022-02-10 01:02:14,517879,11.790034770965576
7914,2022-02-10 01:02:33,517879,11.74353837966919
7915,2022-02-10 01:02:46,517879,11.724982857704163
7916,2022-02-10 01:02:10,517881,11.640379428863525
7917,2022-02-10 01:02:18,517881,11.697900891304016
7918,2022-02-10 02:02:42,517881,11.858569383621216
7919,2022-02-10 02:02:58,517881,11.736304759979248
7920,2022-02-10 02:02:29,517882,11.710485816001892
7921,2022-02-10 03:02:45,517882,11.769554615020752
7922,2022-02-10 03:02:56,517883,11.806697249412537
7923,2022-02-10 04:02:47,517883,11.761988997459412
7924,2022-02-10 03:02:19,517885,11.798663139343262
7925,2022-02-10 03:02:37,517885,11.701059341430664
7926,2022-02-10 04:02:30,517885,11.83132290840149
7927,2022-02-10 03:02:26,517886,11.621726155281067
7928,2022-02-10 07:02:25,517888,11.967946887016296
7929,2022-02-10 07:02:39,517888,11.768183708190918
7930,2022-02-10 09:02:00,517888,11.80154800415039
7931,2022-02-10 09:02:03,517888,11.698077321052551
7932,2022-02-10 09:02:35,517888,11.552765965461731
7933,2022-02-10 10:02:26,517888,11.559506058692932
7934,2022-02-10 08:02:20,517890,11.892852187156677
7935,2022-02-10 08:02:25,517890,11.877911686897278
7936,2022-02-10 09:02:38,517890,11.724546551704407
7937,2022-02-10 08:02:17,517891,11.943764686584473
7938,2022-02-10 09:02:11,517891,11.92586064338684
7939,2022-02-10 08:02:29,517892,11.81418240070343
7940,2022-02-10 09:02:13,517892,11.545754671096802
7941,2022-02-10 09:02:59,517894,11.712136268615723
7942,2022-02-10 11:02:21,517894,11.670571565628052
7943,2022-02-10 11:02:52,517895,11.714107990264893
7944,2022-02-11 12:02:47,517895,11.717000603675842
7945,2022-02-10 11:02:01,517896,11.861549019813538
7946,2022-02-11 01:02:44,517896,11.80093228816986
7947,2022-02-11 12:02:22,517897,11.65711522102356
7948,2022-02-11 01:02:29,517898,11.799489259719849
7949,2022-02-11 02:02:38,517898,11.796886324882507
7950,2022-02-11 01:02:07,517902,11.62828266620636
7951,2022-02-11 01:02:21,517902,11.578887104988098
7952,2022-02-11 01:02:27,517902,11.628798842430115
7953,2022-02-11 01:02:29,517902,11.714791059494019
7954,2022-02-11 01:02:46,517902,11.757789850234985
7955,2022-02-11 01:02:49,517902,11.758173704147339
7956,2022-02-11 02:02:00,517902,11.757783889770508
7957,2022-02-11 02:02:34,517902,11.803705096244812
7958,2022-02-11 02:02:54,517902,11.89363420009613
7959,2022-02-11 03:02:55,517902,11.645099520683289
7960,2022-02-11 06:02:52,517902,11.63431704044342
7961,2022-02-11 07:02:49,517902,11.627996563911438
7962,2022-02-11 07:02:50,517902,11.681628823280334
7963,2022-02-11 08:02:17,517902,11.728208065032959
7964,2022-02-11 08:02:36,517902,11.74665629863739
7965,2022-02-11 09:02:13,517902,11.82988703250885
7966,2022-02-11 09:02:39,517902,11.618476510047913
7967,2022-02-11 09:02:56,517902,11.786253452301025
7968,2022-02-11 10:02:41,517902,11.792782545089722
7969,2022-02-11 10:02:47,517902,11.82278573513031
7970,2022-02-11 10:02:51,517902,11.569859385490417
7971,2022-02-11 10:02:55,517902,11.78992211818695
7972,2022-02-11 11:02:06,517902,11.685237288475037
7973,2022-02-11 11:02:24,517902,11.77009642124176
7974,2022-02-11 11:02:40,517902,11.68003797531128
7975,2022-02-11 11:02:49,517902,11.651579737663269
7976,2022-02-11 11:02:53,517902,11.757693886756897
7977,2022-02-11 11:02:59,517902,11.712591648101807
7978,2022-02-11 12:02:03,517902,11.655673384666443
7979,2022-02-11 12:02:06,517902,11.715992093086243
7980,2022-02-11 12:02:16,517902,11.770855784416199
7981,2022-02-11 02:02:39,517903,11.75264298915863
7982,2022-02-11 03:02:44,517903,11.66205108165741
7983,2022-02-11 03:02:18,517904,11.936265230178833
7984,2022-02-11 03:02:01,517905,11.738874912261963
7985,2022-02-11 03:02:08,517905,11.763626337051392
7986,2022-02-11 03:02:14,517905,11.842387318611145
7987,2022-02-11 03:02:40,517905,11.754046082496643
7988,2022-02-11 04:02:05,517905,11.82651162147522
7989,2022-02-11 04:02:12,517905,11.601400375366211
7990,2022-02-11 04:02:49,517905,11.677690148353577
7991,2022-02-11 04:02:53,517905,11.781256198883057
7992,2022-02-11 04:02:59,517905,11.660663485527039
7993,2022-02-11 05:02:37,517905,11.685407161712646
7994,2022-02-11 05:02:53,517905,11.657397150993347
7995,2022-02-11 04:02:50,517906,11.777527928352356
7996,2022-02-11 05:02:49,517906,11.747965812683105
7997,2022-02-11 05:02:32,517910,11.678733229637146
7998,2022-02-11 05:02:38,517910,11.856324672698975
7999,2022-02-11 06:02:53,517910,11.645330786705017
8000,2022-02-11 07:02:37,517910,11.874390840530396
8001,2022-02-11 06:02:16,517912,11.92625343799591
8002,2022-02-11 07:02:14,517912,11.818428635597229
8003,2022-02-11 08:02:51,517912,11.779276728630066
8004,2022-02-11 08:02:59,517912,11.672102808952332
8005,2022-02-11 09:02:17,517914,11.785149574279785
8006,2022-02-11 09:02:45,517915,11.856563091278076
8007,2022-02-12 01:02:04,517919,11.772241592407227
8008,2022-02-12 01:02:11,517919,11.599757671356201
8009,2022-02-12 02:02:27,517919,11.778308749198914
8010,2022-02-12 02:02:28,517919,11.568745374679565
8011,2022-02-12 02:02:58,517919,11.787587404251099
8012,2022-02-12 12:02:43,517919,11.80180311203003
8013,2022-02-12 02:02:10,517920,11.886860132217407
8014,2022-02-12 02:02:43,517920,11.670066714286804
8015,2022-02-12 03:02:03,517920,11.712877750396729
8016,2022-02-12 03:02:55,517920,11.765956282615662
8017,2022-02-12 09:02:31,517922,11.655465364456177
8018,2022-02-12 10:02:30,517922,11.823348999023438
8019,2022-02-12 04:02:46,517924,11.874955296516418
8020,2022-02-12 05:02:59,517924,11.797968745231628
8021,2022-02-12 08:02:03,517924,11.746414303779602
8022,2022-02-13 04:02:11,517925,11.91990077495575
8023,2022-02-13 05:02:24,517925,11.741186380386353
8024,2022-02-13 01:02:10,517926,11.826263666152954
8025,2022-02-13 02:02:57,517926,11.633440852165222
8026,2022-02-13 04:02:51,517926,11.689146757125854
8027,2022-02-13 05:02:46,517926,11.809791922569275
8028,2022-02-13 06:02:16,517926,11.859351396560669
8029,2022-02-14 02:02:11,517928,11.821131706237793
8030,2022-02-14 02:02:34,517928,11.713182926177979
8031,2022-02-14 03:02:08,517928,11.822141408920288
8032,2022-02-14 03:02:48,517928,11.884452104568481
8033,2022-02-14 04:02:05,517928,11.710644960403442
8034,2022-02-14 04:02:07,517928,11.578651666641235
8035,2022-02-14 04:02:41,517928,11.632399559020996
8036,2022-02-14 04:02:57,517928,11.719275712966919
8037,2022-02-14 05:02:21,517928,11.641094088554382
8038,2022-02-14 05:02:34,517928,11.945824027061462
8039,2022-02-14 05:02:38,517928,11.80604875087738
8040,2022-02-14 06:02:09,517928,11.767626404762268
8041,2022-02-14 06:02:18,517928,11.936635375022888
8042,2022-02-14 06:02:26,517928,11.901015043258667
8043,2022-02-14 06:02:32,517928,11.800561547279358
8044,2022-02-14 06:02:54,517928,11.73506498336792
8045,2022-02-14 07:02:18,517928,11.755774021148682
8046,2022-02-14 07:02:39,517928,11.655501127243042
8047,2022-02-14 09:02:02,517929,11.58029019832611
8048,2022-02-14 09:02:11,517929,11.709501147270203
8049,2022-02-14 09:02:14,517929,11.76441490650177
8050,2022-02-14 02:02:56,517930,11.695398688316345
8051,2022-02-14 10:02:46,517930,11.869328618049622
8052,2022-02-14 02:02:49,517931,11.781957745552063
8053,2022-02-14 04:02:10,517931,11.71826183795929
8054,2022-02-14 02:02:13,517932,11.695173978805542
8055,2022-02-14 04:02:08,517932,11.970195770263672
8056,2022-02-14 04:02:22,517932,11.933565735816956
8057,2022-02-14 04:02:37,517932,11.851242780685425
8058,2022-02-14 04:02:47,517932,11.748067736625671
8059,2022-02-14 04:02:52,517932,11.756693124771118
8060,2022-02-14 05:02:04,517932,11.895842552185059
8061,2022-02-14 05:02:38,517932,11.465423107147217
8062,2022-02-14 05:02:49,517932,11.93242609500885
8063,2022-02-14 05:02:55,517932,11.619093418121338
8064,2022-02-14 06:02:10,517932,11.664373278617859
8065,2022-02-14 06:02:26,517932,11.668586134910583
8066,2022-02-14 07:02:05,517932,11.90387487411499
8067,2022-02-14 07:02:16,517932,11.623318791389465
8068,2022-02-14 07:02:20,517932,11.718465089797974
8069,2022-02-14 08:02:01,517932,11.832689046859741
8070,2022-02-14 08:02:04,517932,11.767365336418152
8071,2022-02-14 08:02:06,517932,11.89155399799347
8072,2022-02-14 08:02:19,517932,11.942685842514038
8073,2022-02-14 08:02:29,517932,11.70799970626831
8074,2022-02-14 08:02:37,517932,11.71995759010315
8075,2022-02-14 08:02:46,517932,11.767264604568481
8076,2022-02-14 09:02:01,517932,11.935387253761292
8077,2022-02-14 09:02:19,517932,11.74117386341095
8078,2022-02-14 09:02:44,517932,11.72478973865509
8079,2022-02-14 10:02:26,517932,11.701067686080933
8080,2022-02-14 10:02:40,517932,12.07780122756958
8081,2022-02-14 10:02:54,517932,11.866953372955322
8082,2022-02-14 11:02:05,517932,11.758667826652527
8083,2022-02-14 11:02:13,517932,11.8461275100708
8084,2022-02-14 10:02:35,517933,11.802088022232056
8085,2022-02-14 10:02:52,517933,12.006189227104187
8086,2022-02-14 11:02:57,517933,11.816158890724182
8087,2022-02-15 12:02:10,517933,11.657381653785706
8088,2022-02-14 10:02:51,517934,11.74781322479248
8089,2022-02-14 10:02:54,517936,11.855894923210144
8090,2022-02-14 11:02:26,517936,12.073457837104797
8091,2022-02-14 11:02:48,517936,11.42855167388916
8092,2022-02-15 01:02:37,517936,11.841394305229187
8093,2022-02-15 01:02:42,517936,11.798100471496582
8094,2022-02-15 01:02:46,517936,11.868376731872559
8095,2022-02-15 01:02:53,517936,11.796886920928955
8096,2022-02-15 12:02:10,517936,11.853934526443481
8097,2022-02-15 12:02:15,517936,11.996038556098938
8098,2022-02-15 12:02:36,517936,11.821888089179993
8099,2022-02-15 12:02:41,517936,11.858038902282715
8100,2022-02-15 12:02:43,517936,11.690853238105774
8101,2022-02-15 01:02:11,517937,11.927644610404968
8102,2022-02-15 01:02:54,517937,11.828645467758179
8103,2022-02-15 03:02:33,517937,11.846068501472473
8104,2022-02-15 03:02:34,517937,11.623995900154114
8105,2022-02-15 03:02:31,517939,11.814063787460327
8106,2022-02-15 05:02:06,517939,11.85497522354126
8107,2022-02-15 05:02:06,517939,11.76634669303894
8108,2022-02-15 05:02:47,517939,11.852930188179016
8109,2022-02-15 07:02:15,517939,11.785905361175537
8110,2022-02-15 07:02:53,517939,12.116572260856628
8111,2022-02-15 05:02:01,517940,11.841127276420593
8112,2022-02-15 06:02:02,517940,11.808645725250244
8113,2022-02-15 07:02:23,517940,11.881112456321716
8114,2022-02-15 07:02:57,517940,11.961268186569214
8115,2022-02-15 06:02:02,517941,11.802005171775818
8116,2022-02-15 08:02:01,517941,11.798685193061829
8117,2022-02-15 09:02:26,517941,11.765806078910828
8118,2022-02-15 09:02:28,517941,11.805296540260315
8119,2022-02-15 09:02:42,517948,11.674715876579285
8120,2022-02-15 09:02:51,517948,11.795129179954529
8121,2022-02-15 11:02:01,517948,11.977486610412598
8122,2022-02-15 11:02:45,517948,12.026030421257019
8123,2022-02-15 11:02:55,517948,11.757618188858032
8124,2022-02-15 10:02:35,517950,11.872164607048035
8125,2022-02-15 12:02:06,517950,12.10643470287323
8126,2022-02-15 10:02:46,517951,11.939868330955505
8127,2022-02-15 11:02:04,517951,11.835318207740784
8128,2022-02-15 01:02:12,517954,11.824551224708557
8129,2022-02-15 02:02:11,517954,11.769129037857056
8130,2022-02-15 02:02:13,517954,11.66540801525116
8131,2022-02-15 02:02:21,517954,11.879097819328308
8132,2022-02-15 03:02:11,517954,11.79310917854309
8133,2022-02-15 04:02:00,517954,11.733580827713013
8134,2022-02-15 12:02:22,517954,11.696252822875977
8135,2022-02-15 12:02:39,517954,11.73723816871643
8136,2022-02-15 06:02:36,517957,12.040437459945679
8137,2022-02-15 08:02:52,517957,12.020793557167053
8138,2022-02-15 09:02:52,517959,11.768885850906372
8139,2022-02-15 10:02:12,517959,11.663069725036621
8140,2022-02-15 10:02:15,517959,11.785423159599304
8141,2022-02-15 10:02:26,517959,11.706543564796448
8142,2022-02-15 11:02:29,517959,11.76368236541748
8143,2022-02-15 11:02:41,517959,11.871504783630371
8144,2022-02-16 12:02:49,517959,11.840358972549438
8145,2022-02-16 12:02:51,517959,11.891571283340454
8146,2022-02-15 11:02:00,517960,11.883346438407898
8147,2022-02-15 11:02:08,517960,11.71977162361145
8148,2022-02-16 01:02:00,517960,11.818625926971436
8149,2022-02-16 01:02:34,517960,11.793491840362549
8150,2022-02-16 02:02:06,517960,11.75648033618927
8151,2022-02-16 02:02:23,517960,11.898552775382996
8152,2022-02-16 12:02:03,517960,11.780826449394226
8153,2022-02-16 12:02:26,517960,11.850312352180481
8154,2022-02-16 12:02:37,517960,11.893932223320007
8155,2022-02-16 12:02:49,517960,11.758483648300171
8156,2022-02-16 01:02:13,517961,11.986878514289856
8157,2022-02-16 02:02:12,517961,11.882333159446716
8158,2022-02-16 12:02:10,517961,11.762633919715881
8159,2022-02-16 12:02:34,517961,11.819677352905273
8160,2022-02-16 01:02:16,517962,11.946797966957092
8161,2022-02-16 02:02:39,517962,11.889693140983582
8162,2022-02-16 02:02:41,517962,11.925787925720215
8163,2022-02-16 12:02:51,517962,11.899170279502869
8164,2022-02-16 04:02:56,517965,11.807435750961304
8165,2022-02-16 04:02:59,517965,11.944023966789246
8166,2022-02-16 06:02:09,517965,11.8776136636734
8167,2022-02-16 06:02:13,517965,11.706005930900574
8168,2022-02-16 06:02:29,517965,12.021336555480957
8169,2022-02-16 07:02:51,517965,11.791263818740845
8170,2022-02-16 06:02:34,517966,11.806902885437012
8171,2022-02-16 07:02:40,517966,11.631574630737305
8172,2022-02-16 06:02:37,517967,11.769819259643555
8173,2022-02-16 07:02:12,517967,11.795712113380432
8174,2022-02-16 07:02:50,517967,11.984542608261108
8175,2022-02-16 08:02:39,517967,11.773460507392883
8176,2022-02-16 09:02:05,517971,11.897521615028381
8177,2022-02-16 09:02:14,517971,12.01509177684784
8178,2022-02-16 09:02:34,517971,11.969404220581055
8179,2022-02-16 10:02:12,517971,11.714971661567688
8180,2022-02-16 10:02:28,517971,11.792544722557068
8181,2022-02-16 10:02:45,517971,11.756864190101624
8182,2022-02-16 10:02:54,517971,11.925398111343384
8183,2022-02-16 10:02:55,517971,11.706215739250183
8184,2022-02-16 11:02:14,517971,11.677187085151672
8185,2022-02-16 11:02:16,517971,11.801750659942627
8186,2022-02-16 01:02:30,517972,11.926355957984924
8187,2022-02-16 01:02:35,517972,11.882694959640503
8188,2022-02-16 12:02:05,517972,11.654012799263
8189,2022-02-16 12:02:24,517972,11.618581414222717
8190,2022-02-16 12:02:27,517972,11.798365116119385
8191,2022-02-16 12:02:29,517972,11.830989122390747
8192,2022-02-16 12:02:43,517972,11.492645144462585
8193,2022-02-16 01:02:42,517974,11.974350214004517
8194,2022-02-16 01:02:42,517974,11.978617906570435
8195,2022-02-16 02:02:59,517974,11.65928602218628
8196,2022-02-16 12:02:34,517974,11.813064217567444
8197,2022-02-16 01:02:11,517975,11.768105030059814
8198,2022-02-16 02:02:04,517975,11.934638619422913
8199,2022-02-16 01:02:46,517976,11.900355219841003
8200,2022-02-16 03:02:00,517976,11.82218611240387
8201,2022-02-16 02:02:02,517977,11.80018424987793
8202,2022-02-16 02:02:24,517977,11.854707598686218
8203,2022-02-16 03:02:03,517977,11.729335188865662
8204,2022-02-16 03:02:36,517977,11.616265773773193
8205,2022-02-16 03:02:44,517977,11.746206879615784
8206,2022-02-16 04:02:20,517977,11.77642285823822
8207,2022-02-16 02:02:38,517978,11.943199038505554
8208,2022-02-16 05:02:41,517985,11.894140243530273
8209,2022-02-16 06:02:57,517985,11.715855598449707
8210,2022-02-16 06:02:42,517987,11.924586296081543
8211,2022-02-16 06:02:52,517987,11.746783256530762
8212,2022-02-16 07:02:45,517987,11.782408952713013
8213,2022-02-16 07:02:50,517987,11.784454584121704
8214,2022-02-16 07:02:28,517990,11.999489068984985
8215,2022-02-16 08:02:44,517990,11.874342560768127
8216,2022-02-16 08:02:52,517993,11.735420227050781
8217,2022-02-16 09:02:08,517993,11.728454828262329
8218,2022-02-16 09:02:44,517994,11.82002305984497
8219,2022-02-16 09:02:54,517994,11.719083786010742
8220,2022-02-16 09:02:10,517996,11.730858087539673
8221,2022-02-16 10:02:39,517996,11.721577644348145
8222,2022-02-16 10:02:46,517997,11.652898788452148
8223,2022-02-16 11:02:55,517997,11.875059008598328
8224,2022-02-17 02:02:56,518005,11.645612716674805
8225,2022-02-17 03:02:30,518005,11.620721220970154
8226,2022-02-17 03:02:46,518005,11.70562744140625
8227,2022-02-17 04:02:09,518005,11.774560809135437
8228,2022-02-17 05:02:22,518007,11.735220551490784
8229,2022-02-17 06:02:21,518007,11.8825364112854
8230,2022-02-17 06:02:23,518007,11.809410452842712
8231,2022-02-17 07:02:58,518007,11.803186535835266
8232,2022-02-17 09:02:13,518007,11.731703877449036
8233,2022-02-17 09:02:49,518007,11.880887746810913
8234,2022-02-17 10:02:23,518007,11.636705994606018
8235,2022-02-17 10:02:28,518007,11.623215079307556
8236,2022-02-17 01:02:21,518009,11.832005381584167
8237,2022-02-17 01:02:33,518009,11.692792773246765
8238,2022-02-17 01:02:46,518009,11.760152578353882
8239,2022-02-17 01:02:51,518009,12.006630301475525
8240,2022-02-17 01:02:57,518009,11.763997673988342
8241,2022-02-17 02:02:44,518009,11.7991304397583
8242,2022-02-17 12:02:02,518009,11.78057610988617
8243,2022-02-17 12:02:34,518009,11.972230672836304
8244,2022-02-17 01:02:24,518011,11.875438690185547
8245,2022-02-17 02:02:26,518011,11.865475177764893
8246,2022-02-17 03:02:00,518011,11.8776535987854
8247,2022-02-17 03:02:22,518011,11.797732710838318
8248,2022-02-17 03:02:30,518011,11.738929748535156
8249,2022-02-17 03:02:51,518011,11.981783509254456
8250,2022-02-17 05:02:13,518013,11.875370740890503
8251,2022-02-17 05:02:23,518013,11.657015681266785
8252,2022-02-17 05:02:24,518013,11.81427538394928
8253,2022-02-17 05:02:28,518013,11.797547340393066
8254,2022-02-17 05:02:32,518013,11.779369711875916
8255,2022-02-17 05:02:34,518013,11.7606121301651
8256,2022-02-17 05:02:55,518013,11.744595170021057
8257,2022-02-17 06:02:05,518013,11.71667993068695
8258,2022-02-17 06:02:12,518013,11.842846274375916
8259,2022-02-17 06:02:29,518013,11.67411744594574
8260,2022-02-17 06:02:44,518013,11.852343678474426
8261,2022-02-17 06:02:55,518013,11.858857274055481
8262,2022-02-17 07:02:18,518013,11.77245318889618
8263,2022-02-17 06:02:44,518014,11.482559442520142
8264,2022-02-17 07:02:39,518015,11.666017174720764
8265,2022-02-17 08:02:35,518015,12.041027545928955
8266,2022-02-17 08:02:36,518015,11.824176907539368
8267,2022-02-17 08:02:48,518015,11.901196837425232
8268,2022-02-17 08:02:49,518015,11.79486632347107
8269,2022-02-17 09:02:31,518015,11.97638988494873
8270,2022-02-17 09:02:52,518015,11.87852680683136
8271,2022-02-17 08:02:05,518018,12.020760774612427
8272,2022-02-17 10:02:45,518018,11.809695363044739
8273,2022-02-17 09:02:22,518019,11.822101473808289
8274,2022-02-17 09:02:38,518019,11.472540497779846
8275,2022-02-17 09:02:48,518019,11.841707229614258
8276,2022-02-17 10:02:05,518019,11.941332221031189
8277,2022-02-17 11:02:14,518019,11.8366539478302
8278,2022-02-17 11:02:39,518019,11.705891489982605
8279,2022-02-17 11:02:50,518019,11.800459027290344
8280,2022-02-17 11:02:58,518019,11.779645681381226
8281,2022-02-18 02:02:31,518021,11.758187413215637
8282,2022-02-18 12:02:50,518021,11.831153631210327
8283,2022-02-18 02:02:13,518022,11.73072636127472
8284,2022-02-18 12:02:50,518022,11.895062923431396
8285,2022-02-18 02:02:41,518026,11.846393346786499
8286,2022-02-18 03:02:33,518026,11.745585799217224
8287,2022-02-18 04:02:16,518029,11.720096468925476
8288,2022-02-18 05:02:00,518029,11.677714586257935
8289,2022-02-18 05:02:13,518029,11.750698685646057
8290,2022-02-18 06:02:24,518029,11.777774095535278
8291,2022-02-18 05:02:04,518030,12.024287581443787
8292,2022-02-18 06:02:15,518030,11.720033288002014
8293,2022-02-18 08:02:30,518033,11.706746816635132
8294,2022-02-18 09:02:24,518033,11.995384693145752
8295,2022-02-18 11:02:56,518033,11.945016980171204
8296,2022-02-18 12:02:03,518033,11.567125916481018
8297,2022-02-18 01:02:07,518034,11.8528550863266
8298,2022-02-18 01:02:20,518034,11.874935030937195
8299,2022-02-18 01:02:37,518034,11.79408609867096
8300,2022-02-18 03:02:28,518034,11.948021054267883
8301,2022-02-18 11:02:34,518034,11.79680347442627
8302,2022-02-18 12:02:03,518034,11.73404574394226
8303,2022-02-18 12:02:13,518034,11.777656078338623
8304,2022-02-18 12:02:27,518034,11.79046094417572
8305,2022-02-18 03:02:46,518036,11.768782138824463
8306,2022-02-18 04:02:06,518036,11.83748185634613
8307,2022-02-18 05:02:33,518036,11.85533583164215
8308,2022-02-18 03:02:34,518037,11.788508296012878
8309,2022-02-18 04:02:38,518038,11.768059730529785
8310,2022-02-18 05:02:21,518038,11.696963906288147
8311,2022-02-18 06:02:28,518039,11.917147040367126
8312,2022-02-18 06:02:37,518039,11.80292546749115
8313,2022-02-18 07:02:12,518039,11.883386373519897
8314,2022-02-18 08:02:13,518039,11.8803471326828
8315,2022-02-18 07:02:06,518041,11.92839801311493
8316,2022-02-18 09:02:16,518041,12.046179175376892
8317,2022-02-18 08:02:19,518042,11.93636953830719
8318,2022-02-18 08:02:27,518042,11.901766657829285
8319,2022-02-18 09:02:10,518042,11.809539794921875
8320,2022-02-18 09:02:12,518042,11.94510281085968
8321,2022-02-18 10:02:39,518042,11.897236108779907
8322,2022-02-18 11:02:57,518042,11.913868188858032
8323,2022-02-18 10:02:22,518043,12.002004981040955
8324,2022-02-19 02:02:44,518043,11.671911478042603
8325,2022-02-19 12:02:19,518043,12.002220153808594
8326,2022-02-19 12:02:43,518043,11.898916363716125
8327,2022-02-19 01:02:00,518044,11.784208416938782
8328,2022-02-19 01:02:46,518044,11.77663803100586
8329,2022-02-19 03:02:05,518044,11.925643682479858
8330,2022-02-19 03:02:53,518044,11.87695026397705
8331,2022-02-20 04:02:46,518049,11.75729513168335
8332,2022-02-20 05:02:46,518049,11.74113392829895
8333,2022-02-21 06:02:36,518049,11.521773934364319
8334,2022-02-21 07:02:33,518049,11.74522578716278
8335,2022-02-21 01:02:06,518050,11.785966753959656
8336,2022-02-21 07:02:06,518050,11.79147720336914
8337,2022-02-21 08:02:28,518050,11.838912963867188
8338,2022-02-21 08:02:40,518050,11.808234453201294
8339,2022-02-21 09:02:46,518050,11.839292645454407
8340,2022-02-21 10:02:13,518050,11.905999183654785
8341,2022-02-21 10:02:13,518050,11.804560422897339
8342,2022-02-21 10:02:36,518050,11.964172720909119
8343,2022-02-21 11:02:04,518050,11.9528329372406
8344,2022-02-21 11:02:06,518050,11.912809610366821
8345,2022-02-21 11:02:58,518050,11.839137077331543
8346,2022-02-21 12:02:02,518050,11.97324812412262
8347,2022-02-21 12:02:12,518050,11.858398914337158
8348,2022-02-21 12:02:17,518050,11.7814439535141
8349,2022-02-21 12:02:20,518050,11.778119206428528
8350,2022-02-21 01:02:26,518051,11.895533800125122
8351,2022-02-21 01:02:41,518051,11.709468364715576
8352,2022-02-21 01:02:44,518051,11.835290789604187
8353,2022-02-21 02:02:00,518051,11.881223917007446
8354,2022-02-21 02:02:03,518051,11.717756390571594
8355,2022-02-21 02:02:40,518051,11.832247972488403
8356,2022-02-21 02:02:54,518051,11.885378956794739
8357,2022-02-21 03:02:01,518051,11.919907927513123
8358,2022-02-21 03:02:20,518051,11.857544779777527
8359,2022-02-21 03:02:50,518051,11.802365183830261
8360,2022-02-21 03:02:58,518051,11.783371567726135
8361,2022-02-21 03:02:59,518051,11.893522143363953
8362,2022-02-21 04:02:45,518051,11.844393610954285
8363,2022-02-21 04:02:47,518051,11.800233721733093
8364,2022-02-21 05:02:10,518053,11.773604154586792
8365,2022-02-21 05:02:12,518053,11.953113079071045
8366,2022-02-21 05:02:18,518053,11.906813979148865
8367,2022-02-21 06:02:44,518053,11.843562126159668
8368,2022-02-21 06:02:55,518058,11.703517436981201
8369,2022-02-21 07:02:12,518058,11.72201156616211
8370,2022-02-21 07:02:31,518058,11.990663409233093
8371,2022-02-21 08:02:13,518058,11.796534657478333
8372,2022-02-21 08:02:00,518059,11.831412315368652
8373,2022-02-21 08:02:11,518059,11.88030481338501
8374,2022-02-21 09:02:02,518059,11.624948382377625
8375,2022-02-21 09:02:10,518059,11.849321126937866
8376,2022-02-21 09:02:15,518059,11.739195585250854
8377,2022-02-21 09:02:48,518059,11.836615800857544
8378,2022-02-22 01:02:02,518064,11.829501986503601
8379,2022-02-22 01:02:48,518064,11.73686683177948
8380,2022-02-22 09:02:08,518064,11.673416495323181
8381,2022-02-22 09:02:16,518064,11.886878609657288
8382,2022-02-22 09:02:43,518064,11.676843762397766
8383,2022-02-22 10:02:42,518064,11.764387488365173
8384,2022-02-22 10:02:43,518064,11.826034784317017
8385,2022-02-22 11:02:06,518064,11.87272846698761
8386,2022-02-22 11:02:20,518064,12.096744775772095
8387,2022-02-22 11:02:25,518064,11.98481559753418
8388,2022-02-22 11:02:31,518064,12.023104429244995
8389,2022-02-22 11:02:36,518064,11.860985159873962
8390,2022-02-22 11:02:40,518064,11.788376569747925
8391,2022-02-22 11:02:41,518064,11.816173195838928
8392,2022-02-22 11:02:53,518064,11.861876249313354
8393,2022-02-22 11:02:53,518064,11.920940279960632
8394,2022-02-22 12:02:24,518064,11.597898602485657
8395,2022-02-22 12:02:44,518064,11.842594146728516
8396,2022-02-22 01:02:03,518065,11.633745431900024
8397,2022-02-22 01:02:04,518065,11.82145357131958
8398,2022-02-22 02:02:03,518065,11.790064573287964
8399,2022-02-22 02:02:05,518065,12.01733946800232
8400,2022-02-22 02:02:18,518065,11.812496185302734
8401,2022-02-22 02:02:45,518065,11.753852367401123
8402,2022-02-22 02:02:58,518065,11.863785982131958
8403,2022-02-22 12:02:32,518065,11.89993441104889
8404,2022-02-22 02:02:00,518067,11.782534718513489
8405,2022-02-22 02:02:38,518067,11.703612804412842
8406,2022-02-22 03:02:48,518067,11.899768114089966
8407,2022-02-22 12:02:38,518067,11.87751293182373
8408,2022-02-22 01:02:04,518069,11.870548129081726
8409,2022-02-22 01:02:34,518069,11.723973155021667
8410,2022-02-22 02:02:09,518069,11.708747744560242
8411,2022-02-22 02:02:10,518069,11.947882175445557
8412,2022-02-22 02:02:38,518069,11.68582558631897
8413,2022-02-22 02:02:52,518069,11.712153553962708
8414,2022-02-22 01:02:27,518070,11.845614910125732
8415,2022-02-22 01:02:41,518070,11.785022020339966
8416,2022-02-22 01:02:58,518070,11.885069012641907
8417,2022-02-22 02:02:29,518070,11.800573468208313
8418,2022-02-22 02:02:50,518070,11.617887020111084
8419,2022-02-22 03:02:10,518070,11.860157251358032
8420,2022-02-22 03:02:10,518070,11.865154504776001
8421,2022-02-22 03:02:29,518070,11.7840576171875
8422,2022-02-22 03:02:35,518070,11.848258376121521
8423,2022-02-22 02:02:11,518071,11.861676573753357
8424,2022-02-22 04:02:56,518071,11.739110946655273
8425,2022-02-22 03:02:33,518072,11.901913285255432
8426,2022-02-22 03:02:47,518072,11.87782108783722
8427,2022-02-22 04:02:54,518072,11.86581552028656
8428,2022-02-22 06:02:06,518077,11.962683200836182
8429,2022-02-22 06:02:49,518077,11.994560360908508
8430,2022-02-22 08:02:02,518077,11.59019947052002
8431,2022-02-22 09:02:23,518077,11.789742112159729
8432,2022-02-22 08:02:25,518079,11.838898658752441
8433,2022-02-22 08:02:54,518079,11.857438683509827
8434,2022-02-22 08:02:54,518079,11.777652502059937
8435,2022-02-22 09:02:10,518079,11.90693974494934
8436,2022-02-22 09:02:22,518079,11.978031992912292
8437,2022-02-22 10:02:10,518079,11.843287348747253
8438,2022-02-22 08:02:04,518080,11.996510624885559
8439,2022-02-22 09:02:14,518080,11.760992407798767
8440,2022-02-22 10:02:50,518080,11.806343793869019
8441,2022-02-22 10:02:58,518080,11.914759278297424
8442,2022-02-23 12:02:15,518080,11.779605746269226
8443,2022-02-23 12:02:51,518080,11.770080924034119
8444,2022-02-22 09:02:01,518082,12.151702642440796
8445,2022-02-22 09:02:35,518082,11.735070943832397
8446,2022-02-22 09:02:55,518082,12.035804390907288
8447,2022-02-22 10:02:56,518082,11.858174204826355
8448,2022-02-22 11:02:09,518082,11.882787346839905
8449,2022-02-22 11:02:38,518082,11.760202646255493
8450,2022-02-22 09:02:22,518083,11.879344582557678
8451,2022-02-22 09:02:33,518083,11.89870297908783
8452,2022-02-22 11:02:04,518083,11.97962999343872
8453,2022-02-22 10:02:54,518086,11.834117770195007
8454,2022-02-22 11:02:32,518086,11.972770094871521
8455,2022-02-22 11:02:53,518088,11.815085411071777
8456,2022-02-23 12:02:05,518088,11.88661813735962
8457,2022-02-22 11:02:17,518089,12.005807757377625
8458,2022-02-23 12:02:04,518090,11.871466040611267
8459,2022-02-23 05:02:53,518098,11.932333707809448
8460,2022-02-23 06:02:01,518098,12.00757086277008
8461,2022-02-23 05:02:51,518099,11.93316102027893
8462,2022-02-23 05:02:52,518099,11.600420475006104
8463,2022-02-23 06:02:48,518099,12.045095562934875
8464,2022-02-23 07:02:46,518099,11.99280321598053
8465,2022-02-23 01:02:26,518100,11.97357952594757
8466,2022-02-23 01:02:36,518100,11.707227230072021
8467,2022-02-23 01:02:38,518100,11.934540271759033
8468,2022-02-23 03:02:08,518100,11.751322746276855
8469,2022-02-23 03:02:29,518100,11.837500929832458
8470,2022-02-23 03:02:59,518100,11.73128366470337
8471,2022-02-23 06:02:23,518100,11.995359063148499
8472,2022-02-23 06:02:41,518100,11.8046236038208
8473,2022-02-23 07:02:07,518100,11.796847581863403
8474,2022-02-23 07:02:26,518100,11.500638723373413
8475,2022-02-23 07:02:41,518100,12.009777426719666
8476,2022-02-23 07:02:51,518100,11.73456609249115
8477,2022-02-23 08:02:02,518100,11.937780976295471
8478,2022-02-23 08:02:43,518100,11.814096570014954
8479,2022-02-23 08:02:50,518100,12.039295434951782
8480,2022-02-23 09:02:07,518100,11.840206980705261
8481,2022-02-23 09:02:41,518100,11.905014514923096
8482,2022-02-23 09:02:43,518100,11.740108132362366
8483,2022-02-23 09:02:55,518100,12.069764137268066
8484,2022-02-23 10:02:06,518100,11.898167133331299
8485,2022-02-23 10:02:06,518100,12.019661664962769
8486,2022-02-23 10:02:12,518100,11.716480255126953
8487,2022-02-23 10:02:26,518100,11.827054023742676
8488,2022-02-23 10:02:26,518100,11.922352313995361
8489,2022-02-23 10:02:40,518100,11.937642097473145
8490,2022-02-23 10:02:54,518100,11.803979873657227
8491,2022-02-23 11:02:05,518100,11.809853911399841
8492,2022-02-23 11:02:29,518100,11.750274300575256
8493,2022-02-23 11:02:49,518100,11.93207323551178
8494,2022-02-23 11:02:59,518100,11.807975769042969
8495,2022-02-23 12:02:23,518100,11.779896020889282
8496,2022-02-23 01:02:42,518101,11.829312443733215
8497,2022-02-23 03:02:13,518101,11.839207410812378
8498,2022-02-23 02:02:00,518102,11.900120973587036
8499,2022-02-23 02:02:17,518102,12.04393446445465
8500,2022-02-23 02:02:26,518102,11.841960549354553
8501,2022-02-23 02:02:39,518102,12.044163346290588
8502,2022-02-23 03:02:37,518102,11.878759860992432
8503,2022-02-23 03:02:45,518102,11.809433102607727
8504,2022-02-23 03:02:47,518102,11.851228475570679
8505,2022-02-23 03:02:47,518102,11.785290837287903
8506,2022-02-23 05:02:37,518106,11.813685894012451
8507,2022-02-23 06:02:08,518106,11.96008563041687
8508,2022-02-23 06:02:29,518107,11.860226392745972
8509,2022-02-23 07:02:40,518107,11.819083094596863
8510,2022-02-23 06:02:24,518109,11.86061680316925
8511,2022-02-23 08:02:41,518109,11.879555583000183
8512,2022-02-23 08:02:48,518111,11.836174130439758
8513,2022-02-23 09:02:45,518111,12.03046441078186
8514,2022-02-23 10:02:10,518116,11.963316202163696
8515,2022-02-23 10:02:52,518117,11.776371002197266
8516,2022-02-24 12:02:57,518117,11.909506916999817
8517,2022-02-23 11:02:23,518119,11.907673478126526
8518,2022-02-24 01:02:32,518119,11.866767406463623
8519,2022-02-24 03:02:51,518122,11.697686314582825
8520,2022-02-24 04:02:12,518122,11.814349293708801
8521,2022-02-24 04:02:57,518122,11.91822350025177
8522,2022-02-24 05:02:16,518122,12.003732919692993
8523,2022-02-24 05:02:13,518123,11.708720922470093
8524,2022-02-24 05:02:37,518123,11.870511174201965
8525,2022-02-24 05:02:41,518123,11.857741475105286
8526,2022-02-24 06:02:10,518123,11.87175989151001
8527,2022-02-24 06:02:58,518123,11.983153820037842
8528,2022-02-24 06:02:59,518123,11.830414533615112
8529,2022-02-24 05:02:40,518124,11.79777204990387
8530,2022-02-24 06:02:42,518124,11.88239574432373
8531,2022-02-24 07:02:32,518124,11.780243515968323
8532,2022-02-24 07:02:36,518124,11.681556105613708
8533,2022-02-24 09:02:12,518125,11.842052936553955
8534,2022-02-24 11:02:34,518125,11.914568543434143
8535,2022-02-24 01:02:29,518126,11.743592023849487
8536,2022-02-24 11:02:47,518126,11.945658326148987
8537,2022-02-24 11:02:56,518126,12.042275071144104
8538,2022-02-24 12:02:30,518126,11.988000869750977
8539,2022-02-24 01:02:24,518127,11.979341506958008
8540,2022-02-24 01:02:32,518127,11.858278512954712
8541,2022-02-24 01:02:39,518127,11.883538365364075
8542,2022-02-24 01:02:47,518127,11.87420904636383
8543,2022-02-24 01:02:49,518127,11.834859848022461
8544,2022-02-24 02:02:19,518127,11.874914765357971
8545,2022-02-24 02:02:31,518127,11.882216930389404
8546,2022-02-24 02:02:32,518127,11.83397889137268
8547,2022-02-24 02:02:36,518127,11.991021633148193
8548,2022-02-24 02:02:38,518127,11.635342836380005
8549,2022-02-24 03:02:12,518127,11.873509287834167
8550,2022-02-24 03:02:36,518127,11.868613362312317
8551,2022-02-24 12:02:04,518127,11.820838451385498
8552,2022-02-24 12:02:25,518127,12.117953300476074
8553,2022-02-24 02:02:29,518128,11.786417365074158
8554,2022-02-24 03:02:43,518128,11.927416920661926
8555,2022-02-24 03:02:52,518128,11.788485050201416
8556,2022-02-24 03:02:56,518128,11.846550107002258
8557,2022-02-24 03:02:57,518128,11.94342851638794
8558,2022-02-24 03:02:59,518128,11.801791787147522
8559,2022-02-24 04:02:01,518128,11.886730790138245
8560,2022-02-24 04:02:44,518128,11.860544085502625
8561,2022-02-24 04:02:50,518128,11.725639700889587
8562,2022-02-24 04:02:53,518128,11.84615671634674
8563,2022-02-24 04:02:59,518128,11.78085207939148
8564,2022-02-24 05:02:27,518128,11.828258633613586
8565,2022-02-24 05:02:29,518128,12.026587724685669
8566,2022-02-24 05:02:30,518128,11.824597716331482
8567,2022-02-24 05:02:55,518128,11.717858910560608
8568,2022-02-24 06:02:34,518128,11.895744800567627
8569,2022-02-24 06:02:20,518131,11.770344972610474
8570,2022-02-24 06:02:30,518131,11.740722060203552
8571,2022-02-24 07:02:01,518131,11.849149465560913
8572,2022-02-24 07:02:42,518131,11.642286777496338
8573,2022-02-24 06:02:34,518132,11.961933374404907
8574,2022-02-24 08:02:08,518132,11.892375946044922
8575,2022-02-24 08:02:38,518134,11.869691610336304
8576,2022-02-24 09:02:47,518134,11.777958869934082
8577,2022-02-24 09:02:46,518135,11.775606274604797
8578,2022-02-24 10:02:45,518135,11.927137970924377
8579,2022-02-24 09:02:22,518136,11.844024658203125
8580,2022-02-24 11:02:38,518136,11.879281997680664
8581,2022-02-24 10:02:06,518137,11.94468379020691
8582,2022-02-24 11:02:15,518137,11.825734376907349
8583,2022-02-25 03:02:07,518143,11.716552972793579
8584,2022-02-25 04:02:14,518143,11.886624693870544
8585,2022-02-25 03:02:56,518144,11.855303049087524
8586,2022-02-25 05:02:19,518144,12.021985054016113
8587,2022-02-25 05:02:45,518145,11.905565857887268
8588,2022-02-25 06:02:36,518145,11.673100590705872
8589,2022-02-25 01:02:08,518147,11.580477356910706
8590,2022-02-25 01:02:09,518147,11.863581538200378
8591,2022-02-25 01:02:16,518147,11.756428480148315
8592,2022-02-25 01:02:21,518147,11.933434009552002
8593,2022-02-25 01:02:21,518147,11.900871396064758
8594,2022-02-25 01:02:51,518147,11.813295483589172
8595,2022-02-25 01:02:55,518147,11.887730956077576
8596,2022-02-25 02:02:08,518147,11.697441339492798
8597,2022-02-25 02:02:47,518147,11.910104155540466
8598,2022-02-25 02:02:48,518147,11.956375241279602
8599,2022-02-25 02:02:48,518147,11.900506615638733
8600,2022-02-25 02:02:56,518147,11.738701462745667
8601,2022-02-25 06:02:00,518147,11.83278739452362
8602,2022-02-25 06:02:15,518147,11.726323962211609
8603,2022-02-25 06:02:23,518147,11.947908997535706
8604,2022-02-25 07:02:46,518147,11.862657070159912
8605,2022-02-25 08:02:01,518147,11.895189881324768
8606,2022-02-25 08:02:22,518147,11.881447434425354
8607,2022-02-25 10:02:12,518147,11.784225702285767
8608,2022-02-25 10:02:37,518147,11.88632071018219
8609,2022-02-25 10:02:50,518147,11.812957525253296
8610,2022-02-25 11:02:05,518147,11.833254098892212
8611,2022-02-25 11:02:37,518147,11.836493015289307
8612,2022-02-25 12:02:07,518147,11.849265694618225
8613,2022-02-25 12:02:33,518147,11.952083706855774
8614,2022-02-25 12:02:58,518147,11.921321749687195
8615,2022-02-25 12:02:59,518147,11.805446743965149
8616,2022-02-25 02:02:48,518149,11.921549439430237
8617,2022-02-25 03:02:12,518149,11.764425039291382
8618,2022-02-25 03:02:27,518149,11.780721545219421
8619,2022-02-25 03:02:32,518149,12.001248002052307
8620,2022-02-25 04:02:47,518149,11.800938844680786
8621,2022-02-25 04:02:54,518149,11.886287927627563
8622,2022-02-25 04:02:57,518149,11.771734356880188
8623,2022-02-25 05:02:19,518149,11.844155192375183
8624,2022-02-25 06:02:42,518149,11.957652568817139
8625,2022-02-25 04:02:33,518150,11.834617257118225
8626,2022-02-25 05:02:49,518150,11.81090533733368
8627,2022-02-25 05:02:27,518152,11.902890801429749
8628,2022-02-25 05:02:54,518152,12.028631567955017
8629,2022-02-25 06:02:47,518152,11.80869996547699
8630,2022-02-25 06:02:58,518152,11.876168251037598
8631,2022-02-25 06:02:59,518152,11.777323484420776
8632,2022-02-25 07:02:56,518152,11.85695469379425
8633,2022-02-25 06:02:23,518153,11.932193636894226
8634,2022-02-25 07:02:43,518153,11.966602206230164
8635,2022-02-25 07:02:45,518155,11.89210295677185
8636,2022-02-25 08:02:19,518158,11.8735671043396
8637,2022-02-25 09:02:07,518158,11.951242089271545
8638,2022-02-25 10:02:42,518158,11.736276149749756
8639,2022-02-25 10:02:50,518158,11.823728680610657
8640,2022-02-25 09:02:11,518159,11.993257999420166
8641,2022-02-25 10:02:28,518159,11.848978400230408
8642,2022-02-25 10:02:04,518161,11.851235628128052
8643,2022-02-25 11:02:56,518161,11.974917650222778
8644,2022-02-25 11:02:52,518162,11.889737844467163
8645,2022-02-26 12:02:59,518162,11.805220246315002
8646,2022-02-25 11:02:30,518163,11.74556314945221
8647,2022-02-25 11:02:47,518163,11.806127429008484
8648,2022-02-26 01:02:53,518163,11.848219633102417
8649,2022-02-26 02:02:56,518168,11.9417804479599
8650,2022-02-26 05:02:47,518168,11.915572881698608
8651,2022-02-26 06:02:25,518168,11.838999390602112
8652,2022-02-26 06:02:43,518168,11.80819034576416
8653,2022-02-26 06:02:49,518170,11.923472881317139
8654,2022-02-27 04:02:45,518170,12.082873582839966
8655,2022-02-27 05:02:17,518170,11.8477463722229
8656,2022-02-28 05:02:09,518171,11.671205163002014
8657,2022-02-28 05:02:40,518171,11.921956539154053
8658,2022-02-28 05:02:51,518171,11.86979055404663
8659,2022-02-28 06:02:09,518171,11.964169144630432
8660,2022-02-28 06:02:12,518171,11.907711625099182
8661,2022-02-28 06:02:26,518171,12.101125121116638
8662,2022-02-28 07:02:37,518171,11.785553097724915
8663,2022-02-28 08:02:34,518171,11.58934772014618
8664,2022-02-28 01:02:05,518173,11.699562668800354
8665,2022-02-28 01:02:10,518173,11.938249468803406
8666,2022-02-28 01:02:17,518173,11.762653589248657
8667,2022-02-28 01:02:20,518173,11.816075444221497
8668,2022-02-28 01:02:34,518173,11.711363792419434
8669,2022-02-28 02:02:22,518173,11.854355335235596
8670,2022-02-28 11:02:03,518173,11.824718117713928
8671,2022-02-28 12:02:26,518173,11.688693165779114
8672,2022-02-28 01:02:25,518174,11.807150840759277
8673,2022-02-28 01:02:43,518174,11.879298686981201
8674,2022-02-28 02:02:08,518174,11.973122954368591
8675,2022-02-28 02:02:08,518174,12.04481303691864
8676,2022-02-28 02:02:27,518174,11.917544603347778
8677,2022-02-28 03:02:04,518174,11.957328915596008
8678,2022-02-28 02:02:40,518175,11.90520167350769
8679,2022-02-28 03:02:07,518175,11.739726066589355
8680,2022-02-28 03:02:31,518175,11.791934370994568
8681,2022-02-28 04:02:12,518175,11.858357191085815
8682,2022-02-28 04:02:45,518175,11.90508782863617
8683,2022-02-28 05:02:02,518175,11.953761577606201
8684,2022-02-28 05:02:15,518175,11.673635244369507
8685,2022-02-28 05:02:15,518175,11.778249144554138
8686,2022-02-28 05:02:59,518175,11.867777705192566
8687,2022-02-28 06:02:09,518175,11.818538308143616
8688,2022-02-28 06:02:16,518175,12.021607160568237
8689,2022-02-28 06:02:29,518175,11.860461235046387
8690,2022-02-28 06:02:56,518175,11.832441687583923
8691,2022-02-28 07:02:22,518175,11.796790361404419
8692,2022-02-28 07:02:53,518177,11.714334487915039
8693,2022-02-28 08:02:08,518177,11.399502158164978
8694,2022-02-28 08:02:29,518177,11.815261840820312
8695,2022-02-28 09:02:45,518177,12.019352912902832
8696,2022-02-28 09:02:11,518181,11.890408396720886
8697,2022-02-28 09:02:54,518181,11.806209087371826
8698,2022-02-28 10:02:10,518181,11.823708415031433
8699,2022-02-28 10:02:54,518181,11.98682725429535
8700,2022-02-28 10:02:03,518182,11.778414845466614