index_1based,timestamp,sut_version,value
1,2021-09-01 12:09:38,515218,17.654075622558594
2,2021-09-01 01:09:05,515219,17.483760118484497
3,2021-09-01 01:09:20,515219,17.493375539779663
4,2021-09-01 01:09:36,515219,17.554620504379272
5,2021-09-01 01:09:57,515219,17.582944631576538
6,2021-09-01 02:09:21,515219,17.511695623397827
7,2021-09-01 02:09:47,515219,17.272980213165283
8,2021-09-01 03:09:18,515219,17.432364225387573
9,2021-09-01 03:09:20,515219,17.415014505386353
10,2021-09-01 12:09:43,515219,17.405210733413696
11,2021-09-01 04:09:10,515220,17.717519998550415
12,2021-09-01 05:09:18,515220,17.77318000793457
13,2021-09-01 06:09:25,515220,17.527788877487183
14,2021-09-01 06:09:59,515220,17.68288016319275
15,2021-09-01 07:09:08,515220,17.50300407409668
16,2021-09-01 08:09:47,515222,17.716530561447144
17,2021-09-01 09:09:49,515222,17.36890435218811
18,2021-09-01 01:09:30,515224,17.570325136184692
19,2021-09-01 01:09:45,515224,17.562414407730103
20,2021-09-01 01:09:47,515224,17.780529260635376
21,2021-09-01 02:09:01,515224,17.59813904762268
22,2021-09-01 02:09:03,515224,17.438565492630005
23,2021-09-01 02:09:31,515224,17.790910005569458
24,2021-09-01 11:09:15,515224,17.682944536209106
25,2021-09-01 11:09:16,515224,17.811845541000366
26,2021-09-01 11:09:55,515224,17.616419792175293
27,2021-09-01 12:09:18,515224,17.732794284820557
28,2021-09-01 12:09:44,515224,17.586874961853027
29,2021-09-01 12:09:44,515224,17.68813967704773
30,2021-09-01 12:09:47,515224,17.817225456237793
31,2021-09-01 12:09:48,515224,17.638494968414307
32,2021-09-01 12:09:49,515224,17.612420320510864
33,2021-09-01 01:09:32,515225,17.861415147781372
34,2021-09-01 01:09:37,515225,17.85345435142517
35,2021-09-01 02:09:33,515225,17.54933476448059
36,2021-09-01 02:09:42,515225,17.786895036697388
37,2021-09-01 03:09:10,515228,17.722939252853394
38,2021-09-01 04:09:41,515230,17.68794536590576
39,2021-09-01 10:09:02,515238,17.425825595855713
40,2021-09-02 12:09:31,515240,17.722355127334595
41,2021-09-02 05:09:38,515242,17.536519765853882
42,2021-09-02 06:09:16,515242,17.456105947494507
43,2021-09-02 06:09:19,515242,17.809170484542847
44,2021-09-02 06:09:36,515242,17.7588152885437
45,2021-09-02 08:09:19,515243,17.712910175323486
46,2021-09-02 09:09:36,515243,17.81907558441162
47,2021-09-02 09:09:51,515243,17.610490322113037
48,2021-09-02 09:09:55,515243,17.579115629196167
49,2021-09-02 10:09:01,515243,17.367780208587646
50,2021-09-02 11:09:33,515243,17.558284997940063
51,2021-09-02 11:09:54,515243,17.97655463218689
52,2021-09-02 12:09:11,515243,17.528245449066162
53,2021-09-02 01:09:43,515244,17.680444717407227
54,2021-09-02 01:09:50,515244,17.73808479309082
55,2021-09-02 12:09:01,515244,17.592380046844482
56,2021-09-02 12:09:17,515244,17.826679944992065
57,2021-09-02 12:09:55,515244,17.657300233840942
58,2021-09-02 12:09:55,515244,17.59232521057129
59,2021-09-02 12:09:56,515244,17.744184732437134
60,2021-09-02 02:09:39,515246,17.75510549545288
61,2021-09-02 03:09:21,515247,17.74324059486389
62,2021-09-02 04:09:04,515247,17.645750045776367
63,2021-09-02 03:09:37,515248,17.596629858016968
64,2021-09-02 04:09:55,515248,17.665669918060303
65,2021-09-02 06:09:39,515251,17.686980962753296
66,2021-09-02 06:09:58,515251,17.772090435028076
67,2021-09-02 07:09:12,515251,17.45971918106079
68,2021-09-02 07:09:48,515251,17.82459020614624
69,2021-09-02 07:09:55,515252,17.69394040107727
70,2021-09-02 07:09:56,515252,17.65125036239624
71,2021-09-02 07:09:09,515254,17.574634552001953
72,2021-09-02 08:09:31,515254,17.640514373779297
73,2021-09-02 09:09:08,515257,17.678145170211792
74,2021-09-03 01:09:01,515260,17.784805297851562
75,2021-09-03 01:09:19,515260,17.627315521240234
76,2021-09-03 01:09:22,515260,17.74141550064087
77,2021-09-03 01:09:26,515260,17.593644857406616
78,2021-09-03 02:09:57,515260,17.781270742416382
79,2021-09-03 12:09:26,515260,17.617894411087036
80,2021-09-03 06:09:08,515262,17.525049448013306
81,2021-09-03 06:09:32,515262,17.614164352416992
82,2021-09-03 07:09:00,515262,17.388935089111328
83,2021-09-03 08:09:19,515262,17.623610496520996
84,2021-09-03 09:09:03,515263,17.72742986679077
85,2021-09-03 09:09:34,515263,17.75600552558899
86,2021-09-03 09:09:52,515263,17.617969512939453
87,2021-09-03 10:09:44,515263,17.605619430541992
88,2021-09-03 10:09:47,515263,17.766640186309814
89,2021-09-03 10:09:08,515264,17.790464162826538
90,2021-09-03 11:09:32,515264,17.495194673538208
91,2021-09-03 01:09:18,515265,17.66640543937683
92,2021-09-03 12:09:38,515265,17.97685980796814
93,2021-09-03 01:09:21,515266,17.66021490097046
94,2021-09-03 01:09:22,515266,17.761235237121582
95,2021-09-03 02:09:48,515266,17.647985219955444
96,2021-09-03 03:09:50,515268,17.631934881210327
97,2021-09-03 04:09:19,515268,17.667160034179688
98,2021-09-03 04:09:42,515269,17.577730417251587
99,2021-09-03 05:09:38,515269,17.61622428894043
100,2021-09-03 06:09:37,515272,17.57067561149597
101,2021-09-03 10:09:19,515275,17.77042508125305
102,2021-09-03 11:09:32,515275,17.504005432128906
103,2021-09-03 11:09:41,515277,17.462445497512817
104,2021-09-04 01:09:01,515277,17.767544984817505
105,2021-09-04 01:09:12,515277,17.547080516815186
106,2021-09-04 01:09:17,515277,17.71236538887024
107,2021-09-04 01:09:37,515277,17.679835557937622
108,2021-09-04 02:09:06,515277,17.56375551223755
109,2021-09-04 02:09:50,515277,17.44857430458069
110,2021-09-04 12:09:07,515277,17.694839239120483
111,2021-09-04 12:09:23,515277,17.550909519195557
112,2021-09-04 12:09:51,515277,17.50272512435913
113,2021-09-04 02:09:45,515278,17.758294343948364
114,2021-09-04 03:09:52,515278,17.657240629196167
115,2021-09-04 06:09:19,515279,17.807539701461792
116,2021-09-04 06:09:28,515279,17.70740032196045
117,2021-09-04 07:09:44,515279,17.639060020446777
118,2021-09-04 10:09:48,515281,17.630674839019775
119,2021-09-05 05:09:13,515282,17.82142996788025
120,2021-09-05 05:09:42,515282,17.80124068260193
121,2021-09-05 07:09:56,515282,17.580230236053467
122,2021-09-06 01:09:15,515282,17.570794820785522
123,2021-09-06 06:09:13,515282,17.645779848098755
124,2021-09-06 08:09:12,515282,17.548575401306152
125,2021-09-06 08:09:43,515282,17.54359006881714
126,2021-09-06 08:09:44,515282,17.607624530792236
127,2021-09-06 08:09:52,515282,17.64749526977539
128,2021-09-06 09:09:15,515282,17.759500741958618
129,2021-09-06 09:09:17,515282,17.62513518333435
130,2021-09-06 09:09:43,515282,17.716909646987915
131,2021-09-06 09:09:57,515282,17.59753942489624
132,2021-09-06 10:09:14,515282,17.57216453552246
133,2021-09-06 11:09:40,515282,17.703624963760376
134,2021-09-06 11:09:52,515282,17.718870639801025
135,2021-09-06 11:09:57,515282,17.565929889678955
136,2021-09-06 12:09:38,515282,17.727190256118774
137,2021-09-06 12:09:52,515282,17.70155429840088
138,2021-09-06 12:09:57,515282,17.602474689483643
139,2021-09-06 12:09:58,515282,17.797070741653442
140,2021-09-06 01:09:05,515283,17.80472993850708
141,2021-09-06 12:09:16,515283,17.712395191192627
142,2021-09-06 01:09:18,515284,17.926440238952637
143,2021-09-06 02:09:05,515285,17.804784774780273
144,2021-09-06 02:09:43,515285,17.560750246047974
145,2021-09-06 03:09:32,515286,17.69569993019104
146,2021-09-06 03:09:33,515286,17.61143445968628
147,2021-09-06 04:09:21,515286,17.513060569763184
148,2021-09-06 04:09:46,515286,17.677000761032104
149,2021-09-06 04:09:59,515286,17.625110149383545
150,2021-09-06 06:09:35,515290,17.584999799728394
151,2021-09-06 06:09:45,515290,17.464234828948975
152,2021-09-06 07:09:31,515290,17.557629346847534
153,2021-09-06 07:09:45,515290,17.671009302139282
154,2021-09-06 07:09:28,515291,17.74085521697998
155,2021-09-06 08:09:05,515291,17.749749422073364
156,2021-09-06 08:09:47,515292,17.407289743423462
157,2021-09-06 09:09:20,515292,17.688145637512207
158,2021-09-06 10:09:52,515292,17.503199577331543
159,2021-09-06 10:09:52,515292,17.63720989227295
160,2021-09-06 09:09:20,515293,17.497209310531616
161,2021-09-06 09:09:23,515293,17.775425910949707
162,2021-09-06 10:09:10,515293,17.700679302215576
163,2021-09-06 10:09:54,515293,17.148369550704956
164,2021-09-06 11:09:12,515293,17.49603509902954
165,2021-09-06 11:09:20,515293,17.59827971458435
166,2021-09-06 09:09:46,515294,17.496509552001953
167,2021-09-06 10:09:08,515294,17.99027442932129
168,2021-09-06 10:09:18,515294,17.697570323944092
169,2021-09-06 10:09:27,515294,17.591745853424072
170,2021-09-06 10:09:28,515294,17.808104753494263
171,2021-09-06 11:09:56,515294,17.83154010772705
172,2021-09-06 10:09:36,515295,17.848665714263916
173,2021-09-06 11:09:10,515295,17.589855194091797
174,2021-09-07 12:09:36,515295,17.609529495239258
175,2021-09-07 02:09:22,515296,17.633615732192993
176,2021-09-07 12:09:19,515296,17.606115341186523
177,2021-09-07 02:09:28,515297,17.558414936065674
178,2021-09-07 05:09:51,515303,17.560054063796997
179,2021-09-07 06:09:29,515303,17.614604234695435
180,2021-09-07 06:09:27,515304,17.781050205230713
181,2021-09-07 07:09:38,515304,17.48421549797058
182,2021-09-07 08:09:08,515304,17.853745222091675
183,2021-09-07 08:09:31,515304,17.721714973449707
184,2021-09-07 09:09:13,515304,17.806789875030518
185,2021-09-07 01:09:44,515308,17.78280019760132
186,2021-09-07 10:09:48,515308,17.48208999633789
187,2021-09-07 11:09:20,515308,17.82028079032898
188,2021-09-07 11:09:50,515308,17.7747642993927
189,2021-09-07 12:09:05,515308,17.816184759140015
190,2021-09-07 12:09:31,515308,17.63553023338318
191,2021-09-07 01:09:05,515309,17.766034603118896
192,2021-09-07 01:09:50,515309,17.507740259170532
193,2021-09-07 02:09:11,515309,17.566064596176147
194,2021-09-07 02:09:13,515309,17.685924768447876
195,2021-09-07 02:09:23,515309,17.598729133605957
196,2021-09-07 02:09:38,515309,17.65300989151001
197,2021-09-07 02:09:46,515309,17.932229042053223
198,2021-09-07 02:09:59,515309,17.424964904785156
199,2021-09-07 03:09:06,515309,17.393009662628174
200,2021-09-07 03:09:07,515309,17.454630136489868
201,2021-09-07 03:09:13,515309,17.53167986869812
202,2021-09-07 03:09:18,515309,17.306474447250366
203,2021-09-07 03:09:43,515309,17.40311026573181
204,2021-09-07 06:09:10,515309,17.57109045982361
205,2021-09-07 06:09:28,515309,17.49048948287964
206,2021-09-07 07:09:16,515309,17.527400255203247
207,2021-09-07 07:09:52,515309,17.750015258789062
208,2021-09-07 02:09:06,515310,17.458980083465576
209,2021-09-07 02:09:21,515310,17.531825304031372
210,2021-09-07 03:09:01,515310,17.562265396118164
211,2021-09-07 03:09:39,515310,17.584924697875977
212,2021-09-07 04:09:12,515310,17.6448392868042
213,2021-09-07 04:09:36,515310,17.45576024055481
214,2021-09-07 02:09:50,515311,17.653669118881226
215,2021-09-07 03:09:02,515311,17.577354907989502
216,2021-09-07 03:09:11,515311,17.619495391845703
217,2021-09-07 03:09:24,515311,17.733755111694336
218,2021-09-07 03:09:30,515311,17.619880437850952
219,2021-09-07 04:09:12,515311,17.82365918159485
220,2021-09-07 04:09:20,515311,17.523224353790283
221,2021-09-07 05:09:22,515313,17.64236569404602
222,2021-09-07 06:09:51,515313,17.57433533668518
223,2021-09-07 06:09:52,515313,17.66231417655945
224,2021-09-07 06:09:56,515313,17.796519994735718
225,2021-09-07 06:09:58,515313,17.798625230789185
226,2021-09-07 07:09:16,515313,17.749910354614258
227,2021-09-07 07:09:36,515313,17.656970024108887
228,2021-09-07 08:09:02,515313,17.60319471359253
229,2021-09-07 09:09:34,515313,17.62991428375244
230,2021-09-07 09:09:39,515313,17.590824365615845
231,2021-09-07 08:09:13,515314,17.8215754032135
232,2021-09-07 08:09:18,515314,17.75417923927307
233,2021-09-07 09:09:17,515314,17.702029943466187
234,2021-09-07 09:09:18,515314,17.82454490661621
235,2021-09-07 09:09:52,515314,17.712124586105347
236,2021-09-07 10:09:01,515314,17.72660493850708
237,2021-09-07 10:09:33,515314,17.60872483253479
238,2021-09-07 11:09:35,515314,17.797590494155884
239,2021-09-07 11:09:42,515314,17.854714393615723
240,2021-09-07 11:09:46,515314,17.38970398902893
241,2021-09-08 12:09:30,515314,17.55851984024048
242,2021-09-08 12:09:38,515314,17.649964094161987
243,2021-09-08 12:09:39,515314,17.49153971672058
244,2021-09-08 12:09:46,515314,17.547290325164795
245,2021-09-08 01:09:31,515317,17.558079957962036
246,2021-09-08 12:09:33,515317,17.54562020301819
247,2021-09-08 01:09:18,515318,17.37380027770996
248,2021-09-08 01:09:29,515318,17.585794925689697
249,2021-09-08 01:09:58,515318,17.819024324417114
250,2021-09-08 02:09:43,515318,17.75444984436035
251,2021-09-08 02:09:58,515318,17.725729942321777
252,2021-09-08 06:09:56,515318,17.88172960281372
253,2021-09-08 07:09:08,515318,18.099474906921387
254,2021-09-08 07:09:21,515318,17.696399688720703
255,2021-09-08 07:09:22,515318,17.71894931793213
256,2021-09-08 07:09:31,515318,17.717084884643555
257,2021-09-08 07:09:32,515318,17.704604864120483
258,2021-09-08 08:09:30,515318,17.858034372329712
259,2021-09-08 08:09:49,515318,17.731330394744873
260,2021-09-08 08:09:54,515318,17.620975971221924
261,2021-09-08 09:09:00,515318,17.813293933868408
262,2021-09-08 09:09:51,515318,17.87021517753601
263,2021-09-08 11:09:32,515318,17.766010761260986
264,2021-09-08 11:09:36,515318,17.636204957962036
265,2021-09-08 11:09:39,515318,17.728179693222046
266,2021-09-08 11:09:43,515318,17.6202392578125
267,2021-09-08 11:09:58,515318,17.642744779586792
268,2021-09-08 12:09:07,515318,17.774019241333008
269,2021-09-08 12:09:51,515318,17.696114778518677
270,2021-09-08 02:09:38,515320,17.573864459991455
271,2021-09-08 02:09:43,515320,17.614319324493408
272,2021-09-08 03:09:23,515320,17.603399753570557
273,2021-09-08 02:09:22,515321,17.699354887008667
274,2021-09-08 03:09:01,515321,17.709704637527466
275,2021-09-08 03:09:03,515321,17.562085390090942
276,2021-09-08 03:09:14,515321,17.66582489013672
277,2021-09-08 03:09:18,515321,17.674174308776855
278,2021-09-08 04:09:10,515321,17.33868956565857
279,2021-09-08 04:09:34,515321,17.46968984603882
280,2021-09-08 04:09:43,515323,17.43021011352539
281,2021-09-08 05:09:02,515323,17.62289524078369
282,2021-09-08 05:09:54,515323,17.609679698944092
283,2021-09-08 06:09:46,515323,17.371495962142944
284,2021-09-08 05:09:06,515324,17.570929527282715
285,2021-09-08 05:09:14,515324,17.603650093078613
286,2021-09-08 05:09:39,515324,17.467159032821655
287,2021-09-08 06:09:15,515324,17.5181245803833
288,2021-09-08 09:09:04,515324,17.56641983985901
289,2021-09-08 06:09:00,515325,17.68620014190674
290,2021-09-08 09:09:19,515325,17.572015523910522
291,2021-09-08 10:09:04,515325,17.5467848777771
292,2021-09-08 11:09:02,515325,17.440919876098633
293,2021-09-08 11:09:56,515325,17.576370239257812
294,2021-09-09 12:09:04,515325,17.28942036628723
295,2021-09-08 11:09:34,515326,17.60202407836914
296,2021-09-08 11:09:58,515326,17.556060552597046
297,2021-09-09 09:09:44,515327,17.543940544128418
298,2021-09-09 09:09:47,515327,17.398879528045654
299,2021-09-09 09:09:55,515327,17.459005117416382
300,2021-09-09 12:09:39,515327,17.482045888900757
301,2021-09-09 02:09:40,515334,17.483539581298828
302,2021-09-09 03:09:26,515335,17.481614351272583
303,2021-09-09 04:09:36,515335,17.47540593147278
304,2021-09-09 03:09:56,515336,17.58409023284912
305,2021-09-09 04:09:15,515336,17.23886013031006
306,2021-09-09 04:09:30,515336,17.407959699630737
307,2021-09-09 05:09:04,515336,17.367769479751587
308,2021-09-09 06:09:12,515337,17.56132483482361
309,2021-09-09 07:09:07,515338,17.629910707473755
310,2021-09-09 08:09:49,515338,17.37310528755188
311,2021-09-09 01:09:06,515341,17.468314170837402
312,2021-09-09 01:09:07,515341,17.427520751953125
313,2021-09-09 01:09:23,515341,17.58192539215088
314,2021-09-09 09:09:48,515341,17.504655122756958
315,2021-09-09 09:09:50,515341,17.5912344455719
316,2021-09-09 10:09:00,515341,17.586729526519775
317,2021-09-09 10:09:00,515341,17.449599504470825
318,2021-09-09 10:09:12,515341,17.27811574935913
319,2021-09-09 11:09:31,515341,17.447810173034668
320,2021-09-09 11:09:31,515341,17.608015537261963
321,2021-09-09 11:09:51,515341,17.624239921569824
322,2021-09-09 12:09:17,515341,17.39341974258423
323,2021-09-09 12:09:32,515341,17.582374811172485
324,2021-09-09 12:09:32,515341,17.557309865951538
325,2021-09-09 12:09:53,515341,17.520369291305542
326,2021-09-09 12:09:55,515341,17.438305616378784
327,2021-09-09 12:09:59,515341,17.54095435142517
328,2021-09-09 02:09:11,515342,17.535029649734497
329,2021-09-09 03:09:57,515342,17.615649700164795
330,2021-09-09 04:09:01,515344,17.600289583206177
331,2021-09-09 04:09:36,515344,17.540653944015503
332,2021-09-09 04:09:41,515344,17.568554878234863
333,2021-09-09 05:09:10,515344,17.384929656982422
334,2021-09-09 05:09:27,515344,17.18540072441101
335,2021-09-09 05:09:57,515344,17.6572847366333
336,2021-09-09 06:09:18,515345,17.69934892654419
337,2021-09-09 07:09:48,515347,17.708494663238525
338,2021-09-09 08:09:26,515347,17.51092553138733
339,2021-09-09 09:09:39,515348,17.483705282211304
340,2021-09-09 10:09:58,515348,17.41220474243164
341,2021-09-09 11:09:01,515350,17.680715322494507
342,2021-09-09 11:09:06,515350,17.547460794448853
343,2021-09-10 12:09:09,515350,17.701094150543213
344,2021-09-10 12:09:26,515350,17.581944465637207
345,2021-09-09 11:09:35,515351,17.54201889038086
346,2021-09-09 11:09:39,515351,17.706304788589478
347,2021-09-10 01:09:12,515351,17.520674467086792
348,2021-09-10 12:09:19,515351,17.65344500541687
349,2021-09-10 12:09:20,515351,17.53422975540161
350,2021-09-10 12:09:57,515351,17.779985666275024
351,2021-09-10 01:09:26,515352,17.54249930381775
352,2021-09-10 01:09:33,515352,17.564815282821655
353,2021-09-10 01:09:50,515352,17.647515535354614
354,2021-09-10 02:09:17,515352,17.6129150390625
355,2021-09-10 02:09:51,515352,17.703925371170044
356,2021-09-10 12:09:09,515352,17.538880109786987
357,2021-09-10 02:09:06,515356,17.5969398021698
358,2021-09-10 03:09:26,515356,17.369699478149414
359,2021-09-10 03:09:32,515356,17.698270082473755
360,2021-09-10 03:09:56,515356,17.490090131759644
361,2021-09-10 04:09:40,515356,17.48174548149109
362,2021-09-10 04:09:47,515356,17.730504274368286
363,2021-09-10 04:09:14,515357,17.674074172973633
364,2021-09-10 05:09:33,515357,17.4144446849823
365,2021-09-10 05:09:38,515358,17.59498953819275
366,2021-09-10 07:09:13,515362,17.617294788360596
367,2021-09-10 08:09:54,515362,17.491049766540527
368,2021-09-10 07:09:16,515364,17.682420015335083
369,2021-09-10 07:09:35,515364,17.567429542541504
370,2021-09-10 08:09:00,515364,17.46382474899292
371,2021-09-10 01:09:01,515366,17.479945421218872
372,2021-09-10 01:09:42,515366,17.24724531173706
373,2021-09-10 01:09:47,515366,17.575803995132446
374,2021-09-10 02:09:04,515366,17.547940015792847
375,2021-09-10 02:09:12,515366,17.549304962158203
376,2021-09-10 02:09:15,515366,17.71735906600952
377,2021-09-10 02:09:27,515366,17.535359859466553
378,2021-09-10 02:09:30,515366,17.50465989112854
379,2021-09-10 02:09:31,515366,17.540204524993896
380,2021-09-10 02:09:48,515366,17.555450201034546
381,2021-09-10 03:09:02,515366,17.632704973220825
382,2021-09-10 03:09:03,515366,17.760944366455078
383,2021-09-10 03:09:08,515366,17.594364881515503
384,2021-09-10 03:09:34,515366,17.591530084609985
385,2021-09-10 03:09:56,515366,17.49714493751526
386,2021-09-10 04:09:01,515366,17.45036005973816
387,2021-09-10 04:09:35,515366,17.869155406951904
388,2021-09-10 04:09:54,515366,17.566699981689453
389,2021-09-10 09:09:08,515366,17.512049674987793
390,2021-09-10 09:09:13,515366,17.573095560073853
391,2021-09-10 11:09:29,515366,17.491509914398193
392,2021-09-10 02:09:06,515367,17.423410415649414
393,2021-09-10 03:09:15,515367,17.61809468269348
394,2021-09-10 03:09:23,515367,17.67485499382019
395,2021-09-10 04:09:44,515367,17.465544939041138
396,2021-09-10 03:09:09,515368,17.475684881210327
397,2021-09-10 05:09:47,515369,17.760599851608276
398,2021-09-10 06:09:58,515369,17.610139846801758
399,2021-09-10 05:09:59,515371,17.39369511604309
400,2021-09-10 06:09:25,515371,17.354400157928467
401,2021-09-10 06:09:44,515373,17.651885747909546
402,2021-09-10 07:09:10,515373,17.400624752044678
403,2021-09-13 05:09:09,515375,17.66432523727417
404,2021-09-13 05:09:14,515375,17.739949226379395
405,2021-09-10 10:09:16,515377,17.71235466003418
406,2021-09-10 11:09:39,515378,17.58565068244934
407,2021-09-11 01:09:33,515379,17.509820461273193
408,2021-09-11 12:09:06,515379,17.70448088645935
409,2021-09-11 12:09:48,515379,17.624484300613403
410,2021-09-11 01:09:18,515380,17.708024978637695
411,2021-09-11 01:09:39,515380,17.76044011116028
412,2021-09-11 02:09:00,515380,17.623186111450195
413,2021-09-11 02:09:57,515380,17.6406192779541
414,2021-09-11 01:09:03,515381,17.560709714889526
415,2021-09-11 02:09:03,515381,17.659045457839966
416,2021-09-11 02:09:29,515381,17.53272533416748
417,2021-09-13 05:09:09,515381,17.507059574127197
418,2021-09-13 06:09:46,515382,17.78401017189026
419,2021-09-13 07:09:43,515382,17.632280588150024
420,2021-09-11 03:09:04,515385,17.666709423065186
421,2021-09-11 03:09:26,515385,17.599040269851685
422,2021-09-11 06:09:01,515387,17.629804611206055
423,2021-09-11 01:09:37,515388,17.405545711517334
424,2021-09-11 12:09:03,515388,17.709054946899414
425,2021-09-11 08:09:18,515389,17.5480055809021
426,2021-09-11 09:09:30,515389,17.480264902114868
427,2021-09-12 05:09:51,515390,17.759840488433838
428,2021-09-12 06:09:35,515390,17.508504390716553
429,2021-09-12 03:09:37,515391,17.456510066986084
430,2021-09-13 04:09:27,515391,17.3358952999115
431,2021-09-13 06:09:01,515391,17.627990245819092
432,2021-09-13 06:09:28,515391,17.70082950592041
433,2021-09-13 06:09:40,515391,17.722504138946533
434,2021-09-13 07:09:04,515391,17.737679481506348
435,2021-09-13 07:09:24,515391,17.45847463607788
436,2021-09-13 07:09:33,515391,17.549760341644287
437,2021-09-13 07:09:35,515391,17.46662974357605
438,2021-09-13 07:09:51,515391,17.8180992603302
439,2021-09-13 07:09:52,515391,17.696624994277954
440,2021-09-13 07:09:52,515391,17.374989986419678
441,2021-09-13 07:09:57,515391,17.691570520401
442,2021-09-13 07:09:58,515391,17.527960538864136
443,2021-09-13 08:09:17,515391,17.39372968673706
444,2021-09-13 08:09:32,515391,17.682244777679443
445,2021-09-13 08:09:55,515391,17.57372498512268
446,2021-09-13 09:09:31,515391,17.602105140686035
447,2021-09-13 01:09:16,515393,17.55805015563965
448,2021-09-13 01:09:22,515393,17.744280099868774
449,2021-09-13 11:09:10,515393,17.253005504608154
450,2021-09-13 11:09:26,515393,17.497529983520508
451,2021-09-13 11:09:36,515393,17.792329788208008
452,2021-09-14 08:09:19,515393,17.348209619522095
453,2021-09-14 08:09:46,515393,17.327089309692383
454,2021-09-14 12:09:20,515393,17.548309564590454
455,2021-09-13 01:09:22,515394,17.426764965057373
456,2021-09-13 01:09:58,515394,17.5811505317688
457,2021-09-13 11:09:10,515394,17.527735233306885
458,2021-09-13 11:09:56,515394,17.450885772705078
459,2021-09-14 12:09:53,515394,17.52824068069458
460,2021-09-13 01:09:07,515396,17.674880027770996
461,2021-09-14 01:09:15,515396,17.623674869537354
462,2021-09-14 11:09:23,515396,17.523189783096313
463,2021-09-14 11:09:57,515396,17.34584093093872
464,2021-09-14 02:09:10,515397,17.54855513572693
465,2021-09-14 09:09:29,515397,17.674729824066162
466,2021-09-14 09:09:31,515397,17.603740692138672
467,2021-09-14 09:09:33,515397,17.584705352783203
468,2021-09-14 09:09:59,515397,17.589269876480103
469,2021-09-14 11:09:02,515397,17.712430953979492
470,2021-09-14 11:09:09,515397,17.596495151519775
471,2021-09-14 11:09:55,515397,17.31650471687317
472,2021-09-14 12:09:11,515397,17.772384881973267
473,2021-09-14 12:09:52,515397,17.405400276184082
474,2021-09-13 03:09:38,515398,17.69558072090149
475,2021-09-14 07:09:08,515398,17.54338026046753
476,2021-09-14 09:09:16,515398,17.533564567565918
477,2021-09-14 09:09:46,515398,17.66764521598816
478,2021-09-14 11:09:25,515398,17.71256446838379
479,2021-09-14 10:09:06,515399,17.504810094833374
480,2021-09-14 12:09:19,515399,17.683364152908325
481,2021-09-14 12:09:03,515401,17.47758984565735
482,2021-09-14 01:09:01,515403,17.521649599075317
483,2021-09-14 01:09:09,515403,17.50382423400879
484,2021-09-14 01:09:57,515403,17.6545250415802
485,2021-09-14 02:09:46,515403,17.570689916610718
486,2021-09-14 09:09:41,515403,17.72212505340576
487,2021-09-14 09:09:44,515403,17.591350078582764
488,2021-09-14 09:09:59,515403,17.681705951690674
489,2021-09-14 10:09:21,515403,17.719805240631104
490,2021-09-14 12:09:36,515403,17.682814598083496
491,2021-09-14 12:09:38,515403,17.56128430366516
492,2021-09-14 12:09:46,515403,17.732465267181396
493,2021-09-14 12:09:47,515403,17.163859605789185
494,2021-09-14 12:09:48,515403,17.574970722198486
495,2021-09-14 05:09:44,515405,17.378745079040527
496,2021-09-14 06:09:10,515405,17.59289026260376
497,2021-09-14 06:09:56,515405,17.453019618988037
498,2021-09-14 07:09:04,515405,17.452340126037598
499,2021-09-14 07:09:19,515405,17.706540822982788
500,2021-09-14 07:09:35,515405,17.552731037139893
501,2021-09-14 08:09:10,515405,17.501784563064575
502,2021-09-14 08:09:34,515405,17.574399709701538
503,2021-09-14 08:09:39,515405,17.502304315567017
504,2021-09-14 08:09:41,515405,17.3852801322937
505,2021-09-14 08:09:53,515405,17.343180179595947
506,2021-09-14 09:09:10,515406,17.473385334014893
507,2021-09-14 09:09:24,515406,17.63883948326111
508,2021-09-14 09:09:47,515406,17.65149474143982
509,2021-09-14 09:09:53,515406,17.339094877243042
510,2021-09-14 10:09:25,515406,17.408934831619263
511,2021-09-14 10:09:30,515406,17.514309883117676
512,2021-09-14 10:09:39,515406,17.621309757232666
513,2021-09-14 10:09:50,515406,17.783249616622925
514,2021-09-14 10:09:55,515406,17.56651520729065
515,2021-09-14 10:09:57,515406,17.591395378112793
516,2021-09-14 11:09:09,515406,17.6226007938385
517,2021-09-14 11:09:27,515406,17.62012481689453
518,2021-09-14 11:09:59,515406,17.450954914093018
519,2021-09-14 11:09:27,515407,17.562580108642578
520,2021-09-15 12:09:18,515407,17.62492060661316
521,2021-09-14 08:09:06,515409,17.701880931854248
522,2021-09-14 09:09:17,515409,17.7638041973114
523,2021-09-14 09:09:42,515409,17.0858097076416
524,2021-09-14 10:09:32,515409,17.75262951850891
525,2021-09-14 11:09:12,515410,17.705575227737427
526,2021-09-14 11:09:18,515410,17.699395418167114
527,2021-09-14 11:09:28,515410,17.61647939682007
528,2021-09-15 01:09:20,515410,17.51696467399597
529,2021-09-15 12:09:11,515410,17.712000608444214
530,2021-09-15 12:09:12,515410,17.703804969787598
531,2021-09-15 12:09:22,515410,17.530839443206787
532,2021-09-15 12:09:59,515410,17.696255445480347
533,2021-09-15 01:09:02,515412,17.56069540977478
534,2021-09-15 03:09:45,515412,17.51810908317566
535,2021-09-15 03:09:02,515415,17.54704475402832
536,2021-09-15 03:09:55,515415,17.642405033111572
537,2021-09-15 04:09:20,515415,17.56809949874878
538,2021-09-15 04:09:35,515415,17.485090494155884
539,2021-09-15 03:09:04,515416,17.639764547348022
540,2021-09-15 03:09:15,515416,17.56251573562622
541,2021-09-15 04:09:27,515416,17.65751004219055
542,2021-09-15 04:09:49,515416,17.490994930267334
543,2021-09-15 06:09:20,515416,17.36232042312622
544,2021-09-15 06:09:28,515416,17.676119804382324
545,2021-09-15 07:09:03,515416,17.63285517692566
546,2021-09-15 01:09:30,515418,17.332265377044678
547,2021-09-15 02:09:06,515418,17.883795499801636
548,2021-09-15 03:09:01,515418,17.529795169830322
549,2021-09-15 03:09:06,515418,17.593419551849365
550,2021-09-15 03:09:09,515418,17.63211488723755
551,2021-09-15 03:09:18,515418,17.437210083007812
552,2021-09-15 03:09:18,515418,17.812365293502808
553,2021-09-15 03:09:20,515418,17.706880569458008
554,2021-09-15 03:09:27,515418,17.61124014854431
555,2021-09-15 06:09:08,515418,17.72327423095703
556,2021-09-15 08:09:21,515418,17.767175436019897
557,2021-09-15 08:09:23,515418,17.500815391540527
558,2021-09-15 08:09:53,515418,17.40797996520996
559,2021-09-15 09:09:04,515418,17.552984952926636
560,2021-09-15 10:09:10,515418,17.460665702819824
561,2021-09-15 03:09:54,515420,17.573704719543457
562,2021-09-15 06:09:01,515422,17.720309495925903
563,2021-09-15 05:09:33,515423,17.45607018470764
564,2021-09-15 09:09:05,515423,17.57699489593506
565,2021-09-15 06:09:42,515424,17.61784553527832
566,2021-09-15 07:09:25,515428,17.64067530632019
567,2021-09-15 08:09:12,515428,17.330089807510376
568,2021-09-15 08:09:56,515428,17.592461109161377
569,2021-09-15 09:09:50,515428,17.684050798416138
570,2021-09-15 09:09:53,515428,17.57606029510498
571,2021-09-15 11:09:16,515428,17.064290046691895
572,2021-09-16 01:09:36,515428,17.527225017547607
573,2021-09-16 12:09:16,515428,17.524925470352173
574,2021-09-16 12:09:52,515428,17.480900287628174
575,2021-09-16 12:09:55,515428,17.605940103530884
576,2021-09-16 12:09:58,515428,17.54500985145569
577,2021-09-15 09:09:25,515429,17.858065366744995
578,2021-09-15 09:09:49,515429,17.748368978500366
579,2021-09-15 10:09:12,515429,17.588659524917603
580,2021-09-15 10:09:28,515429,17.63118028640747
581,2021-09-15 11:09:38,515429,17.668999433517456
582,2021-09-16 01:09:27,515429,17.53535032272339
583,2021-09-16 01:09:56,515429,17.542026042938232
584,2021-09-16 02:09:05,515429,17.520469427108765
585,2021-09-16 02:09:15,515429,17.33576536178589
586,2021-09-16 02:09:19,515429,17.213844060897827
587,2021-09-16 02:09:32,515429,17.421234846115112
588,2021-09-16 12:09:02,515429,17.581814527511597
589,2021-09-15 10:09:45,515430,17.77411460876465
590,2021-09-15 10:09:48,515430,17.499189376831055
591,2021-09-15 09:09:11,515431,17.52361536026001
592,2021-09-16 01:09:27,515431,17.97680974006653
593,2021-09-16 02:09:41,515431,17.373770475387573
594,2021-09-16 02:09:48,515431,17.534115314483643
595,2021-09-15 10:09:36,515432,17.64383554458618
596,2021-09-16 01:09:35,515432,17.68739938735962
597,2021-09-16 02:09:01,515432,17.551369667053223
598,2021-09-16 02:09:52,515432,17.70980477333069
599,2021-09-16 01:09:07,515434,17.83497452735901
600,2021-09-16 03:09:10,515434,17.247555255889893
601,2021-09-16 01:09:27,515435,17.67269015312195
602,2021-09-16 01:09:53,515435,17.401230335235596
603,2021-09-16 03:09:15,515435,17.732880115509033
604,2021-09-16 03:09:18,515435,17.570490837097168
605,2021-09-16 04:09:29,515435,17.522259950637817
606,2021-09-16 05:09:06,515435,17.637364864349365
607,2021-09-16 02:09:07,515436,17.374188899993896
608,2021-09-16 02:09:29,515436,17.715500593185425
609,2021-09-16 02:09:57,515436,17.643815279006958
610,2021-09-16 03:09:19,515436,17.75449514389038
611,2021-09-16 04:09:57,515436,17.566425800323486
612,2021-09-16 03:09:28,515438,17.61564016342163
613,2021-09-16 05:09:33,515438,17.579389810562134
614,2021-09-16 05:09:02,515442,16.93234920501709
615,2021-09-16 05:09:17,515442,17.294214963912964
616,2021-09-16 06:09:08,515442,17.521425485610962
617,2021-09-16 07:09:19,515442,17.565335035324097
618,2021-09-16 07:09:58,515442,17.443004846572876
619,2021-09-16 07:09:43,515444,17.623380422592163
620,2021-09-16 08:09:35,515444,17.469680309295654
621,2021-09-16 04:09:42,515446,17.56331443786621
622,2021-09-16 09:09:06,515446,17.681995630264282
623,2021-09-16 09:09:16,515446,17.775415182113647
624,2021-09-16 09:09:17,515446,17.58281946182251
625,2021-09-16 09:09:18,515446,17.429590225219727
626,2021-09-16 09:09:30,515446,17.63674020767212
627,2021-09-16 09:09:34,515446,17.703405618667603
628,2021-09-16 11:09:10,515446,17.55231499671936
629,2021-09-16 11:09:34,515446,17.457144260406494
630,2021-09-16 11:09:37,515446,17.383944988250732
631,2021-09-16 12:09:04,515446,17.473045587539673
632,2021-09-16 12:09:25,515446,17.645989656448364
633,2021-09-16 12:09:38,515446,17.450400590896606
634,2021-09-16 01:09:07,515449,17.50177025794983
635,2021-09-16 01:09:25,515449,17.467164993286133
636,2021-09-16 05:09:09,515449,17.428624629974365
637,2021-09-16 05:09:24,515449,17.76133418083191
638,2021-09-16 05:09:30,515449,17.70390510559082
639,2021-09-16 06:09:18,515449,17.551790475845337
640,2021-09-16 06:09:19,515449,17.651089429855347
641,2021-09-16 06:09:37,515449,17.696349620819092
642,2021-09-16 08:09:05,515449,17.654919624328613
643,2021-09-16 08:09:20,515449,17.728524208068848
644,2021-09-16 09:09:12,515449,17.662054300308228
645,2021-09-16 10:09:15,515449,17.456865310668945
646,2021-09-16 10:09:28,515449,17.016825675964355
647,2021-09-16 10:09:39,515449,17.404145002365112
648,2021-09-16 06:09:15,515451,17.656079530715942
649,2021-09-16 06:09:51,515451,17.778375148773193
650,2021-09-16 07:09:25,515451,17.61834979057312
651,2021-09-16 07:09:32,515451,17.64533042907715
652,2021-09-16 09:09:06,515451,17.64083981513977
653,2021-09-16 09:09:42,515451,17.605489492416382
654,2021-09-16 10:09:12,515451,17.526874542236328
655,2021-09-16 11:09:43,515451,17.505149841308594
656,2021-09-17 02:09:06,515451,17.434630393981934
657,2021-09-17 12:09:03,515451,17.52331018447876
658,2021-09-17 12:09:15,515451,17.319915294647217
659,2021-09-17 12:09:32,515451,17.672829627990723
660,2021-09-17 12:09:32,515451,17.44150996208191
661,2021-09-17 12:09:38,515451,17.446389198303223
662,2021-09-17 12:09:54,515451,17.581064701080322
663,2021-09-17 12:09:56,515451,17.571125030517578
664,2021-09-16 09:09:16,515452,17.470149993896484
665,2021-09-16 11:09:15,515452,17.50931978225708
666,2021-09-17 02:09:19,515452,17.441999912261963
667,2021-09-17 02:09:30,515452,17.5309157371521
668,2021-09-16 10:09:25,515453,17.532479763031006
669,2021-09-16 11:09:12,515453,17.83584952354431
670,2021-09-17 02:09:20,515453,17.46235966682434
671,2021-09-17 02:09:46,515453,17.485564947128296
672,2021-09-16 10:09:21,515454,17.624894380569458
673,2021-09-17 02:09:40,515454,17.511144876480103
674,2021-09-16 11:09:58,515455,17.62292981147766
675,2021-09-17 01:09:56,515455,17.736544609069824
676,2021-09-17 05:09:12,515455,17.46938943862915
677,2021-09-17 05:09:49,515455,17.519830465316772
678,2021-09-17 01:09:35,515456,17.433065176010132
679,2021-09-17 03:09:40,515456,17.615245580673218
680,2021-09-16 11:09:49,515457,17.653074264526367
681,2021-09-17 12:09:02,515458,17.435749769210815
682,2021-09-17 12:09:39,515459,17.597140073776245
683,2021-09-17 01:09:26,515460,17.640830278396606
684,2021-09-17 03:09:08,515460,17.46603488922119
685,2021-09-17 01:09:09,515461,17.38624930381775
686,2021-09-17 05:09:52,515461,17.392749786376953
687,2021-09-17 05:09:51,515467,17.798149585723877
688,2021-09-17 06:09:04,515467,17.661900520324707
689,2021-09-17 06:09:17,515467,17.4259352684021
690,2021-09-17 07:09:22,515467,17.281769514083862
691,2021-09-17 07:09:12,515469,17.41310954093933
692,2021-09-17 08:09:05,515469,17.57867455482483
693,2021-09-17 08:09:06,515469,17.35448956489563
694,2021-09-17 08:09:25,515469,17.62354612350464
695,2021-09-17 09:09:43,515469,17.46501088142395
696,2021-09-17 01:09:03,515470,17.402920722961426
697,2021-09-17 01:09:10,515470,17.676855325698853
698,2021-09-17 01:09:28,515470,17.56135582923889
699,2021-09-17 01:09:42,515470,17.479699850082397
700,2021-09-17 01:09:51,515470,17.586859464645386
701,2021-09-17 02:09:06,515470,17.698395252227783
702,2021-09-17 03:09:16,515470,17.64919400215149
703,2021-09-17 09:09:21,515470,17.468135356903076
704,2021-09-17 10:09:35,515470,17.562010288238525
705,2021-09-17 11:09:09,515470,17.552675008773804
706,2021-09-17 11:09:34,515470,17.58242964744568
707,2021-09-17 11:09:56,515470,17.40146517753601
708,2021-09-17 12:09:03,515470,17.621270418167114
709,2021-09-17 12:09:05,515470,17.714049816131592
710,2021-09-17 12:09:17,515470,17.682429552078247
711,2021-09-17 12:09:36,515470,17.489529848098755
712,2021-09-17 12:09:45,515470,17.964459657669067
713,2021-09-17 12:09:58,515470,17.59872078895569
714,2021-09-17 02:09:41,515471,17.502166032791138
715,2021-09-17 02:09:01,515472,17.591830492019653
716,2021-09-17 02:09:04,515472,17.656080722808838
717,2021-09-17 02:09:08,515472,17.437275648117065
718,2021-09-17 02:09:20,515472,17.583719491958618
719,2021-09-17 02:09:35,515472,17.58476972579956
720,2021-09-17 02:09:39,515472,17.608230113983154
721,2021-09-17 02:09:45,515472,17.53846049308777
722,2021-09-17 04:09:05,515472,17.284815311431885
723,2021-09-17 04:09:23,515472,17.620874643325806
724,2021-09-17 03:09:17,515473,17.573450803756714
725,2021-09-17 04:09:44,515473,17.602579593658447
726,2021-09-17 04:09:31,515474,17.560935020446777
727,2021-09-17 05:09:20,515474,17.347185611724854
728,2021-09-17 05:09:20,515475,17.50424027442932
729,2021-09-17 05:09:32,515475,17.502849102020264
730,2021-09-17 05:09:38,515475,17.585710287094116
731,2021-09-17 06:09:05,515475,17.59545922279358
732,2021-09-17 06:09:13,515475,17.66565442085266
733,2021-09-17 06:09:28,515476,17.56169557571411
734,2021-09-17 06:09:34,515478,16.977205276489258
735,2021-09-17 06:09:55,515478,17.346789836883545
736,2021-09-17 08:09:58,515481,17.356640100479126
737,2021-09-17 09:09:09,515481,17.758159637451172
738,2021-09-17 10:09:26,515482,17.258864641189575
739,2021-09-18 01:09:10,515487,17.713314294815063
740,2021-09-18 12:09:53,515487,17.804665565490723
741,2021-09-18 01:09:04,515489,17.712769508361816
742,2021-09-18 01:09:33,515489,17.6794695854187
743,2021-09-18 03:09:18,515489,17.63040065765381
744,2021-09-18 02:09:12,515491,17.608370780944824
745,2021-09-18 03:09:23,515492,17.512179613113403
746,2021-09-18 07:09:03,515499,17.55210518836975
747,2021-09-18 01:09:33,515503,17.453410625457764
748,2021-09-18 08:09:40,515503,17.7125346660614
749,2021-09-18 09:09:05,515503,17.65596032142639
750,2021-09-18 12:09:39,515503,17.425594329833984
751,2021-09-19 01:09:21,515504,17.71960973739624
752,2021-09-19 02:09:08,515504,17.41168975830078
753,2021-09-19 02:09:52,515505,17.560274600982666
754,2021-09-19 03:09:01,515505,17.5198495388031
755,2021-09-19 09:09:28,515507,17.612390518188477
756,2021-09-19 09:09:50,515507,17.49674081802368
757,2021-09-20 01:09:20,515507,17.38385558128357
758,2021-09-20 01:09:59,515507,17.58565902709961
759,2021-09-20 06:09:13,515507,17.593430280685425
760,2021-09-20 09:09:22,515507,17.499234676361084
761,2021-09-20 10:09:37,515507,17.69345998764038
762,2021-09-20 11:09:02,515507,17.34413504600525
763,2021-09-20 11:09:42,515507,17.38273024559021
764,2021-09-20 12:09:28,515507,17.63387441635132
765,2021-09-20 12:09:32,515507,17.5125253200531
766,2021-09-20 01:09:32,515508,17.480469942092896
767,2021-09-20 02:09:02,515510,17.469905614852905
768,2021-09-20 02:09:19,515510,17.65360951423645
769,2021-09-20 02:09:52,515510,17.43180513381958
770,2021-09-20 03:09:18,515510,17.45144009590149
771,2021-09-20 03:09:05,515511,17.470394372940063
772,2021-09-20 03:09:39,515511,17.309504747390747
773,2021-09-20 04:09:09,515511,17.380744218826294
774,2021-09-20 04:09:25,515511,17.41604447364807
775,2021-09-20 04:09:41,515511,17.426215410232544
776,2021-09-20 04:09:43,515511,17.49848484992981
777,2021-09-20 05:09:48,515511,17.54412531852722
778,2021-09-20 06:09:21,515511,17.364505529403687
779,2021-09-20 07:09:27,515514,17.40810990333557
780,2021-09-20 07:09:57,515514,17.48329520225525
781,2021-09-20 08:09:32,515514,17.574079036712646
782,2021-09-20 08:09:41,515514,17.662400007247925
783,2021-09-20 08:09:53,515514,17.51582980155945
784,2021-09-20 09:09:09,515514,17.665774822235107
785,2021-09-20 09:09:20,515514,17.32083559036255
786,2021-09-20 09:09:42,515514,17.41827964782715
787,2021-09-20 10:09:20,515514,17.60959029197693
788,2021-09-20 10:09:11,515515,17.798954248428345
789,2021-09-21 01:09:29,515515,17.489625215530396
790,2021-09-21 02:09:54,515515,17.523785829544067
791,2021-09-21 08:09:06,515519,17.394745349884033
792,2021-09-21 08:09:52,515519,17.43767499923706
793,2021-09-21 09:09:35,515519,17.323750257492065
794,2021-09-21 09:09:48,515519,17.31540560722351
795,2021-09-21 10:09:20,515519,17.382194995880127
796,2021-09-21 01:09:27,515520,17.511245012283325
797,2021-09-21 01:09:55,515520,17.361689805984497
798,2021-09-21 02:09:40,515520,17.534689903259277
799,2021-09-21 02:09:58,515520,17.315399646759033
800,2021-09-21 11:09:37,515520,17.45134949684143
801,2021-09-21 11:09:58,515520,17.40161418914795
802,2021-09-21 03:09:50,515522,17.546755075454712
803,2021-09-21 04:09:46,515522,17.5215744972229
804,2021-09-21 05:09:25,515523,17.55908966064453
805,2021-09-21 03:09:02,515524,17.32082486152649
806,2021-09-21 04:09:02,515524,17.333470582962036
807,2021-09-21 04:09:10,515524,17.57344961166382
808,2021-09-21 05:09:55,515524,17.70842432975769
809,2021-09-21 07:09:01,515524,17.527694702148438
810,2021-09-21 07:09:43,515524,17.900550365447998
811,2021-09-21 07:09:47,515524,17.578649520874023
812,2021-09-21 06:09:46,515525,17.561479806900024
813,2021-09-21 07:09:10,515525,17.609914541244507
814,2021-09-21 06:09:02,515526,17.520729303359985
815,2021-09-21 07:09:17,515526,17.50877022743225
816,2021-09-21 06:09:54,515527,17.69212007522583
817,2021-09-21 07:09:08,515527,17.419710159301758
818,2021-09-21 06:09:23,515528,17.42425560951233
819,2021-09-21 07:09:48,515529,17.732070684432983
820,2021-09-21 08:09:10,515529,17.514384984970093
821,2021-09-21 06:09:00,515530,17.466434240341187
822,2021-09-21 08:09:34,515530,17.415385246276855
823,2021-09-21 08:09:47,515530,17.46437907218933
824,2021-09-21 08:09:48,515530,17.518484592437744
825,2021-09-21 08:09:54,515530,17.46793508529663
826,2021-09-21 09:09:00,515530,17.11153507232666
827,2021-09-21 09:09:10,515530,17.695465087890625
828,2021-09-21 09:09:50,515531,17.07597017288208
829,2021-09-21 10:09:22,515531,17.448644638061523
830,2021-09-21 10:09:36,515532,17.639305591583252
831,2021-09-22 12:09:22,515536,17.70732045173645
832,2021-09-22 12:09:42,515536,17.535440921783447
833,2021-09-22 03:09:16,515538,17.43794083595276
834,2021-09-22 06:09:01,515538,17.40568995475769
835,2021-09-22 06:09:13,515538,17.6350200176239
836,2021-09-22 06:09:52,515538,17.515809535980225
837,2021-09-22 07:09:10,515538,17.64389991760254
838,2021-09-22 07:09:30,515538,17.53749966621399
839,2021-09-22 07:09:45,515538,17.597849369049072
840,2021-09-22 10:09:02,515539,17.363929748535156
841,2021-09-22 10:09:17,515539,17.442595958709717
842,2021-09-22 10:09:30,515539,17.504639625549316
843,2021-09-22 10:09:46,515539,17.360694408416748
844,2021-09-22 11:09:11,515539,17.50591516494751
845,2021-09-22 11:09:16,515539,17.365775108337402
846,2021-09-22 11:09:20,515539,17.524129152297974
847,2021-09-22 11:09:48,515539,17.502025365829468
848,2021-09-22 11:09:55,515539,17.307544946670532
849,2021-09-22 11:09:58,515539,17.39375948905945
850,2021-09-22 11:09:59,515539,17.4794602394104
851,2021-09-22 12:09:00,515539,17.593425512313843
852,2021-09-22 12:09:05,515539,17.490005493164062
853,2021-09-22 12:09:10,515539,17.55518078804016
854,2021-09-22 12:09:19,515539,17.399145364761353
855,2021-09-22 12:09:31,515539,17.426424026489258
856,2021-09-22 12:09:33,515539,17.39222526550293
857,2021-09-22 12:09:34,515539,17.472784519195557
858,2021-09-22 12:09:48,515539,17.237190008163452
859,2021-09-22 12:09:59,515539,17.489655017852783
860,2021-09-22 01:09:07,515540,17.679929733276367
861,2021-09-22 12:09:43,515540,17.359544038772583
862,2021-09-22 01:09:10,515541,17.383110523223877
863,2021-09-22 01:09:25,515541,17.319709062576294
864,2021-09-22 01:09:35,515541,17.450284957885742
865,2021-09-22 01:09:57,515541,17.420804500579834
866,2021-09-22 01:09:58,515541,17.478054761886597
867,2021-09-22 02:09:42,515541,17.7695095539093
868,2021-09-22 12:09:34,515541,17.646955251693726
869,2021-09-22 03:09:07,515543,17.27237582206726
870,2021-09-22 03:09:10,515543,17.347865104675293
871,2021-09-22 03:09:21,515544,17.64201521873474
872,2021-09-22 05:09:59,515545,17.56009578704834
873,2021-09-22 07:09:48,515546,17.550610303878784
874,2021-09-22 05:09:08,515547,16.89391016960144
875,2021-09-22 05:09:21,515547,17.391070127487183
876,2021-09-22 05:09:22,515547,17.34000563621521
877,2021-09-22 05:09:30,515547,17.25998044013977
878,2021-09-22 05:09:55,515547,17.41679549217224
879,2021-09-22 06:09:26,515547,17.390615940093994
880,2021-09-22 06:09:16,515549,17.35273003578186
881,2021-09-22 07:09:16,515549,17.175620794296265
882,2021-09-22 08:09:24,515551,17.359449863433838
883,2021-09-22 09:09:07,515553,17.55634903907776
884,2021-09-23 01:09:23,515559,17.38514542579651
885,2021-09-23 05:09:19,515562,17.595460414886475
886,2021-09-23 05:09:55,515562,17.685004472732544
887,2021-09-23 06:09:45,515562,17.34562039375305
888,2021-09-23 07:09:06,515562,17.686835527420044
889,2021-09-23 07:09:29,515562,17.573100328445435
890,2021-09-23 07:09:48,515562,17.707524299621582
891,2021-09-23 08:09:23,515562,17.30671525001526
892,2021-09-23 08:09:55,515562,17.38724946975708
893,2021-09-23 08:09:55,515562,17.276439666748047
894,2021-09-23 09:09:11,515562,17.512714862823486
895,2021-09-23 09:09:25,515562,17.24236011505127
896,2021-09-23 09:09:52,515562,17.33178973197937
897,2021-09-23 10:09:04,515562,17.590595483779907
898,2021-09-23 10:09:29,515562,17.273789644241333
899,2021-09-23 11:09:04,515562,17.724980115890503
900,2021-09-23 11:09:16,515562,17.461514472961426
901,2021-09-23 11:09:35,515563,17.598685026168823
902,2021-09-23 01:09:07,515564,17.601724863052368
903,2021-09-23 12:09:12,515564,17.62141466140747
904,2021-09-23 12:09:54,515564,17.649275064468384
905,2021-09-23 02:09:24,515565,17.447134256362915
906,2021-09-23 03:09:36,515565,17.388070821762085
907,2021-09-23 04:09:05,515565,17.79116988182068
908,2021-09-23 02:09:11,515566,17.677384614944458
909,2021-09-23 03:09:16,515566,17.628445625305176
910,2021-09-23 03:09:47,515566,17.402294874191284
911,2021-09-23 03:09:55,515566,17.564034461975098
912,2021-09-23 04:09:16,515567,17.67985463142395
913,2021-09-23 04:09:53,515567,17.473995685577393
914,2021-09-23 05:09:07,515569,17.5506591796875
915,2021-09-23 07:09:05,515570,17.405565977096558
916,2021-09-23 07:09:28,515570,17.869160175323486
917,2021-09-23 07:09:55,515570,17.715600728988647
918,2021-09-23 08:09:02,515570,17.59682536125183
919,2021-09-23 08:09:39,515570,17.666929960250854
920,2021-09-23 08:09:58,515570,17.604475021362305
921,2021-09-23 07:09:51,515571,17.72439956665039
922,2021-09-23 08:09:39,515571,17.569364309310913
923,2021-09-23 09:09:03,515571,17.528830766677856
924,2021-09-23 09:09:19,515571,17.44133949279785
925,2021-09-23 09:09:47,515573,17.44892954826355
926,2021-09-23 11:09:12,515575,17.748219966888428
927,2021-09-23 11:09:20,515575,17.34277606010437
928,2021-09-23 11:09:44,515575,17.55842924118042
929,2021-09-23 11:09:55,515575,17.59271502494812
930,2021-09-24 12:09:01,515575,17.319040298461914
931,2021-09-24 12:09:28,515575,17.674720287322998
932,2021-09-23 11:09:34,515576,17.662904262542725
933,2021-09-24 01:09:09,515576,17.4979305267334
934,2021-09-24 01:09:43,515576,17.06267476081848
935,2021-09-24 01:09:52,515576,17.566884756088257
936,2021-09-24 02:09:10,515576,17.673219442367554
937,2021-09-24 12:09:02,515576,17.59698510169983
938,2021-09-24 12:09:05,515576,17.452950477600098
939,2021-09-24 12:09:08,515576,17.786365747451782
940,2021-09-24 01:09:29,515577,17.37957000732422
941,2021-09-24 02:09:19,515577,17.628750801086426
942,2021-09-24 03:09:08,515577,17.359919548034668
943,2021-09-24 03:09:41,515577,17.591429948806763
944,2021-09-24 04:09:27,515578,17.706639766693115
945,2021-09-24 05:09:49,515580,17.265840768814087
946,2021-09-24 07:09:25,515580,17.783329486846924
947,2021-09-24 07:09:38,515580,17.445210218429565
948,2021-09-24 08:09:32,515580,17.56141424179077
949,2021-09-24 07:09:38,515581,17.680580615997314
950,2021-09-24 08:09:33,515581,17.407610416412354
951,2021-09-24 08:09:02,515582,17.563225030899048
952,2021-09-24 08:09:40,515583,17.55426049232483
953,2021-09-24 09:09:03,515583,17.684409618377686
954,2021-09-24 09:09:57,515583,17.745940685272217
955,2021-09-24 10:09:56,515583,17.492600679397583
956,2021-09-24 01:09:09,515586,17.5639009475708
957,2021-09-24 01:09:21,515586,17.45272397994995
958,2021-09-24 01:09:25,515586,17.37048029899597
959,2021-09-24 01:09:40,515586,17.467869520187378
960,2021-09-24 01:09:47,515586,17.78030514717102
961,2021-09-24 02:09:02,515586,17.4111008644104
962,2021-09-24 02:09:03,515586,17.44454026222229
963,2021-09-24 02:09:49,515586,17.74608612060547
964,2021-09-24 02:09:54,515586,17.57876992225647
965,2021-09-24 03:09:51,515586,17.547755241394043
966,2021-09-24 03:09:55,515586,17.45166540145874
967,2021-09-24 03:09:58,515586,17.551119327545166
968,2021-09-24 12:09:26,515586,17.424315214157104
969,2021-09-24 12:09:53,515586,17.716540098190308
970,2021-09-24 02:09:35,515587,17.48640537261963
971,2021-09-24 03:09:28,515587,17.815579175949097
972,2021-09-24 02:09:36,515588,17.78540015220642
973,2021-09-24 03:09:45,515589,17.607635259628296
974,2021-09-24 04:09:11,515589,17.701369524002075
975,2021-09-24 04:09:19,515589,17.719625234603882
976,2021-09-24 05:09:51,515589,17.35082507133484
977,2021-09-24 04:09:44,515590,17.457480430603027
978,2021-09-24 05:09:18,515590,17.818695306777954
979,2021-09-24 05:09:32,515590,17.6351797580719
980,2021-09-24 05:09:48,515590,17.73869514465332
981,2021-09-24 05:09:49,515590,17.38065481185913
982,2021-09-24 05:09:53,515590,17.54703998565674
983,2021-09-24 06:09:56,515591,17.647440433502197
984,2021-09-24 07:09:23,515591,17.535879611968994
985,2021-09-24 06:09:26,515592,17.66534447669983
986,2021-09-24 07:09:08,515592,17.35190987586975
987,2021-09-24 08:09:45,515594,17.55191445350647
988,2021-09-24 09:09:18,515594,17.46145009994507
989,2021-09-24 09:09:57,515594,17.244224548339844
990,2021-09-24 09:09:59,515595,17.47354507446289
991,2021-09-24 10:09:39,515595,17.3471999168396
992,2021-09-24 10:09:31,515596,17.401185035705566
993,2021-09-24 11:09:02,515596,17.33344554901123
994,2021-09-24 09:09:06,515597,17.643535137176514
995,2021-09-24 09:09:10,515597,17.615684270858765
996,2021-09-24 11:09:50,515597,17.593324184417725
997,2021-09-25 01:09:11,515602,17.541245222091675
998,2021-09-25 01:09:21,515602,17.224135398864746
999,2021-09-25 01:09:21,515602,17.35379457473755
1000,2021-09-25 01:09:38,515602,17.501200437545776
1001,2021-09-25 02:09:05,515602,17.33610510826111
1002,2021-09-25 02:09:10,515602,17.568329572677612
1003,2021-09-25 02:09:13,515602,17.451475858688354
1004,2021-09-25 02:09:59,515602,17.108620405197144
1005,2021-09-25 02:09:01,515603,17.4804949760437
1006,2021-09-25 02:09:11,515603,17.420575618743896
1007,2021-09-25 02:09:44,515603,17.487130165100098
1008,2021-09-25 03:09:27,515603,17.121249437332153
1009,2021-09-25 03:09:34,515603,17.51917600631714
1010,2021-09-25 02:09:04,515605,17.400695085525513
1011,2021-09-25 03:09:17,515605,17.61563539505005
1012,2021-09-25 03:09:14,515607,17.531055212020874
1013,2021-09-25 04:09:12,515607,17.30494499206543
1014,2021-09-25 04:09:19,515607,17.54017949104309
1015,2021-09-25 04:09:20,515607,17.419074773788452
1016,2021-09-25 04:09:38,515607,17.326505184173584
1017,2021-09-25 04:09:47,515607,17.404944896697998
1018,2021-09-25 04:09:57,515607,17.740700244903564
1019,2021-09-25 05:09:00,515607,17.515485286712646
1020,2021-09-25 05:09:01,515607,17.5801944732666
1021,2021-09-25 05:09:01,515607,17.29374051094055
1022,2021-09-25 05:09:03,515607,17.438455820083618
1023,2021-09-25 05:09:16,515607,17.30950951576233
1024,2021-09-25 05:09:28,515607,17.526100873947144
1025,2021-09-25 05:09:29,515607,17.52031445503235
1026,2021-09-25 05:09:32,515607,17.41020917892456
1027,2021-09-25 06:09:40,515607,17.54399538040161
1028,2021-09-25 07:09:19,515607,17.52060055732727
1029,2021-09-25 10:09:51,515608,17.544015645980835
1030,2021-09-25 01:09:54,515609,17.38070011138916
1031,2021-09-25 02:09:40,515609,17.43266463279724
1032,2021-09-25 02:09:45,515609,17.519609928131104
1033,2021-09-25 05:09:20,515609,17.43504524230957
1034,2021-09-25 05:09:46,515609,17.61387586593628
1035,2021-09-25 12:09:33,515609,17.78585433959961
1036,2021-09-25 06:09:54,515611,17.554539442062378
1037,2021-09-25 08:09:16,515615,17.44306445121765
1038,2021-09-25 09:09:25,515615,17.28181481361389
1039,2021-09-25 09:09:28,515615,17.323235273361206
1040,2021-09-25 10:09:29,515615,17.561755180358887
1041,2021-09-26 05:09:17,515616,17.36807942390442
1042,2021-09-26 05:09:57,515616,17.560439109802246
1043,2021-09-26 06:09:12,515616,17.375400066375732
1044,2021-09-26 06:09:18,515616,17.34528422355652
1045,2021-09-26 06:09:20,515616,17.52153992652893
1046,2021-09-26 01:09:24,515617,17.43192434310913
1047,2021-09-26 02:09:01,515617,17.509150505065918
1048,2021-09-26 02:09:02,515617,17.717530727386475
1049,2021-09-26 02:09:06,515617,17.156494855880737
1050,2021-09-26 03:09:22,515617,17.306939363479614
1051,2021-09-26 04:09:22,515617,17.459555864334106
1052,2021-09-26 04:09:31,515617,17.628355026245117
1053,2021-09-26 05:09:12,515617,17.639434337615967
1054,2021-09-26 05:09:23,515617,17.440019845962524
1055,2021-09-26 06:09:29,515617,16.85899019241333
1056,2021-09-26 07:09:11,515617,17.42052435874939
1057,2021-09-26 07:09:20,515617,17.67492413520813
1058,2021-09-26 07:09:52,515617,17.40001916885376
1059,2021-09-26 08:09:12,515617,17.434250116348267
1060,2021-09-26 12:09:35,515617,16.97740912437439
1061,2021-09-26 11:09:40,515618,17.52057909965515
1062,2021-09-27 04:09:35,515618,17.565020322799683
1063,2021-09-27 04:09:38,515618,17.521694898605347
1064,2021-09-27 05:09:05,515618,17.522130012512207
1065,2021-09-27 05:09:26,515618,17.440810203552246
1066,2021-09-27 05:09:32,515618,17.3641300201416
1067,2021-09-27 05:09:53,515618,17.463970184326172
1068,2021-09-27 06:09:22,515618,17.410669326782227
1069,2021-09-27 06:09:25,515618,17.3043155670166
1070,2021-09-27 06:09:53,515618,17.236734628677368
1071,2021-09-27 07:09:00,515618,17.29541540145874
1072,2021-09-27 07:09:10,515618,17.6117742061615
1073,2021-09-27 07:09:11,515618,17.46033549308777
1074,2021-09-27 07:09:40,515618,17.280670404434204
1075,2021-09-27 07:09:49,515618,17.26073980331421
1076,2021-09-27 07:09:49,515618,17.396395206451416
1077,2021-09-27 08:09:03,515618,17.734564542770386
1078,2021-09-27 08:09:06,515618,17.32457995414734
1079,2021-09-27 08:09:27,515618,17.3358952999115
1080,2021-09-27 08:09:56,515618,17.28307008743286
1081,2021-09-27 09:09:20,515618,17.368755340576172
1082,2021-09-27 12:09:31,515618,17.442880868911743
1083,2021-09-27 01:09:16,515619,17.186388969421387
1084,2021-09-27 09:09:51,515619,17.255120277404785
1085,2021-09-27 10:09:14,515619,17.43285894393921
1086,2021-09-27 10:09:54,515619,17.755969762802124
1087,2021-09-27 12:09:00,515619,17.570070028305054
1088,2021-09-27 12:09:16,515619,17.623244524002075
1089,2021-09-27 12:09:18,515619,17.492974996566772
1090,2021-09-27 12:09:23,515619,17.281395196914673
1091,2021-09-27 01:09:02,515620,17.38142490386963
1092,2021-09-27 01:09:13,515620,17.418334484100342
1093,2021-09-27 01:09:25,515620,17.59634017944336
1094,2021-09-27 01:09:28,515620,17.3363995552063
1095,2021-09-27 02:09:01,515620,17.575494050979614
1096,2021-09-27 02:09:20,515620,17.47604489326477
1097,2021-09-27 02:09:34,515620,17.44357943534851
1098,2021-09-27 02:09:53,515620,17.33215093612671
1099,2021-09-27 03:09:46,515620,17.597615718841553
1100,2021-09-27 12:09:17,515620,17.506835460662842
1101,2021-09-28 12:09:05,515620,17.286299467086792
1102,2021-09-28 12:09:05,515620,17.404634952545166
1103,2021-09-28 12:09:40,515620,17.393494844436646
1104,2021-09-28 12:09:46,515620,17.34700083732605
1105,2021-09-27 03:09:41,515621,17.37006425857544
1106,2021-09-27 03:09:48,515621,17.228269577026367
1107,2021-09-27 04:09:22,515621,17.423789501190186
1108,2021-09-27 05:09:11,515621,17.398585081100464
1109,2021-09-27 04:09:25,515622,17.513949871063232
1110,2021-09-27 04:09:50,515622,17.45286464691162
1111,2021-09-27 05:09:25,515622,17.543954849243164
1112,2021-09-27 05:09:27,515622,17.4595844745636
1113,2021-09-27 04:09:10,515623,17.715965509414673
1114,2021-09-27 05:09:25,515623,17.405879497528076
1115,2021-09-27 05:09:59,515624,17.51368999481201
1116,2021-09-27 05:09:21,515625,17.412714958190918
1117,2021-09-27 06:09:30,515625,17.5495445728302
1118,2021-09-27 07:09:52,515626,17.507400512695312
1119,2021-09-27 08:09:40,515627,17.759214639663696
1120,2021-09-27 08:09:53,515627,17.62063980102539
1121,2021-09-27 09:09:36,515627,17.589980363845825
1122,2021-09-27 09:09:49,515627,17.322804927825928
1123,2021-09-27 09:09:51,515627,17.369879484176636
1124,2021-09-27 09:09:58,515628,17.641409635543823
1125,2021-09-27 11:09:22,515628,17.550034523010254
1126,2021-09-27 11:09:29,515628,17.461259365081787
1127,2021-09-27 11:09:37,515628,17.424999475479126
1128,2021-09-27 11:09:20,515630,17.508260011672974
1129,2021-09-27 11:09:28,515630,17.691550254821777
1130,2021-09-28 12:09:08,515630,17.272119522094727
1131,2021-09-28 12:09:34,515630,17.599204778671265
1132,2021-09-28 01:09:45,515632,17.50738024711609
1133,2021-09-28 12:09:47,515632,17.412514686584473
1134,2021-09-28 01:09:39,515633,17.412149906158447
1135,2021-09-28 01:09:45,515633,17.069554328918457
1136,2021-09-28 01:09:46,515633,17.451704740524292
1137,2021-09-28 02:09:09,515633,17.562294006347656
1138,2021-09-28 02:09:13,515633,17.60196089744568
1139,2021-09-28 02:09:28,515633,17.619619369506836
1140,2021-09-28 02:09:34,515633,17.634129524230957
1141,2021-09-28 12:09:16,515633,17.63998508453369
1142,2021-09-28 02:09:38,515634,17.5621497631073
1143,2021-09-28 02:09:45,515634,17.557284832000732
1144,2021-09-28 03:09:20,515634,17.576969861984253
1145,2021-09-28 03:09:45,515634,17.061954736709595
1146,2021-09-28 03:09:49,515634,17.40699529647827
1147,2021-09-28 04:09:04,515634,17.48274564743042
1148,2021-09-28 04:09:57,515634,17.46243953704834
1149,2021-09-28 05:09:00,515634,17.425094842910767
1150,2021-09-28 05:09:19,515634,17.46608018875122
1151,2021-09-28 05:09:26,515634,17.629555463790894
1152,2021-09-28 06:09:00,515634,17.326195240020752
1153,2021-09-28 06:09:01,515634,17.535070180892944
1154,2021-09-28 06:09:47,515634,17.647974491119385
1155,2021-09-28 06:09:49,515634,17.662659883499146
1156,2021-09-28 06:09:58,515634,17.63038992881775
1157,2021-09-28 07:09:11,515634,17.658109664916992
1158,2021-09-28 07:09:14,515634,17.25893497467041
1159,2021-09-28 07:09:23,515634,17.575714588165283
1160,2021-09-28 07:09:28,515634,17.313320636749268
1161,2021-09-28 07:09:37,515634,17.317359447479248
1162,2021-09-28 07:09:39,515634,17.433329820632935
1163,2021-09-28 07:09:42,515634,17.73977041244507
1164,2021-09-28 07:09:43,515634,17.572715282440186
1165,2021-09-28 08:09:05,515634,17.566664218902588
1166,2021-09-28 08:09:15,515634,17.36940026283264
1167,2021-09-28 08:09:31,515634,17.604925632476807
1168,2021-09-28 08:09:51,515634,17.514904737472534
1169,2021-09-28 08:09:51,515634,17.608799934387207
1170,2021-09-28 08:09:58,515634,17.71888494491577
1171,2021-09-28 09:09:06,515634,17.575759887695312
1172,2021-09-28 09:09:29,515634,17.45205521583557
1173,2021-09-28 09:09:33,515634,17.78488516807556
1174,2021-09-28 09:09:35,515634,17.459019422531128
1175,2021-09-28 09:09:41,515634,17.502025365829468
1176,2021-09-28 09:09:49,515634,17.5187349319458
1177,2021-09-28 10:09:57,515634,17.822614908218384
1178,2021-09-28 10:09:17,515635,17.367210388183594
1179,2021-09-28 10:09:43,515635,17.62658953666687
1180,2021-09-28 10:09:46,515635,17.579870223999023
1181,2021-09-28 11:09:09,515635,17.40509033203125
1182,2021-09-28 11:09:16,515635,17.557305097579956
1183,2021-09-28 11:09:50,515635,17.535330057144165
1184,2021-09-28 12:09:04,515635,17.490079402923584
1185,2021-09-28 01:09:37,515636,17.51368999481201
1186,2021-09-28 12:09:22,515636,17.447985410690308
1187,2021-09-28 01:09:07,515637,17.442344427108765
1188,2021-09-28 02:09:14,515637,17.237999439239502
1189,2021-09-28 02:09:24,515637,17.51394033432007
1190,2021-09-28 03:09:30,515637,17.609939575195312
1191,2021-09-28 04:09:45,515637,17.55357027053833
1192,2021-09-28 04:09:47,515637,17.369685173034668
1193,2021-09-28 04:09:59,515637,17.556610107421875
1194,2021-09-28 03:09:34,515638,17.468374967575073
1195,2021-09-28 04:09:24,515638,17.519564628601074
1196,2021-09-28 03:09:03,515639,17.41452932357788
1197,2021-09-28 03:09:17,515639,17.521519660949707
1198,2021-09-28 03:09:57,515639,17.535624504089355
1199,2021-09-28 04:09:25,515639,17.495259046554565
1200,2021-09-28 04:09:29,515639,17.572685480117798
1201,2021-09-28 04:09:43,515639,17.809019088745117
1202,2021-09-28 04:09:49,515640,17.404069900512695
1203,2021-09-28 05:09:46,515640,17.535630464553833
1204,2021-09-28 05:09:11,515641,17.47212052345276
1205,2021-09-28 06:09:37,515642,17.488399744033813
1206,2021-09-28 06:09:54,515642,17.631986141204834
1207,2021-09-28 07:09:18,515642,17.510313987731934
1208,2021-09-28 07:09:47,515642,17.41531491279602
1209,2021-09-28 06:09:22,515643,17.569304704666138
1210,2021-09-28 08:09:16,515643,17.548069953918457
1211,2021-09-28 08:09:27,515643,17.339963912963867
1212,2021-09-28 08:09:43,515643,17.826714515686035
1213,2021-09-28 08:09:16,515644,17.659499645233154
1214,2021-09-28 09:09:48,515644,17.357895374298096
1215,2021-09-28 08:09:00,515645,17.727069854736328
1216,2021-09-28 09:09:18,515645,17.611650228500366
1217,2021-09-28 09:09:39,515645,17.623034715652466
1218,2021-09-28 09:09:56,515645,17.651524543762207
1219,2021-09-28 10:09:22,515645,17.56036400794983
1220,2021-09-28 10:09:57,515645,17.632405757904053
1221,2021-09-28 09:09:07,515646,17.518534660339355
1222,2021-09-28 10:09:33,515646,17.56686568260193
1223,2021-09-28 10:09:59,515646,17.469284534454346
1224,2021-09-28 11:09:07,515646,17.671895027160645
1225,2021-09-28 11:09:06,515647,17.58544087409973
1226,2021-09-29 12:09:23,515648,17.56687045097351
1227,2021-09-29 01:09:25,515650,17.459830045700073
1228,2021-09-29 12:09:10,515650,17.625255584716797
1229,2021-09-29 04:09:57,515657,17.3785400390625
1230,2021-09-29 05:09:00,515657,17.52405047416687
1231,2021-09-29 06:09:01,515661,17.519088983535767
1232,2021-09-29 06:09:40,515661,17.45598554611206
1233,2021-09-29 06:09:32,515662,17.253965139389038
1234,2021-09-29 07:09:11,515662,17.37763524055481
1235,2021-09-29 07:09:26,515662,17.335095405578613
1236,2021-09-29 07:09:42,515662,17.61273980140686
1237,2021-09-29 07:09:48,515662,17.49737024307251
1238,2021-09-29 08:09:47,515662,17.602394819259644
1239,2021-09-29 01:09:29,515666,17.35561490058899
1240,2021-09-29 01:09:45,515666,17.54472017288208
1241,2021-09-29 10:09:38,515666,17.57429003715515
1242,2021-09-29 10:09:50,515666,17.284424304962158
1243,2021-09-29 11:09:51,515666,17.395260334014893
1244,2021-09-29 12:09:13,515666,17.40559458732605
1245,2021-09-29 12:09:36,515666,17.40646481513977
1246,2021-09-29 01:09:08,515667,17.678149938583374
1247,2021-09-29 01:09:10,515667,17.681463956832886
1248,2021-09-29 01:09:43,515667,17.54207491874695
1249,2021-09-29 02:09:25,515667,17.547684907913208
1250,2021-09-29 01:09:34,515668,17.44475483894348
1251,2021-09-29 02:09:16,515668,17.61860489845276
1252,2021-09-29 03:09:12,515668,17.56146550178528
1253,2021-09-29 04:09:38,515668,17.642160654067993
1254,2021-09-29 02:09:45,515669,17.472105026245117
1255,2021-09-29 03:09:18,515669,17.481454610824585
1256,2021-09-29 04:09:01,515669,17.41683602333069
1257,2021-09-29 04:09:34,515669,17.51825451850891
1258,2021-09-29 04:09:50,515669,17.309504747390747
1259,2021-09-29 05:09:38,515669,17.514764070510864
1260,2021-09-29 05:09:57,515669,17.43781566619873
1261,2021-09-29 05:09:57,515669,17.446085214614868
1262,2021-09-29 06:09:50,515672,17.609764337539673
1263,2021-09-29 06:09:51,515672,17.382584810256958
1264,2021-09-29 06:09:59,515672,17.433359622955322
1265,2021-09-29 07:09:18,515672,17.193039655685425
1266,2021-09-29 07:09:26,515672,17.32301950454712
1267,2021-09-29 07:09:30,515672,17.377464771270752
1268,2021-09-29 07:09:34,515672,17.430800199508667
1269,2021-09-29 06:09:25,515673,17.588969469070435
1270,2021-09-29 07:09:57,515673,17.486965656280518
1271,2021-09-29 08:09:25,515673,17.60974407196045
1272,2021-09-29 08:09:35,515673,17.276254892349243
1273,2021-09-29 09:09:20,515673,17.403310537338257
1274,2021-09-29 09:09:59,515673,17.204115390777588
1275,2021-09-29 07:09:07,515674,17.431845664978027
1276,2021-09-29 08:09:00,515675,17.472565174102783
1277,2021-09-29 08:09:26,515675,17.336429357528687
1278,2021-09-29 08:09:38,515675,17.68217444419861
1279,2021-09-29 08:09:42,515675,17.283029556274414
1280,2021-09-29 09:09:02,515675,17.462379932403564
1281,2021-09-29 09:09:09,515675,17.46076464653015
1282,2021-09-29 09:09:19,515675,17.37547993659973
1283,2021-09-29 09:09:30,515675,17.441920042037964
1284,2021-09-29 09:09:34,515675,17.53025531768799
1285,2021-09-29 09:09:41,515675,17.44396448135376
1286,2021-09-29 10:09:07,515675,17.36691951751709
1287,2021-09-29 10:09:38,515675,17.141114473342896
1288,2021-09-29 11:09:03,515676,17.310659885406494
1289,2021-09-29 11:09:26,515676,17.50570058822632
1290,2021-09-30 01:09:24,515679,17.613229751586914
1291,2021-09-30 01:09:48,515679,17.528849840164185
1292,2021-09-30 02:09:36,515679,17.590399980545044
1293,2021-09-30 02:09:50,515679,17.513514757156372
1294,2021-09-30 02:09:05,515680,17.604780197143555
1295,2021-09-30 02:09:07,515680,17.496755123138428
1296,2021-09-30 03:09:06,515682,17.256799936294556
1297,2021-09-30 04:09:40,515682,17.37267017364502
1298,2021-09-30 04:09:58,515684,17.532849311828613
1299,2021-09-30 05:09:32,515685,17.5885808467865
1300,2021-09-30 05:09:36,515685,17.49589443206787
1301,2021-09-30 06:09:04,515687,17.453755140304565
1302,2021-09-30 07:09:16,515687,17.38077998161316
1303,2021-09-30 07:09:22,515687,17.522430419921875
1304,2021-09-30 07:09:27,515687,17.67322540283203
1305,2021-09-30 07:09:48,515687,17.57101058959961
1306,2021-09-30 07:09:58,515687,17.728384733200073
1307,2021-09-30 08:09:27,515687,17.628145217895508
1308,2021-09-30 08:09:41,515687,17.625800371170044
1309,2021-09-30 09:09:05,515687,17.610790729522705
1310,2021-09-30 09:09:11,515687,17.532609701156616
1311,2021-09-30 11:09:33,515693,17.462409734725952
1312,2021-09-30 12:09:16,515693,17.61234998703003
1313,2021-09-30 10:09:48,515694,17.725379467010498
1314,2021-09-30 11:09:05,515694,17.468115091323853
1315,2021-09-30 11:09:41,515694,17.757725715637207
1316,2021-09-30 11:09:48,515694,17.275885343551636
1317,2021-09-30 12:09:02,515694,17.33946919441223
1318,2021-09-30 12:09:07,515694,17.584275007247925
1319,2021-09-30 12:09:37,515694,17.65567898750305
1320,2021-09-30 12:09:46,515694,17.45128035545349
1321,2021-09-30 12:09:29,515695,17.33618974685669
1322,2021-09-30 12:09:35,515695,17.83057451248169
1323,2021-09-30 01:09:52,515696,17.732670307159424
1324,2021-09-30 12:09:55,515696,17.785589694976807
1325,2021-09-30 01:09:00,515697,17.372909784317017
1326,2021-09-30 01:09:01,515697,17.51021385192871
1327,2021-09-30 01:09:08,515697,17.58878469467163
1328,2021-09-30 02:09:12,515697,17.580339908599854
1329,2021-09-30 02:09:13,515697,17.57896065711975
1330,2021-09-30 02:09:37,515697,17.79007077217102
1331,2021-09-30 02:09:38,515697,17.67366051673889
1332,2021-09-30 03:09:59,515697,17.424745559692383
1333,2021-09-30 03:09:15,515698,17.388484477996826
1334,2021-09-30 03:09:25,515698,17.276469469070435
1335,2021-09-30 03:09:35,515698,17.646260261535645
1336,2021-09-30 03:09:36,515698,17.584059238433838
1337,2021-09-30 03:09:02,515699,17.518035173416138
1338,2021-09-30 03:09:14,515699,17.470815181732178
1339,2021-09-30 04:09:26,515700,17.71772027015686
1340,2021-09-30 05:09:21,515700,17.50122904777527
1341,2021-09-30 05:09:00,515701,17.43282437324524
1342,2021-09-30 05:09:19,515701,17.56819486618042
1343,2021-09-30 05:09:56,515701,17.34647035598755
1344,2021-09-30 06:09:26,515701,17.452794313430786
1345,2021-09-30 05:09:44,515702,17.368890047073364
1346,2021-09-30 06:09:09,515702,17.466464042663574
1347,2021-09-30 06:09:08,515704,17.717134952545166
1348,2021-09-30 06:09:50,515704,17.420870065689087
1349,2021-09-30 07:09:01,515704,17.71517515182495
1350,2021-09-30 07:09:08,515704,17.64853000640869
1351,2021-09-30 07:09:08,515704,17.491356134414673
1352,2021-09-30 07:09:47,515704,17.331289052963257
1353,2021-09-30 08:09:05,515704,17.407355308532715
1354,2021-09-30 08:09:31,515704,17.558339834213257
1355,2021-09-30 08:09:44,515704,17.67148494720459
1356,2021-09-30 08:09:45,515704,17.571239471435547
1357,2021-09-30 08:09:59,515705,17.288039922714233
1358,2021-09-30 09:09:05,515705,17.385075092315674
1359,2021-09-30 09:09:22,515705,17.796690464019775
1360,2021-09-30 09:09:32,515705,17.31721520423889
1361,2021-09-30 10:09:03,515707,17.318934202194214
1362,2021-09-30 11:09:51,515707,17.700135707855225
1363,2021-10-01 01:10:08,515710,17.51882553100586
1364,2021-10-01 01:10:15,515710,17.553629875183105
1365,2021-10-01 12:10:35,515710,17.574325799942017
1366,2021-10-01 12:10:35,515710,17.64918088912964
1367,2021-10-01 12:10:52,515710,17.694464921951294
1368,2021-10-01 12:10:58,515710,17.295318841934204
1369,2021-10-01 01:10:56,515711,17.67355442047119
1370,2021-10-01 12:10:03,515711,17.6706600189209
1371,2021-10-01 01:10:25,515713,17.456300258636475
1372,2021-10-01 12:10:36,515713,17.422679662704468
1373,2021-10-01 12:10:40,515713,17.639050483703613
1374,2021-10-01 12:10:46,515713,17.675169706344604
1375,2021-10-01 05:10:29,515717,17.59676456451416
1376,2021-10-01 07:10:56,515717,17.373030185699463
1377,2021-10-01 06:10:58,515718,17.31842041015625
1378,2021-10-01 07:10:39,515718,17.40058422088623
1379,2021-10-01 11:10:22,515728,17.77164936065674
1380,2021-10-01 12:10:44,515728,17.796939611434937
1381,2021-10-01 01:10:13,515730,17.57522463798523
1382,2021-10-01 01:10:32,515730,17.89006471633911
1383,2021-10-01 02:10:40,515730,17.568074464797974
1384,2021-10-01 03:10:20,515730,17.710379362106323
1385,2021-10-01 04:10:12,515730,17.857645750045776
1386,2021-10-01 05:10:14,515730,17.689744234085083
1387,2021-10-01 05:10:43,515730,17.678680419921875
1388,2021-10-01 06:10:33,515730,17.880074977874756
1389,2021-10-01 11:10:55,515730,17.47725486755371
1390,2021-10-01 12:10:00,515730,17.716959714889526
1391,2021-10-01 12:10:13,515730,17.760039567947388
1392,2021-10-01 12:10:16,515730,17.80137062072754
1393,2021-10-01 12:10:21,515730,17.807544469833374
1394,2021-10-01 12:10:30,515730,17.591475248336792
1395,2021-10-01 12:10:46,515730,17.71399974822998
1396,2021-10-01 05:10:41,515731,17.95830488204956
1397,2021-10-01 06:10:18,515731,17.796039581298828
1398,2021-10-01 07:10:33,515732,17.775490283966064
1399,2021-10-01 07:10:34,515732,17.60446071624756
1400,2021-10-01 08:10:00,515732,17.516400814056396
1401,2021-10-01 08:10:00,515732,17.62383460998535
1402,2021-10-01 08:10:21,515732,17.651774883270264
1403,2021-10-01 08:10:27,515732,17.601449489593506
1404,2021-10-01 08:10:50,515733,17.67934560775757
1405,2021-10-02 01:10:23,515735,17.758989334106445
1406,2021-10-02 02:10:27,515735,17.56401538848877
1407,2021-10-02 03:10:03,515735,17.57032036781311
1408,2021-10-02 03:10:09,515735,17.641130685806274
1409,2021-10-02 03:10:20,515735,17.37594485282898
1410,2021-10-02 03:10:46,515735,17.283660173416138
1411,2021-10-02 03:10:47,515735,17.612314224243164
1412,2021-10-02 03:10:56,515735,17.479615211486816
1413,2021-10-02 04:10:00,515735,17.55555033683777
1414,2021-10-02 12:10:09,515735,17.628755569458008
1415,2021-10-02 01:10:32,515736,17.589584589004517
1416,2021-10-02 01:10:53,515736,17.750614881515503
1417,2021-10-02 02:10:03,515736,17.740625143051147
1418,2021-10-02 02:10:57,515736,17.53453493118286
1419,2021-10-02 02:10:58,515736,17.806249856948853
1420,2021-10-02 03:10:20,515736,17.43239998817444
1421,2021-10-02 03:10:43,515736,17.62144446372986
1422,2021-10-02 04:10:51,515736,17.696784734725952
1423,2021-10-02 05:10:11,515736,17.353869676589966
1424,2021-10-02 05:10:17,515736,17.58036494255066
1425,2021-10-02 05:10:42,515736,17.618014812469482
1426,2021-10-02 05:10:45,515736,17.81069040298462
1427,2021-10-02 05:10:46,515736,17.324340343475342
1428,2021-10-02 06:10:32,515736,17.35764980316162
1429,2021-10-02 06:10:40,515736,17.751349210739136
1430,2021-10-02 07:10:07,515736,17.768994569778442
1431,2021-10-02 07:10:08,515736,17.493669986724854
1432,2021-10-02 08:10:41,515736,17.609049081802368
1433,2021-10-02 08:10:44,515736,17.635129690170288
1434,2021-10-02 08:10:54,515736,17.668064832687378
1435,2021-10-02 09:10:02,515736,17.55860447883606
1436,2021-10-02 09:10:03,515736,17.424849271774292
1437,2021-10-02 09:10:06,515736,17.513474225997925
1438,2021-10-02 09:10:24,515736,17.427464723587036
1439,2021-10-02 09:10:26,515736,17.70064949989319
1440,2021-10-02 09:10:56,515736,17.616440057754517
1441,2021-10-02 10:10:22,515736,17.613675594329834
1442,2021-10-02 12:10:37,515736,17.38705039024353
1443,2021-10-03 01:10:13,515737,17.390425205230713
1444,2021-10-03 01:10:27,515737,17.460755109786987
1445,2021-10-03 02:10:00,515737,17.578529119491577
1446,2021-10-03 05:10:34,515737,17.472755908966064
1447,2021-10-03 05:10:39,515737,17.39519476890564
1448,2021-10-03 07:10:32,515737,17.866564989089966
1449,2021-10-03 08:10:11,515737,17.77055025100708
1450,2021-10-03 11:10:12,515737,17.66329526901245
1451,2021-10-03 12:10:03,515737,17.703230381011963
1452,2021-10-03 12:10:22,515737,17.482835054397583
1453,2021-10-03 03:10:04,515738,17.75782585144043
1454,2021-10-03 03:10:20,515738,17.812975645065308
1455,2021-10-03 03:10:28,515738,17.580240964889526
1456,2021-10-03 03:10:48,515738,17.737205028533936
1457,2021-10-03 04:10:00,515738,17.799750566482544
1458,2021-10-03 04:10:13,515738,17.634745836257935
1459,2021-10-03 04:10:19,515738,17.714250087738037
1460,2021-10-03 05:10:35,515738,17.419140338897705
1461,2021-10-03 05:10:46,515738,17.876505851745605
1462,2021-10-03 06:10:01,515738,17.7827250957489
1463,2021-10-03 06:10:09,515738,17.530444860458374
1464,2021-10-03 06:10:23,515738,17.546939849853516
1465,2021-10-03 06:10:48,515738,17.602839469909668
1466,2021-10-03 07:10:39,515738,17.727115154266357
1467,2021-10-03 08:10:11,515738,17.694820165634155
1468,2021-10-03 09:10:06,515738,17.633885145187378
1469,2021-10-03 09:10:27,515738,17.664124965667725
1470,2021-10-03 09:10:34,515738,17.47220516204834
1471,2021-10-03 09:10:50,515738,17.563209533691406
1472,2021-10-03 10:10:48,515738,17.502930164337158
1473,2021-10-03 03:10:29,515739,17.82197594642639
1474,2021-10-03 07:10:15,515739,17.677764892578125
1475,2021-10-03 09:10:27,515739,17.73687481880188
1476,2021-10-03 09:10:42,515739,17.891860008239746
1477,2021-10-03 11:10:28,515739,17.65966534614563
1478,2021-10-03 11:10:53,515739,17.579410076141357
1479,2021-10-04 01:10:01,515739,17.38356590270996
1480,2021-10-04 02:10:22,515739,17.595185041427612
1481,2021-10-04 01:10:14,515741,17.683149576187134
1482,2021-10-04 01:10:29,515741,17.5195050239563
1483,2021-10-04 01:10:49,515741,17.635414600372314
1484,2021-10-04 02:10:33,515741,17.54733443260193
1485,2021-10-04 02:10:35,515741,17.566300630569458
1486,2021-10-04 03:10:10,515741,17.523540258407593
1487,2021-10-04 03:10:51,515741,17.395864725112915
1488,2021-10-04 10:10:07,515741,17.594480514526367
1489,2021-10-04 10:10:45,515741,17.678260803222656
1490,2021-10-04 11:10:09,515741,17.662510871887207
1491,2021-10-04 11:10:16,515741,17.73097038269043
1492,2021-10-04 11:10:32,515741,17.43910551071167
1493,2021-10-04 12:10:36,515741,17.65231490135193
1494,2021-10-04 12:10:38,515741,17.87925958633423
1495,2021-10-04 03:10:01,515743,17.67492413520813
1496,2021-10-04 05:10:07,515743,17.622954845428467
1497,2021-10-04 05:10:10,515745,17.802860736846924
1498,2021-10-04 06:10:06,515745,17.61631965637207
1499,2021-10-04 06:10:01,515747,17.772514820098877
1500,2021-10-04 06:10:08,515747,17.692275047302246
1501,2021-10-04 06:10:54,515747,17.765069007873535
1502,2021-10-04 07:10:02,515747,17.623995542526245
1503,2021-10-04 07:10:08,515747,17.828564643859863
1504,2021-10-04 07:10:11,515747,17.593059539794922
1505,2021-10-04 07:10:34,515747,17.8674054145813
1506,2021-10-04 07:10:54,515747,17.492010593414307
1507,2021-10-04 08:10:00,515747,17.714974880218506
1508,2021-10-04 08:10:05,515747,17.68271565437317
1509,2021-10-04 08:10:25,515747,17.26259469985962
1510,2021-10-04 08:10:26,515747,17.762199640274048
1511,2021-10-04 08:10:53,515747,17.500169277191162
1512,2021-10-04 08:10:54,515747,17.56224036216736
1513,2021-10-04 08:10:09,515748,17.76235580444336
1514,2021-10-04 08:10:09,515748,17.62426495552063
1515,2021-10-04 09:10:19,515748,17.69756555557251
1516,2021-10-04 09:10:20,515748,17.62671947479248
1517,2021-10-04 10:10:00,515748,17.680954933166504
1518,2021-10-04 10:10:10,515748,17.541544437408447
1519,2021-10-04 10:10:14,515748,17.587114572525024
1520,2021-10-04 10:10:15,515748,17.629719972610474
1521,2021-10-04 10:10:22,515748,17.82421112060547
1522,2021-10-04 10:10:32,515748,17.77869939804077
1523,2021-10-04 10:10:32,515748,17.71267533302307
1524,2021-10-04 10:10:34,515748,17.735480070114136
1525,2021-10-04 10:10:58,515748,17.735589742660522
1526,2021-10-04 11:10:07,515748,17.60409951210022
1527,2021-10-04 11:10:21,515748,17.91264533996582
1528,2021-10-04 11:10:27,515748,17.585760354995728
1529,2021-10-04 11:10:39,515748,17.627495527267456
1530,2021-10-04 11:10:50,515748,17.85575032234192
1531,2021-10-04 11:10:56,515748,17.6459801197052
1532,2021-10-05 01:10:05,515748,17.76455521583557
1533,2021-10-05 12:10:57,515748,17.45223045349121
1534,2021-10-05 12:10:58,515748,17.816604375839233
1535,2021-10-05 01:10:28,515749,17.49913454055786
1536,2021-10-05 01:10:29,515749,17.580039501190186
1537,2021-10-05 12:10:05,515749,17.701420783996582
1538,2021-10-05 12:10:29,515749,17.6260244846344
1539,2021-10-05 01:10:15,515750,17.723255157470703
1540,2021-10-05 02:10:22,515750,17.78206467628479
1541,2021-10-05 03:10:15,515750,17.418149709701538
1542,2021-10-05 03:10:16,515750,17.789255380630493
1543,2021-10-05 03:10:37,515750,17.686375379562378
1544,2021-10-05 04:10:00,515750,17.624720335006714
1545,2021-10-05 06:10:28,515753,17.86036491394043
1546,2021-10-05 07:10:06,515753,17.473149299621582
1547,2021-10-05 08:10:32,515753,17.80771493911743
1548,2021-10-05 08:10:48,515753,17.745490074157715
1549,2021-10-05 09:10:26,515753,17.642430067062378
1550,2021-10-05 09:10:31,515753,17.379655838012695
1551,2021-10-05 07:10:01,515754,17.567944526672363
1552,2021-10-05 07:10:09,515754,17.88462996482849
1553,2021-10-05 07:10:10,515754,17.640395164489746
1554,2021-10-05 08:10:00,515754,17.63750433921814
1555,2021-10-05 08:10:02,515754,18.06146502494812
1556,2021-10-05 08:10:45,515754,17.27042555809021
1557,2021-10-05 08:10:49,515754,17.366870641708374
1558,2021-10-05 08:10:54,515754,17.462764978408813
1559,2021-10-05 09:10:00,515754,17.629255056381226
1560,2021-10-05 09:10:01,515754,17.38110065460205
1561,2021-10-05 09:10:24,515754,17.652339935302734
1562,2021-10-05 09:10:43,515754,17.808799743652344
1563,2021-10-05 01:10:01,515757,17.667570114135742
1564,2021-10-05 01:10:09,515757,17.821680307388306
1565,2021-10-05 01:10:15,515757,17.674250602722168
1566,2021-10-05 01:10:16,515757,17.66772985458374
1567,2021-10-05 01:10:22,515757,17.82159447669983
1568,2021-10-05 01:10:56,515757,17.498284578323364
1569,2021-10-05 02:10:00,515757,17.72307515144348
1570,2021-10-05 02:10:24,515757,17.897554636001587
1571,2021-10-05 02:10:30,515757,17.647805213928223
1572,2021-10-05 02:10:44,515757,17.895615100860596
1573,2021-10-05 02:10:46,515757,17.802404165267944
1574,2021-10-05 02:10:47,515757,17.77713418006897
1575,2021-10-05 02:10:53,515757,17.602500915527344
1576,2021-10-05 02:10:59,515757,17.642229795455933
1577,2021-10-05 03:10:04,515757,17.52403497695923
1578,2021-10-05 03:10:45,515757,17.66627550125122
1579,2021-10-05 04:10:06,515757,17.420530319213867
1580,2021-10-05 04:10:47,515757,17.59443998336792
1581,2021-10-05 09:10:14,515757,17.59481906890869
1582,2021-10-05 09:10:57,515757,17.625399827957153
1583,2021-10-05 10:10:11,515757,17.731330394744873
1584,2021-10-05 10:10:29,515757,17.69159436225891
1585,2021-10-05 11:10:12,515757,17.794229984283447
1586,2021-10-05 11:10:18,515757,17.755919694900513
1587,2021-10-05 11:10:55,515757,17.825961112976074
1588,2021-10-05 11:10:59,515757,17.690110206604004
1589,2021-10-05 12:10:29,515757,17.493339776992798
1590,2021-10-05 12:10:30,515757,17.546334266662598
1591,2021-10-05 12:10:58,515757,17.580584287643433
1592,2021-10-05 03:10:08,515758,17.88333535194397
1593,2021-10-05 03:10:25,515758,17.524235248565674
1594,2021-10-05 04:10:00,515758,17.540194988250732
1595,2021-10-05 04:10:30,515758,17.6452898979187
1596,2021-10-05 04:10:46,515758,17.765649557113647
1597,2021-10-05 04:10:59,515758,17.664849758148193
1598,2021-10-05 04:10:24,515759,17.571959495544434
1599,2021-10-05 06:10:17,515759,17.605499029159546
1600,2021-10-05 05:10:45,515760,17.60462522506714
1601,2021-10-05 06:10:03,515760,17.722269296646118
1602,2021-10-05 07:10:59,515761,17.724205255508423
1603,2021-10-05 08:10:18,515761,17.704594135284424
1604,2021-10-05 09:10:38,515761,17.71085500717163
1605,2021-10-05 09:10:38,515761,17.738640308380127
1606,2021-10-05 08:10:37,515764,17.56362557411194
1607,2021-10-05 09:10:01,515764,17.72536039352417
1608,2021-10-05 10:10:15,515764,17.807124853134155
1609,2021-10-05 10:10:40,515764,17.675985097885132
1610,2021-10-05 10:10:43,515768,17.3187255859375
1611,2021-10-05 11:10:03,515768,17.864084243774414
1612,2021-10-05 11:10:58,515768,17.580355405807495
1613,2021-10-06 12:10:10,515768,17.734454870224
1614,2021-10-05 11:10:50,515769,17.616549730300903
1615,2021-10-06 01:10:23,515769,17.49677062034607
1616,2021-10-06 01:10:49,515769,17.402119636535645
1617,2021-10-06 12:10:26,515769,17.451809644699097
1618,2021-10-06 01:10:41,515770,17.631490230560303
1619,2021-10-06 01:10:53,515770,17.467035055160522
1620,2021-10-06 02:10:07,515770,17.658720016479492
1621,2021-10-06 02:10:35,515770,17.23019003868103
1622,2021-10-06 01:10:35,515772,17.632039785385132
1623,2021-10-06 02:10:30,515772,17.610740661621094
1624,2021-10-06 01:10:16,515779,17.689419984817505
1625,2021-10-06 01:10:24,515779,17.40918517112732
1626,2021-10-06 01:10:24,515779,17.525535821914673
1627,2021-10-06 01:10:26,515779,17.52879023551941
1628,2021-10-06 01:10:37,515779,17.703665494918823
1629,2021-10-06 02:10:12,515779,17.503479719161987
1630,2021-10-06 02:10:14,515779,17.601540088653564
1631,2021-10-06 02:10:22,515779,17.492395639419556
1632,2021-10-06 02:10:27,515779,17.715249061584473
1633,2021-10-06 02:10:43,515779,17.566449642181396
1634,2021-10-06 02:10:59,515779,17.4753201007843
1635,2021-10-06 03:10:06,515779,17.449865341186523
1636,2021-10-06 03:10:26,515779,17.58733034133911
1637,2021-10-06 03:10:30,515779,17.85196542739868
1638,2021-10-06 06:10:28,515779,17.84956932067871
1639,2021-10-06 07:10:11,515779,17.658510208129883
1640,2021-10-06 07:10:24,515779,17.73426055908203
1641,2021-10-06 07:10:33,515779,17.530264854431152
1642,2021-10-06 07:10:37,515779,17.571099996566772
1643,2021-10-06 08:10:03,515779,17.740830183029175
1644,2021-10-06 08:10:03,515779,17.573330402374268
1645,2021-10-06 08:10:04,515779,17.743775844573975
1646,2021-10-06 08:10:08,515779,17.5826096534729
1647,2021-10-06 08:10:14,515779,17.636979818344116
1648,2021-10-06 08:10:37,515779,17.68849492073059
1649,2021-10-06 08:10:46,515779,17.426239252090454
1650,2021-10-06 09:10:16,515779,17.600125074386597
1651,2021-10-06 09:10:33,515779,17.65674591064453
1652,2021-10-06 10:10:46,515779,17.75428533554077
1653,2021-10-06 11:10:00,515779,17.396410703659058
1654,2021-10-06 11:10:06,515779,17.598005533218384
1655,2021-10-06 11:10:19,515779,17.510164976119995
1656,2021-10-06 11:10:19,515779,17.509939670562744
1657,2021-10-06 11:10:28,515779,17.712210416793823
1658,2021-10-06 11:10:30,515779,17.444440126419067
1659,2021-10-06 12:10:05,515779,17.715795040130615
1660,2021-10-06 12:10:15,515779,17.69365906715393
1661,2021-10-06 12:10:17,515779,17.460190057754517
1662,2021-10-06 12:10:28,515779,17.646145820617676
1663,2021-10-06 12:10:33,515779,17.68494486808777
1664,2021-10-06 12:10:46,515779,17.586205005645752
1665,2021-10-06 03:10:03,515780,17.603524923324585
1666,2021-10-06 03:10:37,515780,17.39043951034546
1667,2021-10-06 03:10:43,515780,17.65255570411682
1668,2021-10-06 03:10:47,515780,17.68944501876831
1669,2021-10-06 03:10:58,515780,17.81596064567566
1670,2021-10-06 04:10:09,515780,17.590709924697876
1671,2021-10-06 04:10:37,515780,17.785634994506836
1672,2021-10-06 04:10:58,515780,17.572638988494873
1673,2021-10-06 05:10:39,515780,17.669334411621094
1674,2021-10-06 05:10:46,515780,17.537959814071655
1675,2021-10-06 05:10:57,515780,17.5941801071167
1676,2021-10-06 05:10:34,515781,17.4875545501709
1677,2021-10-06 06:10:04,515781,17.715694904327393
1678,2021-10-06 06:10:47,515781,17.73218035697937
1679,2021-10-06 07:10:07,515781,17.54844903945923
1680,2021-10-06 07:10:36,515781,17.63566493988037
1681,2021-10-06 08:10:24,515781,17.634575366973877
1682,2021-10-06 09:10:02,515781,17.619869709014893
1683,2021-10-06 09:10:38,515781,17.459338903427124
1684,2021-10-06 06:10:45,515783,17.63224482536316
1685,2021-10-06 08:10:56,515783,17.4212908744812
1686,2021-10-06 09:10:07,515783,17.474290132522583
1687,2021-10-06 09:10:21,515783,17.47113585472107
1688,2021-10-06 10:10:17,515784,17.58323073387146
1689,2021-10-06 11:10:57,515784,17.53864049911499
1690,2021-10-07 05:10:51,515785,17.512325048446655
1691,2021-10-07 06:10:25,515785,17.74906039237976
1692,2021-10-07 06:10:40,515785,17.600219249725342
1693,2021-10-07 07:10:46,515785,17.680755853652954
1694,2021-10-07 07:10:42,515787,17.808749675750732
1695,2021-10-07 08:10:00,515787,17.521278858184814
1696,2021-10-07 01:10:16,515791,17.54065990447998
1697,2021-10-07 03:10:18,515791,17.467780113220215
1698,2021-10-07 04:10:08,515791,17.546029090881348
1699,2021-10-07 04:10:25,515791,17.645764350891113
1700,2021-10-07 12:10:17,515791,17.514089345932007
1701,2021-10-07 05:10:08,515797,17.485930919647217
1702,2021-10-07 05:10:44,515797,17.514630556106567
1703,2021-10-07 06:10:30,515797,17.53914475440979
1704,2021-10-07 06:10:45,515797,17.61599063873291
1705,2021-10-07 07:10:09,515797,17.817009687423706
1706,2021-10-07 07:10:27,515797,17.52716898918152
1707,2021-10-07 07:10:55,515797,17.422289848327637
1708,2021-10-07 07:10:56,515797,17.63548493385315
1709,2021-10-07 08:10:13,515797,17.49998927116394
1710,2021-10-07 08:10:15,515797,17.51829981803894
1711,2021-10-07 08:10:25,515797,17.766259908676147
1712,2021-10-07 08:10:34,515797,17.828149795532227
1713,2021-10-07 08:10:45,515797,17.489019632339478
1714,2021-10-07 10:10:01,515797,17.58731961250305
1715,2021-10-07 10:10:48,515797,17.379385232925415
1716,2021-10-07 10:10:35,515798,17.612755298614502
1717,2021-10-07 11:10:16,515798,17.742774486541748
1718,2021-10-07 11:10:21,515798,17.64315962791443
1719,2021-10-07 11:10:27,515799,17.522919178009033
1720,2021-10-08 01:10:13,515799,17.689133882522583
1721,2021-10-08 01:10:15,515799,17.7049458026886
1722,2021-10-08 01:10:25,515799,17.394580841064453
1723,2021-10-08 01:10:31,515799,17.4588143825531
1724,2021-10-08 12:10:19,515799,17.375245094299316
1725,2021-10-08 12:10:37,515799,17.615114450454712
1726,2021-10-08 12:10:38,515799,17.33780026435852
1727,2021-10-08 01:10:03,515800,17.714529037475586
1728,2021-10-08 01:10:28,515800,17.670769691467285
1729,2021-10-08 02:10:47,515800,17.611089944839478
1730,2021-10-08 02:10:47,515800,17.590254545211792
1731,2021-10-08 03:10:58,515800,17.610570192337036
1732,2021-10-08 12:10:10,515800,17.61112928390503
1733,2021-10-08 04:10:02,515801,17.666049003601074
1734,2021-10-08 04:10:15,515801,17.500325441360474
1735,2021-10-08 04:10:19,515801,17.55905032157898
1736,2021-10-08 05:10:00,515801,17.723079919815063
1737,2021-10-08 05:10:10,515801,17.748149633407593
1738,2021-10-08 05:10:20,515801,17.8378689289093
1739,2021-10-08 05:10:40,515801,17.660629749298096
1740,2021-10-08 05:10:50,515801,17.709994316101074
1741,2021-10-08 06:10:33,515801,17.52963423728943
1742,2021-10-08 06:10:42,515801,17.59796977043152
1743,2021-10-08 07:10:07,515802,17.673864364624023
1744,2021-10-08 09:10:05,515802,17.546560764312744
1745,2021-10-08 09:10:07,515802,17.57301926612854
1746,2021-10-08 09:10:21,515802,17.55002498626709
1747,2021-10-08 09:10:27,515802,17.681509256362915
1748,2021-10-08 09:10:38,515802,17.610424757003784
1749,2021-10-08 09:10:39,515802,17.448405027389526
1750,2021-10-08 09:10:58,515802,17.63567566871643
1751,2021-10-08 10:10:15,515802,17.387009859085083
1752,2021-10-08 10:10:32,515802,17.44604468345642
1753,2021-10-08 10:10:33,515802,17.583245038986206
1754,2021-10-08 10:10:41,515802,17.405920028686523
1755,2021-10-08 11:10:05,515802,17.57730484008789
1756,2021-10-08 11:10:41,515802,17.540559768676758
1757,2021-10-08 11:10:51,515802,17.392115592956543
1758,2021-10-08 11:10:51,515802,17.327239513397217
1759,2021-10-08 11:10:53,515802,17.82738447189331
1760,2021-10-08 01:10:02,515803,17.824625968933105
1761,2021-10-08 01:10:21,515803,17.59342908859253
1762,2021-10-08 01:10:44,515803,17.479435205459595
1763,2021-10-08 01:10:44,515803,17.632575035095215
1764,2021-10-08 01:10:55,515803,17.600514888763428
1765,2021-10-08 02:10:17,515803,17.523210048675537
1766,2021-10-08 02:10:20,515803,17.577494382858276
1767,2021-10-08 02:10:25,515803,17.623045444488525
1768,2021-10-08 02:10:33,515803,17.577195167541504
1769,2021-10-08 02:10:41,515803,17.575490474700928
1770,2021-10-08 02:10:47,515803,17.710524797439575
1771,2021-10-08 02:10:49,515803,17.494239807128906
1772,2021-10-08 03:10:12,515803,17.654069662094116
1773,2021-10-08 03:10:24,515803,17.65412926673889
1774,2021-10-08 03:10:30,515803,17.618499994277954
1775,2021-10-08 04:10:41,515803,17.651954889297485
1776,2021-10-08 04:10:53,515803,17.386890649795532
1777,2021-10-08 04:10:54,515803,17.601845264434814
1778,2021-10-08 05:10:15,515803,17.50259518623352
1779,2021-10-08 06:10:07,515803,17.47539520263672
1780,2021-10-08 07:10:56,515803,17.55974531173706
1781,2021-10-08 08:10:57,515803,17.63348937034607
1782,2021-10-08 10:10:47,515803,17.601619958877563
1783,2021-10-08 10:10:52,515803,17.56974458694458
1784,2021-10-08 11:10:27,515803,17.751489877700806
1785,2021-10-08 12:10:17,515803,17.561310529708862
1786,2021-10-08 12:10:24,515803,17.528918981552124
1787,2021-10-08 12:10:32,515803,17.769334316253662
1788,2021-10-08 12:10:51,515803,17.615139484405518
1789,2021-10-08 12:10:59,515803,17.683730125427246
1790,2021-10-08 03:10:47,515804,17.777074575424194
1791,2021-10-08 03:10:47,515804,17.632585763931274
1792,2021-10-08 06:10:08,515804,17.5660502910614
1793,2021-10-08 06:10:53,515804,17.582310438156128
1794,2021-10-08 01:10:00,515805,17.425620555877686
1795,2021-10-08 02:10:46,515805,17.589409351348877
1796,2021-10-08 05:10:45,515806,17.520945072174072
1797,2021-10-08 07:10:28,515806,17.771655321121216
1798,2021-10-09 03:10:17,515806,17.560880184173584
1799,2021-10-09 03:10:32,515806,17.520509958267212
1800,2021-10-08 07:10:12,515808,17.77006983757019
1801,2021-10-08 07:10:19,515808,17.5833797454834
1802,2021-10-08 08:10:27,515808,17.603135108947754
1803,2021-10-08 09:10:34,515808,17.748345136642456
1804,2021-10-09 03:10:38,515808,17.630460262298584
1805,2021-10-09 05:10:21,515808,17.520370483398438
1806,2021-10-09 05:10:35,515808,17.557069063186646
1807,2021-10-09 05:10:44,515808,17.80098557472229
1808,2021-10-09 06:10:17,515808,17.348179817199707
1809,2021-10-09 06:10:46,515808,17.73287057876587
1810,2021-10-08 08:10:55,515809,17.492135763168335
1811,2021-10-09 02:10:53,515809,17.36348032951355
1812,2021-10-09 01:10:13,515811,17.57744550704956
1813,2021-10-09 01:10:54,515811,17.519285678863525
1814,2021-10-09 01:10:58,515811,17.737945318222046
1815,2021-10-09 04:10:11,515811,17.731614112854004
1816,2021-10-09 06:10:14,515811,17.57351517677307
1817,2021-10-09 07:10:03,515811,17.75409460067749
1818,2021-10-09 09:10:22,515811,17.78860569000244
1819,2021-10-09 10:10:43,515811,17.4550998210907
1820,2021-10-09 11:10:04,515811,17.648504972457886
1821,2021-10-09 11:10:40,515811,17.89634943008423
1822,2021-10-09 12:10:26,515811,17.764140367507935
1823,2021-10-09 12:10:40,515811,17.61849045753479
1824,2021-10-09 12:10:50,515811,17.63245940208435
1825,2021-10-09 01:10:10,515813,17.696934938430786
1826,2021-10-09 01:10:16,515813,17.457244396209717
1827,2021-10-09 01:10:23,515813,17.49969482421875
1828,2021-10-09 01:10:34,515813,17.43770956993103
1829,2021-10-09 02:10:05,515813,17.520805597305298
1830,2021-10-09 02:10:59,515813,17.391390800476074
1831,2021-10-09 11:10:00,515813,17.59711980819702
1832,2021-10-09 12:10:33,515813,17.63724446296692
1833,2021-10-09 03:10:51,515814,17.533400058746338
1834,2021-10-09 03:10:34,515816,17.33947515487671
1835,2021-10-09 05:10:26,515816,17.466084957122803
1836,2021-10-09 05:10:34,515816,17.51963496208191
1837,2021-10-09 05:10:47,515816,17.50033974647522
1838,2021-10-09 08:10:30,515818,17.58076548576355
1839,2021-10-09 09:10:14,515818,17.685649394989014
1840,2021-10-10 05:10:13,515818,17.621854543685913
1841,2021-10-10 06:10:43,515818,17.583435773849487
1842,2021-10-10 07:10:43,515818,17.67568588256836
1843,2021-10-10 07:10:43,515818,17.392380237579346
1844,2021-10-10 07:10:58,515818,17.516674995422363
1845,2021-10-10 08:10:03,515818,17.405290603637695
1846,2021-10-10 08:10:27,515818,17.525845766067505
1847,2021-10-09 09:10:44,515819,17.56782054901123
1848,2021-10-09 10:10:07,515819,17.857279777526855
1849,2021-10-10 08:10:53,515819,17.46832013130188
1850,2021-10-10 09:10:15,515819,17.67143487930298
1851,2021-10-10 09:10:28,515819,17.410584688186646
1852,2021-10-10 09:10:58,515819,17.190099954605103
1853,2021-10-10 10:10:01,515819,17.496930360794067
1854,2021-10-10 10:10:46,515819,17.743465900421143
1855,2021-10-10 12:10:15,515819,17.408039569854736
1856,2021-10-10 12:10:35,515819,17.585415840148926
1857,2021-10-09 10:10:51,515820,17.382400035858154
1858,2021-10-09 10:10:52,515820,17.81656503677368
1859,2021-10-10 09:10:40,515820,17.676985263824463
1860,2021-10-10 11:10:50,515820,17.549539804458618
1861,2021-10-09 10:10:23,515822,17.741705179214478
1862,2021-10-10 01:10:08,515822,17.79937505722046
1863,2021-10-10 10:10:23,515822,17.60867476463318
1864,2021-10-10 11:10:34,515822,17.565484046936035
1865,2021-10-09 11:10:46,515825,17.70385980606079
1866,2021-10-10 04:10:55,515825,17.437435388565063
1867,2021-10-10 04:10:11,515827,17.54562020301819
1868,2021-10-10 04:10:31,515827,17.405664920806885
1869,2021-10-10 05:10:04,515827,17.609364986419678
1870,2021-10-10 05:10:18,515827,17.502490282058716
1871,2021-10-10 05:10:20,515827,17.74841547012329
1872,2021-10-10 11:10:16,515827,17.663044929504395
1873,2021-10-10 12:10:25,515827,17.58802056312561
1874,2021-10-10 12:10:41,515827,17.806915044784546
1875,2021-10-10 02:10:33,515829,17.559529542922974
1876,2021-10-10 04:10:09,515829,17.71526575088501
1877,2021-10-10 06:10:40,515829,17.548760175704956
1878,2021-10-10 10:10:45,515829,17.641940116882324
1879,2021-10-10 12:10:51,515829,17.60696530342102
1880,2021-10-10 06:10:44,515830,17.66147494316101
1881,2021-10-10 07:10:15,515830,17.569254636764526
1882,2021-10-10 09:10:24,515830,17.568830251693726
1883,2021-10-10 09:10:59,515830,17.612035274505615
1884,2021-10-10 10:10:57,515830,17.75633454322815
1885,2021-10-10 11:10:18,515830,17.710894346237183
1886,2021-10-10 10:10:16,515832,17.274479866027832
1887,2021-10-10 10:10:17,515832,17.43256449699402
1888,2021-10-11 01:10:19,515832,17.645699977874756
1889,2021-10-11 01:10:37,515832,17.523000240325928
1890,2021-10-11 03:10:06,515835,17.306145429611206
1891,2021-10-11 04:10:01,515835,17.559654712677002
1892,2021-10-11 05:10:18,515836,17.667709589004517
1893,2021-10-11 06:10:53,515836,17.401729822158813
1894,2021-10-11 01:10:00,515837,17.462254762649536
1895,2021-10-11 06:10:15,515837,17.55568504333496
1896,2021-10-11 06:10:42,515837,17.666155099868774
1897,2021-10-11 09:10:51,515837,17.85653591156006
1898,2021-10-11 10:10:27,515837,17.532459497451782
1899,2021-10-11 10:10:29,515837,17.75384545326233
1900,2021-10-11 10:10:50,515837,17.383134365081787
1901,2021-10-11 11:10:14,515837,17.649614810943604
1902,2021-10-11 11:10:41,515837,17.54777431488037
1903,2021-10-11 12:10:17,515837,17.546764612197876
1904,2021-10-11 02:10:25,515838,17.36702561378479
1905,2021-10-11 02:10:35,515838,17.748830318450928
1906,2021-10-11 02:10:35,515838,17.39661455154419
1907,2021-10-11 05:10:57,515838,17.40541100502014
1908,2021-10-11 11:10:16,515838,17.559540271759033
1909,2021-10-12 01:10:26,515838,17.57678985595703
1910,2021-10-13 06:10:54,515838,17.54721999168396
1911,2021-10-13 12:10:40,515838,17.336965799331665
1912,2021-10-13 12:10:49,515838,17.582789659500122
1913,2021-10-12 12:10:23,515839,17.58102536201477
1914,2021-10-13 01:10:09,515839,17.497894763946533
1915,2021-10-12 05:10:04,515840,17.497044801712036
1916,2021-10-14 10:10:32,515840,17.51803994178772
1917,2021-10-12 08:10:42,515841,17.668349742889404
1918,2021-10-13 01:10:44,515841,17.290209531784058
1919,2021-10-12 05:10:42,515843,17.630839347839355
1920,2021-10-12 06:10:46,515843,17.451380491256714
1921,2021-10-12 11:10:05,515843,17.487895488739014
1922,2021-10-12 11:10:24,515843,17.479244470596313
1923,2021-10-12 12:10:15,515843,17.391411066055298
1924,2021-10-12 12:10:29,515843,17.58460521697998
1925,2021-10-13 02:10:39,515843,17.500450611114502
1926,2021-10-14 10:10:01,515843,17.73709535598755
1927,2021-10-12 05:10:20,515846,17.82623529434204
1928,2021-10-13 02:10:58,515846,17.648380994796753
1929,2021-10-13 03:10:01,515846,17.59748935699463
1930,2021-10-13 07:10:59,515846,17.68267035484314
1931,2021-10-14 06:10:00,515846,17.527354955673218
1932,2021-10-14 06:10:30,515846,17.792619466781616
1933,2021-10-14 06:10:55,515846,17.485735416412354
1934,2021-10-14 06:10:58,515846,17.85668969154358
1935,2021-10-14 08:10:06,515846,17.37670063972473
1936,2021-10-14 08:10:31,515846,17.72104501724243
1937,2021-10-14 08:10:49,515846,17.695940732955933
1938,2021-10-14 08:10:59,515846,17.354029417037964
1939,2021-10-14 09:10:28,515846,17.532994747161865
1940,2021-10-14 09:10:47,515846,17.591369152069092
1941,2021-10-15 02:10:26,515846,17.483539581298828
1942,2021-10-15 02:10:38,515846,17.703229188919067
1943,2021-10-15 02:10:46,515846,17.466559410095215
1944,2021-10-15 03:10:29,515846,17.401520013809204
1945,2021-10-15 03:10:43,515846,17.449949979782104
1946,2021-10-13 05:10:03,515852,17.566030025482178
1947,2021-10-13 05:10:27,515852,17.597864866256714
1948,2021-10-13 05:10:34,515852,17.331019639968872
1949,2021-10-13 06:10:01,515852,17.623534202575684
1950,2021-10-13 06:10:08,515852,17.632359266281128
1951,2021-10-13 11:10:37,515852,17.401524782180786
1952,2021-10-14 07:10:10,515852,17.53450036048889
1953,2021-10-14 07:10:22,515852,17.649394273757935
1954,2021-10-14 07:10:41,515852,17.723464965820312
1955,2021-10-14 08:10:07,515852,17.447930574417114
1956,2021-10-14 08:10:10,515852,17.472270727157593
1957,2021-10-14 08:10:26,515852,17.39306092262268
1958,2021-10-14 08:10:29,515852,17.816925048828125
1959,2021-10-14 08:10:31,515852,17.56532073020935
1960,2021-10-14 09:10:06,515852,17.469724416732788
1961,2021-10-14 09:10:19,515852,17.2999906539917
1962,2021-10-14 09:10:21,515852,17.36303448677063
1963,2021-10-14 09:10:45,515852,17.49606490135193
1964,2021-10-14 09:10:57,515852,17.642325162887573
1965,2021-10-14 10:10:01,515852,17.52864956855774
1966,2021-10-14 10:10:03,515852,17.687360048294067
1967,2021-10-14 10:10:10,515852,17.531615495681763
1968,2021-10-14 10:10:18,515852,17.53666043281555
1969,2021-10-14 10:10:46,515852,17.588798999786377
1970,2021-10-14 10:10:49,515852,17.566909790039062
1971,2021-10-14 11:10:10,515852,17.68463969230652
1972,2021-10-14 11:10:11,515852,17.643680572509766
1973,2021-10-14 11:10:12,515852,17.681180238723755
1974,2021-10-14 11:10:17,515852,17.696704864501953
1975,2021-10-14 11:10:36,515852,17.52856969833374
1976,2021-10-14 11:10:57,515852,17.649909257888794
1977,2021-10-14 11:10:58,515852,17.46105432510376
1978,2021-10-15 01:10:28,515852,17.56448984146118
1979,2021-10-15 02:10:08,515852,17.36605405807495
1980,2021-10-15 02:10:28,515852,17.372804880142212
1981,2021-10-15 12:10:23,515852,17.43367910385132
1982,2021-10-15 12:10:33,515852,17.42695927619934
1983,2021-10-15 12:10:52,515852,17.668955326080322
1984,2021-10-14 11:10:34,515853,17.67959475517273
1985,2021-10-15 01:10:23,515853,17.599825859069824
1986,2021-10-15 01:10:26,515853,17.453014850616455
1987,2021-10-15 02:10:14,515853,17.528430223464966
1988,2021-10-15 02:10:39,515853,17.471275329589844
1989,2021-10-15 02:10:45,515853,17.692939043045044
1990,2021-10-15 02:10:46,515853,17.409799098968506
1991,2021-10-15 02:10:46,515853,17.47836470603943
1992,2021-10-15 02:10:57,515853,17.428410053253174
1993,2021-10-15 03:10:33,515853,17.636195421218872
1994,2021-10-15 03:10:35,515853,17.478444576263428
1995,2021-10-15 12:10:02,515853,17.499929666519165
1996,2021-10-15 12:10:35,515853,17.51929521560669
1997,2021-10-15 12:10:38,515853,17.54454016685486
1998,2021-10-13 01:10:21,515854,17.402795553207397
1999,2021-10-13 06:10:02,515854,17.434109449386597
2000,2021-10-14 06:10:40,515854,17.485275268554688
2001,2021-10-14 08:10:14,515854,17.46851921081543
2002,2021-10-14 09:10:07,515854,17.43959069252014
2003,2021-10-14 09:10:14,515854,17.599799633026123
2004,2021-10-15 01:10:03,515854,17.35489010810852
2005,2021-10-15 01:10:05,515854,17.410385608673096
2006,2021-10-15 01:10:28,515854,17.622435092926025
2007,2021-10-15 01:10:37,515854,17.501471042633057
2008,2021-10-15 01:10:40,515854,17.65207052230835
2009,2021-10-15 01:10:40,515854,17.700555324554443
2010,2021-10-15 01:10:51,515854,17.480159997940063
2011,2021-10-15 02:10:43,515854,17.45640516281128
2012,2021-10-15 03:10:00,515854,17.58512020111084
2013,2021-10-15 03:10:42,515854,17.643585205078125
2014,2021-10-15 04:10:20,515854,17.541685104370117
2015,2021-10-15 04:10:22,515854,17.48719573020935
2016,2021-10-15 04:10:25,515854,17.584869861602783
2017,2021-10-15 04:10:40,515854,17.61665940284729
2018,2021-10-15 04:10:43,515854,17.467960119247437
2019,2021-10-15 05:10:05,515854,17.617889642715454
2020,2021-10-15 05:10:06,515854,17.691060304641724
2021,2021-10-15 05:10:12,515854,17.537124156951904
2022,2021-10-15 05:10:47,515854,17.45542049407959
2023,2021-10-15 05:10:51,515854,17.554044723510742
2024,2021-10-15 05:10:56,515854,17.58533477783203
2025,2021-10-15 05:10:57,515854,17.664045095443726
2026,2021-10-15 06:10:08,515854,17.424640655517578
2027,2021-10-15 06:10:52,515854,17.74216055870056
2028,2021-10-15 06:10:53,515854,17.69608974456787
2029,2021-10-15 07:10:15,515854,17.496235370635986
2030,2021-10-15 07:10:54,515854,17.599040269851685
2031,2021-10-15 07:10:55,515854,17.71244525909424
2032,2021-10-14 04:10:26,515855,17.303309440612793
2033,2021-10-15 06:10:03,515855,17.649179697036743
2034,2021-10-15 06:10:10,515855,17.624220848083496
2035,2021-10-15 06:10:27,515855,17.59881019592285
2036,2021-10-15 06:10:36,515855,17.683420181274414
2037,2021-10-15 06:10:53,515855,17.631304264068604
2038,2021-10-15 07:10:02,515855,17.759310007095337
2039,2021-10-15 07:10:07,515855,17.479900121688843
2040,2021-10-15 07:10:21,515855,17.36746072769165
2041,2021-10-15 07:10:30,515855,17.582221031188965
2042,2021-10-15 07:10:33,515855,17.56279468536377
2043,2021-10-15 07:10:41,515855,17.778944969177246
2044,2021-10-15 07:10:45,515855,17.585790157318115
2045,2021-10-15 08:10:08,515855,17.463525533676147
2046,2021-10-15 08:10:14,515855,17.725369930267334
2047,2021-10-15 08:10:16,515855,17.772270441055298
2048,2021-10-15 08:10:24,515855,17.6113498210907
2049,2021-10-15 08:10:40,515855,17.69039511680603
2050,2021-10-15 08:10:45,515855,17.68302083015442
2051,2021-10-15 08:10:51,515855,17.51499056816101
2052,2021-10-15 08:10:57,515855,17.4519145488739
2053,2021-10-15 09:10:10,515855,17.528369426727295
2054,2021-10-15 09:10:59,515855,17.548699378967285
2055,2021-10-15 10:10:01,515855,17.204594612121582
2056,2021-10-15 10:10:02,515855,17.647180557250977
2057,2021-10-15 10:10:06,515855,17.414989471435547
2058,2021-10-15 10:10:17,515855,17.715834379196167
2059,2021-10-15 10:10:25,515855,17.45511531829834
2060,2021-10-15 10:10:28,515855,17.212464809417725
2061,2021-10-15 10:10:32,515855,17.4550461769104
2062,2021-10-15 10:10:35,515855,17.405375242233276
2063,2021-10-15 10:10:35,515855,17.54859447479248
2064,2021-10-15 10:10:46,515855,17.334229946136475
2065,2021-10-15 10:10:51,515855,17.45803952217102
2066,2021-10-15 10:10:59,515855,17.4407696723938
2067,2021-10-15 10:10:59,515855,17.614234685897827
2068,2021-10-15 11:10:56,515855,17.43330955505371
2069,2021-10-15 11:10:57,515855,17.62447476387024
2070,2021-10-15 01:10:06,515856,17.608109712600708
2071,2021-10-15 01:10:17,515856,17.73007035255432
2072,2021-10-15 01:10:18,515856,17.742819786071777
2073,2021-10-15 01:10:32,515856,17.64528512954712
2074,2021-10-15 01:10:53,515856,17.478336095809937
2075,2021-10-15 01:10:55,515856,17.36572027206421
2076,2021-10-15 02:10:03,515856,17.68805503845215
2077,2021-10-15 02:10:14,515856,17.703629732131958
2078,2021-10-15 02:10:35,515856,17.476924657821655
2079,2021-10-15 02:10:43,515856,17.525135278701782
2080,2021-10-15 02:10:58,515856,17.58589506149292
2081,2021-10-15 11:10:01,515856,17.435264587402344
2082,2021-10-15 11:10:05,515856,17.769944667816162
2083,2021-10-15 11:10:12,515856,17.686785459518433
2084,2021-10-15 11:10:15,515856,17.541815042495728
2085,2021-10-15 11:10:33,515856,17.196815013885498
2086,2021-10-15 11:10:52,515856,17.572970390319824
2087,2021-10-15 12:10:02,515856,17.444180250167847
2088,2021-10-15 12:10:09,515856,17.705585956573486
2089,2021-10-15 12:10:18,515856,17.45249032974243
2090,2021-10-15 12:10:21,515856,17.22810983657837
2091,2021-10-15 12:10:22,515856,17.494285106658936
2092,2021-10-15 12:10:30,515856,17.52153992652893
2093,2021-10-15 12:10:36,515856,17.859830856323242
2094,2021-10-15 12:10:39,515856,17.54899024963379
2095,2021-10-15 12:10:51,515856,17.55660057067871
2096,2021-10-15 12:10:51,515856,17.40007519721985
2097,2021-10-15 12:10:54,515856,17.536075115203857
2098,2021-10-15 12:10:56,515856,17.380374670028687
2099,2021-10-15 12:10:58,515856,17.24307417869568
2100,2021-10-15 01:10:02,515857,17.554354667663574
2101,2021-10-15 01:10:22,515857,17.56098508834839
2102,2021-10-15 01:10:37,515857,17.441699504852295
2103,2021-10-15 01:10:52,515857,17.76050567626953
2104,2021-10-15 02:10:01,515857,17.699044942855835
2105,2021-10-15 02:10:44,515857,17.64917492866516
2106,2021-10-15 02:10:49,515857,17.404710054397583
2107,2021-10-15 02:10:59,515857,17.512565851211548
2108,2021-10-15 01:10:42,515874,17.704885005950928
2109,2021-10-15 02:10:14,515874,17.699530124664307
2110,2021-10-15 02:10:18,515874,17.381415367126465
2111,2021-10-15 02:10:37,515874,17.310584783554077
2112,2021-10-15 03:10:09,515874,17.60990023612976
2113,2021-10-15 03:10:16,515874,17.545909881591797
2114,2021-10-15 03:10:30,515874,17.29032039642334
2115,2021-10-15 03:10:35,515874,16.93060040473938
2116,2021-10-15 03:10:53,515874,17.289180755615234
2117,2021-10-15 03:10:56,515874,17.56266474723816
2118,2021-10-15 03:10:42,515879,17.568345069885254
2119,2021-10-15 04:10:58,515879,17.464014291763306
2120,2021-10-15 04:10:16,515880,17.48948097229004
2121,2021-10-15 04:10:49,515880,17.38682985305786
2122,2021-10-15 05:10:45,515880,17.732644081115723
2123,2021-10-15 05:10:52,515880,17.611944675445557
2124,2021-10-15 04:10:19,515881,17.278200387954712
2125,2021-10-15 04:10:25,515881,17.47113585472107
2126,2021-10-15 04:10:00,515882,17.53898024559021
2127,2021-10-15 04:10:17,515882,17.348815202713013
2128,2021-10-15 04:10:41,515882,17.865535020828247
2129,2021-10-15 05:10:08,515882,16.962004899978638
2130,2021-10-15 05:10:14,515882,17.65178918838501
2131,2021-10-15 04:10:24,515884,17.77293562889099
2132,2021-10-15 04:10:39,515884,17.48096466064453
2133,2021-10-15 09:10:01,515884,17.69340991973877
2134,2021-10-15 09:10:55,515884,17.532864809036255
2135,2021-10-15 11:10:17,515884,17.10523009300232
2136,2021-10-15 11:10:33,515884,17.49466896057129
2137,2021-10-15 04:10:58,515885,17.690929174423218
2138,2021-10-15 05:10:12,515885,17.535680532455444
2139,2021-10-15 05:10:13,515885,17.30927586555481
2140,2021-10-15 05:10:59,515885,17.60131001472473
2141,2021-10-15 09:10:03,515885,17.69989013671875
2142,2021-10-15 11:10:33,515885,17.609955072402954
2143,2021-10-16 01:10:23,515885,17.585790157318115
2144,2021-10-16 12:10:50,515885,17.429959774017334
2145,2021-10-15 06:10:18,515886,17.65553593635559
2146,2021-10-15 06:10:47,515886,17.70532488822937
2147,2021-10-16 03:10:28,515886,17.307850122451782
2148,2021-10-15 06:10:47,515887,17.61646032333374
2149,2021-10-15 10:10:40,515887,17.496764659881592
2150,2021-10-16 03:10:06,515887,16.874150037765503
2151,2021-10-16 03:10:16,515887,17.768055200576782
2152,2021-10-16 03:10:37,515887,17.600125074386597
2153,2021-10-16 04:10:01,515887,17.56353497505188
2154,2021-10-16 04:10:17,515887,17.581989765167236
2155,2021-10-16 04:10:35,515887,17.59293556213379
2156,2021-10-15 06:10:17,515888,17.57212996482849
2157,2021-10-16 03:10:16,515888,17.551485300064087
2158,2021-10-16 03:10:21,515888,17.45935082435608
2159,2021-10-16 03:10:37,515888,17.567734718322754
2160,2021-10-16 03:10:52,515888,17.55558967590332
2161,2021-10-16 04:10:14,515888,17.443820238113403
2162,2021-10-15 10:10:49,515889,17.56678581237793
2163,2021-10-16 04:10:03,515889,17.51286506652832
2164,2021-10-15 10:10:34,515890,17.86471962928772
2165,2021-10-16 03:10:27,515890,17.857940196990967
2166,2021-10-16 04:10:10,515890,17.48734474182129
2167,2021-10-16 04:10:20,515890,17.523295879364014
2168,2021-10-15 10:10:11,515892,17.45614528656006
2169,2021-10-15 10:10:41,515892,17.643015384674072
2170,2021-10-16 03:10:55,515892,17.70121932029724
2171,2021-10-16 05:10:12,515892,17.684839963912964
2172,2021-10-16 05:10:47,515892,17.599689960479736
2173,2021-10-16 09:10:49,515892,17.75818943977356
2174,2021-10-15 11:10:54,515893,17.568305730819702
2175,2021-10-16 05:10:30,515893,17.672715187072754
2176,2021-10-16 05:10:30,515893,17.344290018081665
2177,2021-10-16 06:10:52,515893,17.56497025489807
2178,2021-10-16 09:10:37,515893,17.57277011871338
2179,2021-10-16 09:10:40,515893,17.377034425735474
2180,2021-10-16 09:10:48,515893,17.38746404647827
2181,2021-10-16 10:10:11,515893,17.468374967575073
2182,2021-10-16 11:10:59,515893,17.529499530792236
2183,2021-10-16 12:10:15,515893,17.500635385513306
2184,2021-10-16 12:10:41,515893,17.61770486831665
2185,2021-10-16 06:10:53,515894,17.680554389953613
2186,2021-10-16 12:10:17,515894,17.572320699691772
2187,2021-10-16 01:10:00,515895,17.359235286712646
2188,2021-10-16 02:10:06,515895,17.425925731658936
2189,2021-10-16 02:10:56,515895,17.500884532928467
2190,2021-10-16 06:10:30,515895,17.447320222854614
2191,2021-10-16 09:10:49,515895,17.69926905632019
2192,2021-10-16 12:10:40,515895,17.538694143295288
2193,2021-10-16 12:10:44,515895,17.615469694137573
2194,2021-10-16 06:10:07,515896,17.519015073776245
2195,2021-10-16 10:10:43,515896,17.288769483566284
2196,2021-10-16 01:10:31,515897,17.32453465461731
2197,2021-10-16 01:10:47,515897,17.30355978012085
2198,2021-10-16 06:10:18,515897,17.43501901626587
2199,2021-10-16 06:10:29,515897,17.35034942626953
2200,2021-10-16 10:10:42,515897,17.381315231323242
2201,2021-10-16 11:10:01,515897,17.420599460601807
2202,2021-10-16 12:10:39,515897,17.577495574951172
2203,2021-10-16 12:10:59,515897,17.466490268707275
2204,2021-10-16 01:10:13,515898,17.65815496444702
2205,2021-10-16 10:10:13,515898,17.33967423439026
2206,2021-10-16 10:10:17,515898,17.43341565132141
2207,2021-10-16 06:10:02,515899,17.460075616836548
2208,2021-10-16 06:10:28,515899,17.622549533843994
2209,2021-10-16 10:10:29,515899,17.39100933074951
2210,2021-10-16 12:10:46,515899,17.324424982070923
2211,2021-10-16 02:10:11,515905,17.15972065925598
2212,2021-10-16 12:10:02,515905,17.484790086746216
2213,2021-10-16 01:10:27,515910,17.568395137786865
2214,2021-10-16 03:10:58,515910,17.49539017677307
2215,2021-10-16 11:10:31,515910,17.51699447631836
2216,2021-10-16 11:10:56,515910,17.82626509666443
2217,2021-10-17 01:10:38,515911,17.661864757537842
2218,2021-10-17 02:10:39,515911,17.606834173202515
2219,2021-10-17 02:10:46,515912,17.4776554107666
2220,2021-10-17 02:10:56,515912,17.49211549758911
2221,2021-10-17 03:10:46,515912,17.638609409332275
2222,2021-10-17 04:10:00,515912,17.705734968185425
2223,2021-10-17 05:10:47,515918,17.494080066680908
2224,2021-10-17 06:10:22,515918,17.801575660705566
2225,2021-10-17 06:10:23,515921,17.548339366912842
2226,2021-10-17 07:10:59,515921,17.650175094604492
2227,2021-10-17 01:10:55,515925,17.675260305404663
2228,2021-10-17 02:10:43,515925,17.6865553855896
2229,2021-10-17 02:10:04,515926,17.51428484916687
2230,2021-10-17 03:10:07,515926,17.74822473526001
2231,2021-10-17 04:10:45,515930,17.716740369796753
2232,2021-10-17 05:10:52,515930,17.776130437850952
2233,2021-10-17 07:10:06,515930,17.602585554122925
2234,2021-10-17 08:10:54,515930,17.708230018615723
2235,2021-10-18 01:10:33,515936,17.692534923553467
2236,2021-10-18 12:10:17,515936,17.592744827270508
2237,2021-10-18 05:10:25,515938,17.214380502700806
2238,2021-10-18 05:10:40,515938,17.725294828414917
2239,2021-10-18 05:10:46,515938,17.58429527282715
2240,2021-10-18 06:10:08,515938,17.78400421142578
2241,2021-10-18 06:10:11,515938,17.54646062850952
2242,2021-10-18 06:10:45,515938,17.568994760513306
2243,2021-10-18 06:10:52,515938,17.603155374526978
2244,2021-10-18 07:10:09,515938,17.63298988342285
2245,2021-10-18 07:10:16,515938,17.533520460128784
2246,2021-10-18 07:10:33,515938,17.769570350646973
2247,2021-10-18 07:10:37,515938,17.611024379730225
2248,2021-10-18 07:10:38,515938,17.833759784698486
2249,2021-10-18 07:10:42,515938,17.43882417678833
2250,2021-10-18 07:10:46,515938,17.50315546989441
2251,2021-10-18 07:10:47,515938,17.57654070854187
2252,2021-10-18 08:10:06,515938,17.45386004447937
2253,2021-10-18 08:10:21,515938,17.615724802017212
2254,2021-10-18 08:10:40,515938,17.528400421142578
2255,2021-10-18 08:10:50,515938,17.49616026878357
2256,2021-10-18 08:10:58,515938,17.718859910964966
2257,2021-10-18 01:10:03,515939,17.720844745635986
2258,2021-10-18 01:10:45,515939,17.608485221862793
2259,2021-10-18 01:10:50,515939,17.62742042541504
2260,2021-10-18 02:10:26,515939,17.30412006378174
2261,2021-10-18 03:10:17,515939,16.991100311279297
2262,2021-10-18 03:10:28,515939,17.0705246925354
2263,2021-10-18 03:10:33,515939,17.505005598068237
2264,2021-10-18 03:10:51,515939,17.538620233535767
2265,2021-10-18 04:10:06,515939,17.7234947681427
2266,2021-10-18 04:10:35,515939,17.635284662246704
2267,2021-10-18 04:10:39,515939,17.59845495223999
2268,2021-10-18 05:10:15,515939,17.401039600372314
2269,2021-10-18 09:10:13,515939,17.563849687576294
2270,2021-10-18 09:10:52,515939,17.766705751419067
2271,2021-10-18 10:10:01,515939,17.590385675430298
2272,2021-10-18 10:10:56,515939,17.591015100479126
2273,2021-10-18 12:10:13,515939,17.626250982284546
2274,2021-10-18 12:10:17,515939,17.572834491729736
2275,2021-10-18 12:10:49,515939,17.726324796676636
2276,2021-10-18 03:10:10,515940,17.486380338668823
2277,2021-10-18 03:10:40,515940,17.733864784240723
2278,2021-10-18 04:10:24,515940,17.54730463027954
2279,2021-10-18 05:10:10,515940,17.38584041595459
2280,2021-10-18 05:10:18,515940,17.404340505599976
2281,2021-10-18 05:10:40,515940,17.47759461402893
2282,2021-10-18 05:10:41,515940,17.614654302597046
2283,2021-10-18 05:10:51,515940,17.428245544433594
2284,2021-10-18 05:10:51,515940,17.614339590072632
2285,2021-10-18 05:10:57,515940,17.5723397731781
2286,2021-10-18 06:10:02,515940,17.20036506652832
2287,2021-10-18 06:10:16,515940,17.62017011642456
2288,2021-10-18 06:10:20,515940,17.41581439971924
2289,2021-10-18 06:10:43,515940,17.899659872055054
2290,2021-10-18 06:10:48,515940,17.524210214614868
2291,2021-10-18 07:10:06,515940,17.558125257492065
2292,2021-10-18 07:10:37,515940,17.754499912261963
2293,2021-10-18 07:10:45,515940,17.547190189361572
2294,2021-10-18 07:10:14,515942,17.8105890750885
2295,2021-10-18 08:10:34,515942,17.594939470291138
2296,2021-10-18 08:10:43,515943,17.656090259552002
2297,2021-10-18 09:10:39,515943,17.481759786605835
2298,2021-10-18 09:10:38,515944,17.563819885253906
2299,2021-10-18 10:10:27,515944,17.228450775146484
2300,2021-10-18 09:10:00,515945,17.357410192489624
2301,2021-10-18 09:10:49,515945,17.514009475708008
2302,2021-10-18 10:10:30,515945,17.64156460762024
2303,2021-10-18 10:10:47,515945,17.49539017677307
2304,2021-10-18 10:10:42,515947,17.015810012817383
2305,2021-10-18 10:10:47,515947,17.606300115585327
2306,2021-10-18 10:10:47,515947,17.562209367752075
2307,2021-10-18 11:10:00,515947,17.534559965133667
2308,2021-10-18 11:10:36,515947,17.616819143295288
2309,2021-10-18 11:10:49,515947,17.545264959335327
2310,2021-10-18 11:10:51,515947,17.49815583229065
2311,2021-10-18 11:10:54,515947,17.719144821166992
2312,2021-10-19 12:10:10,515947,17.619099617004395
2313,2021-10-19 12:10:22,515947,17.411335706710815
2314,2021-10-19 01:10:32,515948,17.727625370025635
2315,2021-10-19 01:10:40,515948,17.614669799804688
2316,2021-10-19 02:10:10,515948,17.43406057357788
2317,2021-10-19 02:10:26,515948,17.493544816970825
2318,2021-10-19 12:10:40,515948,17.522594928741455
2319,2021-10-19 12:10:48,515948,17.456209659576416
2320,2021-10-19 01:10:09,515949,17.534875869750977
2321,2021-10-19 01:10:24,515949,17.630269527435303
2322,2021-10-19 02:10:26,515949,17.5467848777771
2323,2021-10-19 03:10:38,515949,17.734174728393555
2324,2021-10-19 02:10:38,515950,17.564839124679565
2325,2021-10-19 03:10:24,515950,17.37771511077881
2326,2021-10-19 05:10:05,515953,17.55686044692993
2327,2021-10-19 05:10:10,515953,17.814714908599854
2328,2021-10-19 05:10:24,515953,17.22084403038025
2329,2021-10-19 05:10:30,515953,17.751424312591553
2330,2021-10-19 05:10:57,515953,17.421724796295166
2331,2021-10-19 06:10:21,515953,17.68409490585327
2332,2021-10-19 06:10:23,515953,17.589765787124634
2333,2021-10-19 06:10:37,515953,17.564170360565186
2334,2021-10-19 05:10:38,515954,17.471970319747925
2335,2021-10-19 05:10:47,515954,17.86705493927002
2336,2021-10-19 05:10:48,515954,17.21160888671875
2337,2021-10-19 06:10:10,515954,17.518190145492554
2338,2021-10-19 06:10:17,515954,17.79905915260315
2339,2021-10-19 06:10:47,515954,17.689034938812256
2340,2021-10-19 07:10:15,515954,17.45247483253479
2341,2021-10-19 07:10:51,515954,17.387980222702026
2342,2021-10-19 08:10:07,515956,17.58197546005249
2343,2021-10-19 09:10:11,515956,17.48457908630371
2344,2021-10-19 09:10:33,515958,17.366684675216675
2345,2021-10-19 11:10:42,515958,17.36183524131775
2346,2021-10-19 01:10:03,515959,17.264695167541504
2347,2021-10-19 01:10:07,515959,17.44704008102417
2348,2021-10-19 01:10:40,515959,17.353825569152832
2349,2021-10-19 10:10:21,515959,17.60644555091858
2350,2021-10-19 10:10:46,515959,17.613484859466553
2351,2021-10-19 10:10:50,515959,17.536959648132324
2352,2021-10-19 11:10:13,515959,17.53562092781067
2353,2021-10-19 11:10:16,515959,17.31771469116211
2354,2021-10-19 11:10:36,515959,17.563819885253906
2355,2021-10-19 11:10:49,515959,17.037440538406372
2356,2021-10-19 12:10:30,515959,17.451839447021484
2357,2021-10-19 12:10:30,515959,17.424345016479492
2358,2021-10-19 01:10:35,515961,17.682554721832275
2359,2021-10-19 01:10:48,515961,17.574315071105957
2360,2021-10-19 01:10:49,515961,17.4328351020813
2361,2021-10-19 02:10:02,515961,17.31060028076172
2362,2021-10-19 01:10:13,515962,17.558939456939697
2363,2021-10-19 01:10:19,515962,17.271970510482788
2364,2021-10-19 02:10:18,515962,17.489094734191895
2365,2021-10-19 02:10:24,515962,17.326114177703857
2366,2021-10-19 02:10:28,515962,17.43836998939514
2367,2021-10-19 02:10:30,515962,17.446385622024536
2368,2021-10-19 02:10:56,515962,17.24316954612732
2369,2021-10-19 03:10:14,515962,17.32975482940674
2370,2021-10-19 03:10:45,515962,17.492934465408325
2371,2021-10-19 03:10:58,515962,17.663644552230835
2372,2021-10-19 04:10:37,515963,17.652679681777954
2373,2021-10-19 05:10:10,515963,17.694190740585327
2374,2021-10-19 05:10:32,515963,17.589694261550903
2375,2021-10-19 06:10:04,515963,17.42975950241089
2376,2021-10-19 06:10:39,515963,17.37502932548523
2377,2021-10-19 06:10:40,515963,17.40304470062256
2378,2021-10-19 03:10:43,515964,17.757534980773926
2379,2021-10-19 04:10:30,515964,17.697139978408813
2380,2021-10-19 04:10:10,515965,17.784310579299927
2381,2021-10-19 04:10:20,515965,17.599035501480103
2382,2021-10-19 05:10:11,515965,17.257745265960693
2383,2021-10-19 05:10:30,515965,17.365354299545288
2384,2021-10-19 05:10:44,515965,17.30781078338623
2385,2021-10-19 05:10:52,515965,17.451798915863037
2386,2021-10-19 06:10:02,515967,17.559539079666138
2387,2021-10-19 07:10:36,515967,17.556310892105103
2388,2021-10-19 07:10:49,515968,17.60001540184021
2389,2021-10-19 08:10:48,515969,17.721405029296875
2390,2021-10-19 10:10:20,515969,17.756080627441406
2391,2021-10-19 08:10:15,515970,17.778509855270386
2392,2021-10-19 08:10:27,515970,17.31962561607361
2393,2021-10-19 08:10:40,515970,17.79581069946289
2394,2021-10-19 11:10:00,515970,17.744849920272827
2395,2021-10-19 11:10:20,515970,17.580955028533936
2396,2021-10-19 09:10:07,515971,16.95886492729187
2397,2021-10-19 11:10:24,515971,17.46832013130188
2398,2021-10-20 12:10:30,515971,17.41534948348999
2399,2021-10-20 12:10:50,515971,18.041059970855713
2400,2021-10-20 01:10:33,515972,17.686675786972046
2401,2021-10-20 02:10:45,515972,17.534990310668945
2402,2021-10-20 12:10:03,515972,17.72671937942505
2403,2021-10-20 12:10:33,515972,17.61175036430359
2404,2021-10-20 01:10:53,515973,17.609044313430786
2405,2021-10-20 12:10:00,515973,17.291125059127808
2406,2021-10-20 01:10:08,515977,17.4921452999115
2407,2021-10-20 01:10:57,515977,17.672405242919922
2408,2021-10-20 02:10:30,515978,17.535064220428467
2409,2021-10-20 02:10:39,515978,17.71020531654358
2410,2021-10-20 03:10:52,515978,17.64172077178955
2411,2021-10-20 02:10:22,515979,17.465264797210693
2412,2021-10-20 03:10:37,515979,17.843469381332397
2413,2021-10-20 03:10:56,515979,17.44931936264038
2414,2021-10-20 03:10:59,515979,17.580034732818604
2415,2021-10-20 06:10:52,515982,17.35345959663391
2416,2021-10-20 05:10:27,515983,17.31608510017395
2417,2021-10-20 06:10:53,515983,17.806930541992188
2418,2021-10-20 01:10:47,515984,17.327215671539307
2419,2021-10-20 02:10:23,515984,17.799304723739624
2420,2021-10-20 07:10:12,515984,17.614749670028687
2421,2021-10-20 07:10:22,515984,17.59411096572876
2422,2021-10-20 08:10:56,515984,17.432864904403687
2423,2021-10-20 09:10:11,515984,17.5348699092865
2424,2021-10-20 10:10:29,515984,17.689450979232788
2425,2021-10-20 11:10:13,515984,17.26227045059204
2426,2021-10-20 11:10:14,515984,17.550934553146362
2427,2021-10-20 11:10:27,515984,17.45587944984436
2428,2021-10-20 12:10:01,515984,17.605448961257935
2429,2021-10-20 12:10:11,515984,17.565059661865234
2430,2021-10-20 12:10:17,515984,17.706865072250366
2431,2021-10-20 12:10:19,515984,17.757489681243896
2432,2021-10-20 12:10:34,515984,17.42209553718567
2433,2021-10-20 03:10:23,515985,17.71257996559143
2434,2021-10-20 04:10:43,515985,17.94498562812805
2435,2021-10-20 05:10:42,515985,17.679179906845093
2436,2021-10-20 03:10:22,515986,17.372020483016968
2437,2021-10-20 04:10:19,515986,17.48194456100464
2438,2021-10-20 04:10:41,515986,17.403874397277832
2439,2021-10-20 05:10:21,515987,17.582839727401733
2440,2021-10-20 05:10:59,515987,17.821794748306274
2441,2021-10-20 05:10:27,515988,17.682104110717773
2442,2021-10-20 06:10:21,515988,17.562174797058105
2443,2021-10-20 06:10:54,515989,17.570704221725464
2444,2021-10-20 06:10:33,515990,17.406954765319824
2445,2021-10-20 07:10:41,515990,17.620525360107422
2446,2021-10-20 08:10:28,515991,17.55710482597351
2447,2021-10-20 08:10:32,515992,17.55271553993225
2448,2021-10-20 09:10:25,515992,17.440195083618164
2449,2021-10-20 09:10:02,515993,17.613500356674194
2450,2021-10-20 09:10:42,515993,17.550004720687866
2451,2021-10-20 09:10:53,515993,17.758580446243286
2452,2021-10-20 10:10:11,515993,17.382080554962158
2453,2021-10-20 11:10:22,515995,17.469120025634766
2454,2021-10-20 11:10:27,515995,17.446759939193726
2455,2021-10-21 12:10:18,515995,17.196640968322754
2456,2021-10-21 12:10:31,515995,17.151005268096924
2457,2021-10-21 01:10:24,515999,17.525604963302612
2458,2021-10-21 01:10:53,515999,17.601875066757202
2459,2021-10-21 02:10:16,515999,17.252594232559204
2460,2021-10-21 02:10:17,515999,17.786710262298584
2461,2021-10-21 02:10:59,516001,17.5937557220459
2462,2021-10-21 03:10:19,516001,17.608745098114014
2463,2021-10-21 03:10:35,516002,17.586804628372192
2464,2021-10-21 04:10:03,516002,17.63789415359497
2465,2021-10-21 05:10:32,516005,17.826939821243286
2466,2021-10-21 05:10:58,516005,17.415170669555664
2467,2021-10-21 06:10:50,516005,17.51766562461853
2468,2021-10-21 05:10:11,516006,17.722599506378174
2469,2021-10-21 06:10:45,516006,17.534375190734863
2470,2021-10-21 06:10:07,516007,17.707185745239258
2471,2021-10-21 06:10:13,516007,17.392810583114624
2472,2021-10-21 07:10:17,516007,17.662440538406372
2473,2021-10-21 08:10:19,516011,17.674285173416138
2474,2021-10-21 09:10:07,516011,17.5026798248291
2475,2021-10-21 10:10:57,516011,17.60419011116028
2476,2021-10-21 09:10:18,516012,17.667604684829712
2477,2021-10-21 10:10:02,516012,17.54542589187622
2478,2021-10-21 10:10:13,516012,17.475985288619995
2479,2021-10-21 01:10:27,516013,17.77577519416809
2480,2021-10-21 02:10:30,516013,17.554409503936768
2481,2021-10-21 03:10:26,516013,17.640085220336914
2482,2021-10-21 03:10:55,516013,17.755740880966187
2483,2021-10-21 04:10:15,516013,17.59205460548401
2484,2021-10-21 04:10:27,516013,17.815910577774048
2485,2021-10-21 04:10:29,516013,17.564334869384766
2486,2021-10-21 04:10:39,516013,17.35392928123474
2487,2021-10-21 04:10:48,516013,17.57606029510498
2488,2021-10-21 04:10:51,516013,17.54040002822876
2489,2021-10-21 04:10:54,516013,17.582725286483765
2490,2021-10-21 04:10:56,516013,17.516615390777588
2491,2021-10-21 05:10:21,516013,17.481999397277832
2492,2021-10-21 05:10:26,516013,17.293540239334106
2493,2021-10-21 05:10:31,516013,17.532049417495728
2494,2021-10-21 05:10:56,516013,17.254759073257446
2495,2021-10-21 12:10:18,516013,17.60369062423706
2496,2021-10-21 04:10:54,516015,17.648454904556274
2497,2021-10-21 05:10:27,516015,17.60311007499695
2498,2021-10-21 05:10:33,516015,17.98704504966736
2499,2021-10-21 03:10:01,516016,17.71922469139099
2500,2021-10-21 05:10:25,516016,17.749165296554565
2501,2021-10-21 06:10:07,516016,17.15319514274597
2502,2021-10-21 06:10:21,516016,17.555065155029297
2503,2021-10-21 06:10:40,516016,17.883869409561157
2504,2021-10-21 07:10:16,516016,17.935675382614136
2505,2021-10-21 07:10:28,516016,17.511744499206543
2506,2021-10-21 07:10:34,516016,17.563815116882324
2507,2021-10-21 08:10:31,516016,17.051385641098022
2508,2021-10-21 09:10:36,516016,17.47025489807129
2509,2021-10-21 06:10:54,516017,17.35898494720459
2510,2021-10-21 09:10:52,516017,17.627944946289062
2511,2021-10-21 08:10:23,516018,17.70151972770691
2512,2021-10-21 07:10:03,516019,17.5680148601532
2513,2021-10-21 07:10:24,516019,17.757869958877563
2514,2021-10-21 09:10:08,516019,17.65235424041748
2515,2021-10-21 10:10:39,516019,17.433810234069824
2516,2021-10-21 11:10:40,516019,17.723430395126343
2517,2021-10-21 11:10:47,516019,17.487235069274902
2518,2021-10-21 08:10:47,516020,17.6607346534729
2519,2021-10-21 11:10:29,516020,17.759504318237305
2520,2021-10-22 12:10:13,516020,17.52705454826355
2521,2021-10-22 12:10:52,516020,17.702089548110962
2522,2021-10-21 08:10:40,516021,17.6078999042511
2523,2021-10-21 08:10:59,516021,17.75657057762146
2524,2021-10-21 11:10:02,516021,17.74667978286743
2525,2021-10-22 01:10:09,516021,17.561529874801636
2526,2021-10-22 01:10:28,516021,17.708444595336914
2527,2021-10-22 01:10:32,516021,17.693359851837158
2528,2021-10-22 01:10:35,516021,17.741719484329224
2529,2021-10-22 01:10:56,516021,17.488980293273926
2530,2021-10-22 02:10:14,516021,17.765179872512817
2531,2021-10-22 04:10:05,516021,17.571855783462524
2532,2021-10-22 04:10:25,516021,17.504504919052124
2533,2021-10-22 12:10:29,516021,17.745105028152466
2534,2021-10-22 12:10:31,516021,17.647345066070557
2535,2021-10-22 12:10:35,516021,17.538219690322876
2536,2021-10-22 12:10:40,516021,17.830694913864136
2537,2021-10-22 12:10:55,516021,17.500619888305664
2538,2021-10-22 01:10:22,516022,17.62619972229004
2539,2021-10-22 01:10:32,516022,17.451446056365967
2540,2021-10-22 02:10:06,516022,17.822749614715576
2541,2021-10-22 02:10:23,516022,17.532174587249756
2542,2021-10-22 02:10:42,516022,17.66784429550171
2543,2021-10-22 02:10:46,516022,17.606730461120605
2544,2021-10-22 02:10:57,516022,17.726985216140747
2545,2021-10-22 05:10:05,516022,17.639845609664917
2546,2021-10-22 05:10:33,516022,17.624789476394653
2547,2021-10-22 05:10:50,516022,17.599070072174072
2548,2021-10-22 05:10:54,516022,17.57401466369629
2549,2021-10-22 06:10:24,516022,17.70747423171997
2550,2021-10-22 06:10:56,516022,17.474225759506226
2551,2021-10-22 03:10:28,516023,17.657400369644165
2552,2021-10-22 06:10:02,516023,17.48028039932251
2553,2021-10-22 06:10:49,516023,17.57619023323059
2554,2021-10-22 07:10:15,516023,17.469550371170044
2555,2021-10-22 07:10:34,516023,17.867159843444824
2556,2021-10-22 07:10:42,516023,17.64266014099121
2557,2021-10-22 08:10:10,516023,17.643204927444458
2558,2021-10-22 08:10:43,516023,17.730319499969482
2559,2021-10-22 06:10:48,516027,17.787604331970215
2560,2021-10-22 07:10:30,516027,17.635270357131958
2561,2021-10-22 07:10:59,516027,17.664254903793335
2562,2021-10-22 08:10:16,516027,17.708464860916138
2563,2021-10-22 06:10:06,516029,17.536100149154663
2564,2021-10-22 08:10:07,516029,17.713589668273926
2565,2021-10-22 08:10:06,516030,17.900115251541138
2566,2021-10-22 09:10:11,516030,17.627569437026978
2567,2021-10-22 08:10:18,516031,17.629735469818115
2568,2021-10-22 08:10:24,516031,17.691210508346558
2569,2021-10-22 08:10:25,516031,17.71800994873047
2570,2021-10-22 08:10:40,516031,17.75555968284607
2571,2021-10-22 08:10:52,516031,17.679084539413452
2572,2021-10-22 09:10:02,516031,17.4311101436615
2573,2021-10-22 09:10:29,516031,17.51428484916687
2574,2021-10-22 09:10:38,516031,17.683639526367188
2575,2021-10-22 10:10:25,516031,17.63139009475708
2576,2021-10-22 11:10:07,516031,17.81712532043457
2577,2021-10-22 11:10:22,516031,17.260055541992188
2578,2021-10-22 11:10:27,516031,17.395774126052856
2579,2021-10-22 11:10:33,516031,17.861469984054565
2580,2021-10-22 08:10:47,516032,17.754470109939575
2581,2021-10-22 09:10:57,516032,17.47841477394104
2582,2021-10-22 10:10:33,516032,17.652875185012817
2583,2021-10-22 10:10:44,516032,17.770965099334717
2584,2021-10-22 11:10:22,516036,17.80431032180786
2585,2021-10-22 11:10:57,516037,17.600444555282593
2586,2021-10-22 01:10:07,516038,17.72423505783081
2587,2021-10-22 01:10:53,516038,17.622230052947998
2588,2021-10-22 11:10:27,516038,17.754560708999634
2589,2021-10-22 12:10:05,516038,17.788844108581543
2590,2021-10-22 01:10:22,516039,17.515209913253784
2591,2021-10-22 01:10:44,516039,17.266764640808105
2592,2021-10-22 02:10:05,516039,17.624469995498657
2593,2021-10-22 03:10:00,516039,17.965534925460815
2594,2021-10-22 03:10:04,516039,17.294769287109375
2595,2021-10-22 03:10:14,516039,17.617504596710205
2596,2021-10-22 02:10:01,516040,17.644649744033813
2597,2021-10-22 02:10:14,516040,17.456284761428833
2598,2021-10-22 02:10:31,516040,17.507879734039307
2599,2021-10-22 02:10:54,516040,17.658939361572266
2600,2021-10-22 03:10:16,516040,17.66752004623413
2601,2021-10-22 03:10:18,516040,17.536604404449463
2602,2021-10-22 03:10:51,516040,17.59419083595276
2603,2021-10-22 02:10:18,516041,18.010329008102417
2604,2021-10-22 03:10:10,516041,17.862260341644287
2605,2021-10-22 03:10:24,516041,17.7783203125
2606,2021-10-22 03:10:53,516041,17.849735021591187
2607,2021-10-22 04:10:04,516041,17.803090810775757
2608,2021-10-22 04:10:18,516041,17.682145833969116
2609,2021-10-22 04:10:32,516041,17.858164310455322
2610,2021-10-22 04:10:46,516041,17.642250061035156
2611,2021-10-22 03:10:06,516042,17.8215754032135
2612,2021-10-22 03:10:15,516042,17.83990502357483
2613,2021-10-22 03:10:41,516042,17.808644771575928
2614,2021-10-22 04:10:53,516042,17.816154956817627
2615,2021-10-22 05:10:27,516042,17.66466975212097
2616,2021-10-22 05:10:30,516044,17.7957546710968
2617,2021-10-22 05:10:37,516044,17.90982484817505
2618,2021-10-22 05:10:50,516044,17.90922522544861
2619,2021-10-22 06:10:09,516044,17.48816967010498
2620,2021-10-22 06:10:20,516044,17.660210132598877
2621,2021-10-22 06:10:41,516044,17.704834938049316
2622,2021-10-22 06:10:22,516045,17.865759134292603
2623,2021-10-22 06:10:22,516045,17.586119174957275
2624,2021-10-22 06:10:22,516045,17.58542537689209
2625,2021-10-22 06:10:24,516045,17.7923846244812
2626,2021-10-22 07:10:04,516045,17.86003589630127
2627,2021-10-22 07:10:32,516045,17.721060514450073
2628,2021-10-22 07:10:43,516045,17.821584939956665
2629,2021-10-22 07:10:52,516045,17.762060165405273
2630,2021-10-22 06:10:03,516046,18.0207097530365
2631,2021-10-22 06:10:43,516046,17.757974863052368
2632,2021-10-22 07:10:06,516046,17.908344268798828
2633,2021-10-22 07:10:21,516046,17.718709707260132
2634,2021-10-22 07:10:49,516046,17.79739499092102
2635,2021-10-22 07:10:50,516046,17.824599742889404
2636,2021-10-22 08:10:09,516046,17.410720586776733
2637,2021-10-22 08:10:59,516046,17.629365921020508
2638,2021-10-22 07:10:31,516047,17.82160997390747
2639,2021-10-22 08:10:07,516047,17.86935567855835
2640,2021-10-22 08:10:01,516048,18.141229152679443
2641,2021-10-22 09:10:59,516048,18.076759576797485
2642,2021-10-22 10:10:36,516048,17.688463926315308
2643,2021-10-22 10:10:40,516048,17.47897505760193
2644,2021-10-22 08:10:18,516049,17.8033447265625
2645,2021-10-22 10:10:17,516049,17.59503960609436
2646,2021-10-22 10:10:19,516050,17.861579656600952
2647,2021-10-22 11:10:05,516050,17.80584454536438
2648,2021-10-23 12:10:13,516051,17.744284868240356
2649,2021-10-23 12:10:26,516051,17.83774971961975
2650,2021-10-22 11:10:42,516053,17.827829122543335
2651,2021-10-23 01:10:33,516054,17.699885368347168
2652,2021-10-23 01:10:58,516054,17.682214975357056
2653,2021-10-23 12:10:09,516054,17.793564796447754
2654,2021-10-23 12:10:10,516054,17.64546513557434
2655,2021-10-23 01:10:09,516055,17.890149354934692
2656,2021-10-23 03:10:44,516055,17.567280530929565
2657,2021-10-23 01:10:23,516056,17.94122576713562
2658,2021-10-23 01:10:57,516056,17.978124618530273
2659,2021-10-23 02:10:11,516056,17.846510410308838
2660,2021-10-23 02:10:12,516056,17.66959547996521
2661,2021-10-23 02:10:43,516056,17.619274854660034
2662,2021-10-23 03:10:41,516056,17.589809894561768
2663,2021-10-23 03:10:42,516056,17.77562975883484
2664,2021-10-23 04:10:49,516056,17.691564559936523
2665,2021-10-23 02:10:31,516058,17.92385458946228
2666,2021-10-23 03:10:43,516058,17.85297989845276
2667,2021-10-23 02:10:06,516066,17.61151909828186
2668,2021-10-23 03:10:56,516066,17.51856565475464
2669,2021-10-23 04:10:59,516066,17.969614267349243
2670,2021-10-23 05:10:09,516066,17.94106960296631
2671,2021-10-23 05:10:26,516066,17.640295028686523
2672,2021-10-23 06:10:39,516066,18.058300018310547
2673,2021-10-23 06:10:57,516066,17.93189525604248
2674,2021-10-23 07:10:00,516066,17.787123918533325
2675,2021-10-23 07:10:16,516066,17.898569107055664
2676,2021-10-23 07:10:38,516066,17.765464782714844
2677,2021-10-23 08:10:32,516066,17.84795045852661
2678,2021-10-23 08:10:57,516066,17.661885023117065
2679,2021-10-23 10:10:54,516066,18.005510568618774
2680,2021-10-23 11:10:37,516066,17.87013053894043
2681,2021-10-23 11:10:50,516066,17.915525436401367
2682,2021-10-24 01:10:04,516066,17.874114513397217
2683,2021-10-24 01:10:07,516066,17.766560316085815
2684,2021-10-24 01:10:43,516066,17.83697485923767
2685,2021-10-24 05:10:09,516066,17.956010103225708
2686,2021-10-24 06:10:25,516066,17.572275400161743
2687,2021-10-24 10:10:32,516066,18.101404905319214
2688,2021-10-24 10:10:42,516066,17.82267451286316
2689,2021-10-24 11:10:03,516066,17.913964986801147
2690,2021-10-24 11:10:07,516066,17.804100513458252
2691,2021-10-24 12:10:08,516066,17.879170179367065
2692,2021-10-24 12:10:09,516066,17.921849489212036
2693,2021-10-24 12:10:40,516066,18.138409852981567
2694,2021-10-24 12:10:49,516066,17.62125015258789
2695,2021-10-24 01:10:30,516067,17.968955039978027
2696,2021-10-24 02:10:58,516067,17.809929847717285
2697,2021-10-25 10:10:12,516076,17.759215831756592
2698,2021-10-25 10:10:20,516076,17.832934856414795
2699,2021-10-25 11:10:04,516076,17.87219524383545
2700,2021-10-25 11:10:14,516076,17.843124866485596
2701,2021-10-25 11:10:17,516076,17.74369478225708
2702,2021-10-25 11:10:53,516076,17.905714511871338
2703,2021-10-25 01:10:13,516079,17.904930114746094
2704,2021-10-25 01:10:23,516079,17.916499376296997
2705,2021-10-25 02:10:00,516079,17.6499342918396
2706,2021-10-25 02:10:14,516079,17.83730983734131
2707,2021-10-25 02:10:49,516079,17.57544994354248
2708,2021-10-25 02:10:49,516079,17.948859930038452
2709,2021-10-25 02:10:59,516079,17.79115080833435
2710,2021-10-25 03:10:10,516079,17.90509581565857
2711,2021-10-25 03:10:37,516079,17.621294260025024
2712,2021-10-25 03:10:37,516079,17.8226900100708
2713,2021-10-25 03:10:38,516079,17.85614013671875
2714,2021-10-25 03:10:42,516079,17.59584903717041
2715,2021-10-25 03:10:54,516079,17.625420093536377
2716,2021-10-25 04:10:04,516079,17.561440467834473
2717,2021-10-25 04:10:17,516079,17.793030738830566
2718,2021-10-25 04:10:47,516079,17.891404628753662
2719,2021-10-25 04:10:55,516079,17.975584268569946
2720,2021-10-25 04:10:57,516079,17.814350128173828
2721,2021-10-25 06:10:38,516079,17.903289794921875
2722,2021-10-25 06:10:42,516079,17.7811598777771
2723,2021-10-25 02:10:08,516080,17.92547583580017
2724,2021-10-25 02:10:55,516080,17.584339380264282
2725,2021-10-25 03:10:41,516080,17.859140634536743
2726,2021-10-25 06:10:12,516080,17.847540378570557
2727,2021-10-25 06:10:20,516080,17.762619256973267
2728,2021-10-25 06:10:33,516080,17.81646490097046
2729,2021-10-25 06:10:37,516080,17.757275104522705
2730,2021-10-25 06:10:49,516080,17.59729504585266
2731,2021-10-25 02:10:56,516081,17.714990377426147
2732,2021-10-25 03:10:29,516081,17.742425203323364
2733,2021-10-25 04:10:22,516081,17.97455906867981
2734,2021-10-25 04:10:25,516081,17.7972149848938
2735,2021-10-25 04:10:41,516081,18.13201069831848
2736,2021-10-25 06:10:01,516081,17.79347538948059
2737,2021-10-25 06:10:05,516081,17.78612494468689
2738,2021-10-25 06:10:57,516081,17.420990467071533
2739,2021-10-25 07:10:08,516081,17.606234550476074
2740,2021-10-25 07:10:17,516081,17.80118465423584
2741,2021-10-25 07:10:44,516081,17.799090147018433
2742,2021-10-25 07:10:51,516081,17.761975526809692
2743,2021-10-25 08:10:04,516081,17.803380489349365
2744,2021-10-25 08:10:29,516081,17.931954860687256
2745,2021-10-25 09:10:03,516081,17.84448504447937
2746,2021-10-25 07:10:07,516082,17.721434831619263
2747,2021-10-25 07:10:58,516082,17.931209802627563
2748,2021-10-25 09:10:07,516082,17.80050039291382
2749,2021-10-25 09:10:20,516082,17.908964157104492
2750,2021-10-25 07:10:19,516083,17.850334644317627
2751,2021-10-25 07:10:28,516083,17.97670006752014
2752,2021-10-25 09:10:20,516083,17.788565158843994
2753,2021-10-25 09:10:30,516083,17.78025507926941
2754,2021-10-25 09:10:36,516083,17.85122513771057
2755,2021-10-25 10:10:04,516083,17.824095487594604
2756,2021-10-25 10:10:09,516083,17.889760732650757
2757,2021-10-25 10:10:47,516083,18.032649755477905
2758,2021-10-25 10:10:54,516083,17.76634454727173
2759,2021-10-26 12:10:24,516083,17.862999439239502
2760,2021-10-25 10:10:26,516084,17.84788489341736
2761,2021-10-25 11:10:10,516084,17.87276029586792
2762,2021-10-25 11:10:19,516084,17.752894163131714
2763,2021-10-26 12:10:45,516084,17.999489307403564
2764,2021-10-25 11:10:35,516085,17.812365293502808
2765,2021-10-26 01:10:09,516085,17.7655291557312
2766,2021-10-26 02:10:35,516085,17.622954845428467
2767,2021-10-26 03:10:19,516085,17.744795083999634
2768,2021-10-26 12:10:27,516085,17.64236569404602
2769,2021-10-26 01:10:58,516086,17.716305255889893
2770,2021-10-26 02:10:55,516086,17.908769845962524
2771,2021-10-26 01:10:18,516087,17.81785488128662
2772,2021-10-26 01:10:35,516087,17.792710065841675
2773,2021-10-26 02:10:14,516087,17.988460063934326
2774,2021-10-26 02:10:21,516087,17.850745916366577
2775,2021-10-26 02:10:29,516087,17.7005398273468
2776,2021-10-26 02:10:38,516087,17.77456521987915
2777,2021-10-26 02:10:16,516090,17.88841485977173
2778,2021-10-26 03:10:47,516090,17.818034887313843
2779,2021-10-26 02:10:19,516091,17.75773525238037
2780,2021-10-26 02:10:24,516092,17.873950004577637
2781,2021-10-26 03:10:13,516092,17.80695915222168
2782,2021-10-26 02:10:13,516093,18.16651940345764
2783,2021-10-26 03:10:26,516093,17.829275131225586
2784,2021-10-26 03:10:26,516093,17.697540521621704
2785,2021-10-26 04:10:29,516093,17.570505142211914
2786,2021-10-26 04:10:42,516093,17.886794805526733
2787,2021-10-26 04:10:47,516093,17.837740182876587
2788,2021-10-26 03:10:56,516094,17.792375087738037
2789,2021-10-26 04:10:31,516094,17.80552387237549
2790,2021-10-26 04:10:06,516096,17.896305322647095
2791,2021-10-26 04:10:40,516096,17.759225368499756
2792,2021-10-26 05:10:43,516096,17.85451054573059
2793,2021-10-26 05:10:52,516096,17.885605096817017
2794,2021-10-26 05:10:18,516097,17.779430150985718
2795,2021-10-26 05:10:44,516097,17.87963032722473
2796,2021-10-26 07:10:32,516098,17.913994789123535
2797,2021-10-26 07:10:43,516098,17.994855642318726
2798,2021-10-26 07:10:54,516098,17.926024198532104
2799,2021-10-26 08:10:01,516098,17.92796492576599
2800,2021-10-26 08:10:11,516098,17.823514938354492
2801,2021-10-26 08:10:14,516098,17.809489965438843
2802,2021-10-26 08:10:25,516098,17.661725282669067
2803,2021-10-26 08:10:45,516098,17.864519357681274
2804,2021-10-26 08:10:52,516098,17.8719699382782
2805,2021-10-26 08:10:57,516098,17.770649194717407
2806,2021-10-26 09:10:28,516098,17.887760400772095
2807,2021-10-26 01:10:01,516099,17.738945484161377
2808,2021-10-26 01:10:18,516099,17.77492046356201
2809,2021-10-26 01:10:21,516099,17.779475450515747
2810,2021-10-26 01:10:26,516099,17.756284475326538
2811,2021-10-26 02:10:13,516099,17.846200466156006
2812,2021-10-26 02:10:40,516099,17.790465354919434
2813,2021-10-26 02:10:41,516099,17.887510061264038
2814,2021-10-26 02:10:50,516099,17.514220476150513
2815,2021-10-26 02:10:55,516099,17.88960099220276
2816,2021-10-26 03:10:28,516099,17.812575101852417
2817,2021-10-26 12:10:42,516099,17.916535139083862
2818,2021-10-26 12:10:48,516099,17.763919830322266
2819,2021-10-26 02:10:24,516100,17.709510326385498
2820,2021-10-26 03:10:23,516100,17.385170459747314
2821,2021-10-26 03:10:57,516100,17.86761999130249
2822,2021-10-26 04:10:16,516100,17.599035501480103
2823,2021-10-26 04:10:17,516100,17.957839965820312
2824,2021-10-26 04:10:34,516100,17.74856448173523
2825,2021-10-26 03:10:00,516101,17.736060619354248
2826,2021-10-26 04:10:36,516101,17.98736572265625
2827,2021-10-26 03:10:40,516102,17.79595971107483
2828,2021-10-26 05:10:38,516102,17.84021019935608
2829,2021-10-26 06:10:06,516102,17.823314666748047
2830,2021-10-26 06:10:59,516102,17.786184549331665
2831,2021-10-26 04:10:19,516103,17.548065185546875
2832,2021-10-26 04:10:21,516103,17.827070951461792
2833,2021-10-26 04:10:47,516103,17.7983295917511
2834,2021-10-26 04:10:50,516103,17.82125949859619
2835,2021-10-26 04:10:51,516103,17.611279487609863
2836,2021-10-26 04:10:55,516103,17.957040071487427
2837,2021-10-26 05:10:52,516103,17.64399528503418
2838,2021-10-26 06:10:14,516103,17.848830223083496
2839,2021-10-26 06:10:23,516103,17.793254852294922
2840,2021-10-26 06:10:35,516103,17.852895259857178
2841,2021-10-26 06:10:43,516103,17.762980461120605
2842,2021-10-26 06:10:57,516103,17.725040912628174
2843,2021-10-26 07:10:50,516103,17.570335865020752
2844,2021-10-26 05:10:07,516104,17.925679683685303
2845,2021-10-26 05:10:52,516104,17.86036968231201
2846,2021-10-26 05:10:55,516104,17.829335927963257
2847,2021-10-26 07:10:04,516104,17.82729983329773
2848,2021-10-26 07:10:17,516104,17.716909646987915
2849,2021-10-26 07:10:20,516104,17.919495105743408
2850,2021-10-26 07:10:57,516107,17.741549015045166
2851,2021-10-26 09:10:30,516107,17.695544958114624
2852,2021-10-26 08:10:46,516108,17.891054153442383
2853,2021-10-26 08:10:50,516108,17.723815441131592
2854,2021-10-26 10:10:10,516108,17.731075286865234
2855,2021-10-26 10:10:51,516108,18.004965782165527
2856,2021-10-26 10:10:58,516108,17.682900428771973
2857,2021-10-26 11:10:08,516108,17.649449110031128
2858,2021-10-26 11:10:13,516108,17.776435613632202
2859,2021-10-26 11:10:22,516108,17.66519546508789
2860,2021-10-26 09:10:07,516109,17.689210176467896
2861,2021-10-26 09:10:33,516109,17.83740520477295
2862,2021-10-26 09:10:49,516109,17.87516951560974
2863,2021-10-26 10:10:26,516109,17.71116018295288
2864,2021-10-26 10:10:31,516109,17.69217014312744
2865,2021-10-26 11:10:08,516109,17.549420595169067
2866,2021-10-26 11:10:18,516109,17.60583996772766
2867,2021-10-26 11:10:38,516109,17.649965286254883
2868,2021-10-26 10:10:02,516112,17.782005071640015
2869,2021-10-26 10:10:41,516112,17.66013503074646
2870,2021-10-26 11:10:26,516112,17.595144510269165
2871,2021-10-26 11:10:35,516112,17.546875476837158
2872,2021-10-27 12:10:10,516112,17.420109510421753
2873,2021-10-27 12:10:15,516112,17.65267014503479
2874,2021-10-26 10:10:38,516114,17.51895546913147
2875,2021-10-26 11:10:53,516114,17.819440364837646
2876,2021-10-26 11:10:36,516116,17.57636070251465
2877,2021-10-26 11:10:42,516116,17.807000875473022
2878,2021-10-27 12:10:29,516116,17.800254821777344
2879,2021-10-27 12:10:59,516116,17.60872483253479
2880,2021-10-26 11:10:51,516117,17.803059816360474
2881,2021-10-27 01:10:00,516117,17.94980525970459
2882,2021-10-27 01:10:12,516117,17.650065422058105
2883,2021-10-27 01:10:34,516117,17.90297508239746
2884,2021-10-27 01:10:43,516117,17.48173475265503
2885,2021-10-27 12:10:17,516117,17.641390562057495
2886,2021-10-27 12:10:20,516117,17.906129360198975
2887,2021-10-27 12:10:51,516117,17.765400409698486
2888,2021-10-27 01:10:16,516119,17.679485082626343
2889,2021-10-27 01:10:31,516119,17.71988034248352
2890,2021-10-27 02:10:10,516119,17.67093062400818
2891,2021-10-27 03:10:12,516119,17.578985691070557
2892,2021-10-27 03:10:31,516119,17.75852084159851
2893,2021-10-27 03:10:36,516119,17.67236590385437
2894,2021-10-27 04:10:54,516122,17.896565198898315
2895,2021-10-27 04:10:30,516124,17.810540199279785
2896,2021-10-27 05:10:37,516124,17.75134563446045
2897,2021-10-27 06:10:38,516126,17.596124410629272
2898,2021-10-27 07:10:02,516126,17.719930410385132
2899,2021-10-27 06:10:49,516127,17.86984086036682
2900,2021-10-27 07:10:02,516128,17.524714469909668
2901,2021-10-27 07:10:02,516128,17.79405951499939
2902,2021-10-27 07:10:35,516128,17.426825761795044
2903,2021-10-27 08:10:09,516128,17.825485467910767
2904,2021-10-27 08:10:49,516128,17.617214918136597
2905,2021-10-27 09:10:26,516128,17.652199268341064
2906,2021-10-27 09:10:28,516128,17.306740283966064
2907,2021-10-27 09:10:38,516128,17.490484714508057
2908,2021-10-27 08:10:25,516129,17.690269947052002
2909,2021-10-27 09:10:16,516129,17.760905027389526
2910,2021-10-27 09:10:03,516130,17.617489099502563
2911,2021-10-27 10:10:48,516130,17.64782428741455
2912,2021-10-27 01:10:04,516133,17.822834253311157
2913,2021-10-27 01:10:33,516133,17.736639976501465
2914,2021-10-27 02:10:22,516133,17.718729972839355
2915,2021-10-27 02:10:26,516133,17.293620109558105
2916,2021-10-27 02:10:42,516133,17.82392978668213
2917,2021-10-27 02:10:55,516133,17.652355432510376
2918,2021-10-27 03:10:07,516133,17.690484523773193
2919,2021-10-27 03:10:21,516133,17.636555433273315
2920,2021-10-27 03:10:27,516133,17.57667064666748
2921,2021-10-27 04:10:29,516133,17.41199493408203
2922,2021-10-27 04:10:39,516133,17.72117018699646
2923,2021-10-27 04:10:46,516133,17.852894067764282
2924,2021-10-27 04:10:56,516133,17.61415958404541
2925,2021-10-27 12:10:07,516133,17.642760276794434
2926,2021-10-27 04:10:15,516134,17.5849449634552
2927,2021-10-27 04:10:22,516134,17.677459716796875
2928,2021-10-27 04:10:51,516134,17.85687565803528
2929,2021-10-27 05:10:05,516134,17.849349975585938
2930,2021-10-27 05:10:44,516134,17.815650701522827
2931,2021-10-27 06:10:21,516134,17.63611912727356
2932,2021-10-27 06:10:50,516134,17.488574981689453
2933,2021-10-27 10:10:10,516134,17.685699462890625
2934,2021-10-27 10:10:41,516134,17.648754119873047
2935,2021-10-27 10:10:59,516134,17.395039796829224
2936,2021-10-27 06:10:43,516136,17.63013005256653
2937,2021-10-27 07:10:20,516136,17.81009554862976
2938,2021-10-27 06:10:47,516138,17.644835710525513
2939,2021-10-27 09:10:48,516138,17.545320987701416
2940,2021-10-27 07:10:14,516139,17.808220386505127
2941,2021-10-27 07:10:38,516139,17.745134830474854
2942,2021-10-27 09:10:13,516139,17.682849168777466
2943,2021-10-27 11:10:12,516139,17.408164739608765
2944,2021-10-27 11:10:28,516139,17.443599700927734
2945,2021-10-28 12:10:43,516139,17.719454765319824
2946,2021-10-28 01:10:55,516140,17.74832010269165
2947,2021-10-28 02:10:07,516140,17.701435089111328
2948,2021-10-28 02:10:54,516140,17.456640005111694
2949,2021-10-28 12:10:40,516140,17.89562463760376
2950,2021-10-28 03:10:28,516144,17.688651084899902
2951,2021-10-28 04:10:12,516144,17.25395441055298
2952,2021-10-28 04:10:48,516146,17.669605016708374
2953,2021-10-28 04:10:47,516149,17.621374130249023
2954,2021-10-28 06:10:37,516149,17.720634937286377
2955,2021-10-28 05:10:34,516150,17.72135019302368
2956,2021-10-28 06:10:14,516150,17.53469467163086
2957,2021-10-28 06:10:45,516150,17.872813940048218
2958,2021-10-28 06:10:59,516150,17.585350275039673
2959,2021-10-28 05:10:10,516151,17.672215700149536
2960,2021-10-28 06:10:10,516151,17.788255214691162
2961,2021-10-28 05:10:13,516152,17.828999757766724
2962,2021-10-28 06:10:04,516152,17.804840803146362
2963,2021-10-28 06:10:29,516152,17.858599424362183
2964,2021-10-28 06:10:40,516152,17.706459760665894
2965,2021-10-28 05:10:53,516153,17.639485597610474
2966,2021-10-28 06:10:00,516153,17.709325551986694
2967,2021-10-28 06:10:13,516159,17.736505270004272
2968,2021-10-28 07:10:15,516159,17.761294841766357
2969,2021-10-28 07:10:50,516159,18.05472493171692
2970,2021-10-28 07:10:57,516159,17.803455591201782
2971,2021-10-28 08:10:05,516163,17.75965929031372
2972,2021-10-28 08:10:20,516163,17.46667981147766
2973,2021-10-28 08:10:49,516163,17.627145051956177
2974,2021-10-28 09:10:17,516163,17.597625255584717
2975,2021-10-28 09:10:36,516163,17.46180534362793
2976,2021-10-28 10:10:26,516163,17.458595037460327
2977,2021-10-28 10:10:40,516163,17.747515439987183
2978,2021-10-28 10:10:41,516163,17.58502960205078
2979,2021-10-28 10:10:51,516163,17.5843346118927
2980,2021-10-28 11:10:45,516163,17.77793049812317
2981,2021-10-28 04:10:24,516164,17.68689513206482
2982,2021-10-28 04:10:29,516164,17.63781428337097
2983,2021-10-28 11:10:04,516164,17.57106065750122
2984,2021-10-28 12:10:10,516164,17.6030695438385
2985,2021-10-28 05:10:42,516165,17.650104761123657
2986,2021-10-28 05:10:59,516165,17.54091501235962
2987,2021-10-28 06:10:56,516165,17.623355388641357
2988,2021-10-28 07:10:12,516165,17.6409649848938
2989,2021-10-28 07:10:31,516165,17.32593059539795
2990,2021-10-28 07:10:58,516165,17.643181085586548
2991,2021-10-28 06:10:04,516166,17.841860055923462
2992,2021-10-28 06:10:19,516168,17.52020001411438
2993,2021-10-28 07:10:30,516168,17.507565021514893
2994,2021-10-28 08:10:34,516168,17.4219810962677
2995,2021-10-28 08:10:34,516168,17.357839345932007
2996,2021-10-28 07:10:01,516169,17.58111596107483
2997,2021-10-28 11:10:28,516169,17.477535009384155
2998,2021-10-29 12:10:03,516169,17.220144271850586
2999,2021-10-29 12:10:29,516169,17.734655141830444
3000,2021-10-28 06:10:43,516170,17.516125440597534
3001,2021-10-28 09:10:56,516170,17.538275718688965
3002,2021-10-28 11:10:53,516170,17.43901491165161
3003,2021-10-29 12:10:58,516170,17.548094987869263
3004,2021-10-29 01:10:59,516171,17.604585886001587
3005,2021-10-29 02:10:05,516171,17.601394653320312
3006,2021-10-29 02:10:10,516171,17.435879707336426
3007,2021-10-29 02:10:51,516171,17.39324927330017
3008,2021-10-29 03:10:29,516171,17.348510026931763
3009,2021-10-29 03:10:46,516171,17.412655353546143
3010,2021-10-29 02:10:43,516172,17.532880306243896
3011,2021-10-29 05:10:37,516172,17.42933988571167
3012,2021-10-29 03:10:18,516174,17.443314790725708
3013,2021-10-29 06:10:42,516174,17.20728039741516
3014,2021-10-29 07:10:20,516174,17.548980712890625
3015,2021-10-29 08:10:48,516174,17.443255186080933
3016,2021-10-29 08:10:25,516175,17.526899576187134
3017,2021-10-29 09:10:29,516175,17.5450599193573
3018,2021-10-29 01:10:46,516176,17.830649614334106
3019,2021-10-29 02:10:00,516176,17.232630252838135
3020,2021-10-29 02:10:36,516176,17.633700370788574
3021,2021-10-29 08:10:47,516176,17.603695392608643
3022,2021-10-29 09:10:13,516176,17.662434577941895
3023,2021-10-29 09:10:35,516176,17.748745679855347
3024,2021-10-29 09:10:37,516176,17.577439546585083
3025,2021-10-29 09:10:54,516176,17.449125051498413
3026,2021-10-29 09:10:56,516176,17.60692000389099
3027,2021-10-29 10:10:12,516176,17.564085721969604
3028,2021-10-29 10:10:17,516176,17.552191019058228
3029,2021-10-29 10:10:19,516176,17.59358525276184
3030,2021-10-29 10:10:23,516176,17.644890546798706
3031,2021-10-29 10:10:36,516176,17.474454641342163
3032,2021-10-29 10:10:40,516176,17.601394653320312
3033,2021-10-29 11:10:20,516176,17.642585039138794
3034,2021-10-29 11:10:22,516176,17.593929767608643
3035,2021-10-29 11:10:46,516176,17.393609285354614
3036,2021-10-29 11:10:49,516176,17.527555227279663
3037,2021-10-29 11:10:56,516176,17.56043553352356
3038,2021-10-29 12:10:15,516176,17.84797430038452
3039,2021-10-29 12:10:19,516176,17.793879508972168
3040,2021-10-29 01:10:52,516177,17.803739309310913
3041,2021-10-29 02:10:26,516177,17.661374807357788
3042,2021-10-29 02:10:38,516177,17.44762420654297
3043,2021-10-29 04:10:11,516177,17.821524143218994
3044,2021-10-29 05:10:28,516177,17.58807897567749
3045,2021-10-29 05:10:34,516177,17.719295024871826
3046,2021-10-29 08:10:12,516177,17.686774730682373
3047,2021-10-29 08:10:17,516177,17.697749137878418
3048,2021-10-29 08:10:30,516177,17.528475522994995
3049,2021-10-29 09:10:11,516177,17.571275234222412
3050,2021-10-29 10:10:21,516177,17.59145498275757
3051,2021-10-29 10:10:35,516177,17.588839530944824
3052,2021-10-29 10:10:35,516177,17.647899389266968
3053,2021-10-29 10:10:40,516177,17.736904621124268
3054,2021-10-29 11:10:12,516177,17.795549631118774
3055,2021-10-29 11:10:49,516177,17.59218454360962
3056,2021-10-29 02:10:17,516178,17.900274991989136
3057,2021-10-29 03:10:51,516178,17.63705611228943
3058,2021-10-29 04:10:32,516178,17.803105115890503
3059,2021-10-29 04:10:48,516178,17.42101550102234
3060,2021-10-29 05:10:07,516178,17.515569925308228
3061,2021-10-29 05:10:32,516178,17.461609840393066
3062,2021-10-29 05:10:45,516178,17.848269939422607
3063,2021-10-29 06:10:22,516178,17.669894695281982
3064,2021-10-29 05:10:05,516179,17.728410959243774
3065,2021-10-29 07:10:36,516179,17.727850675582886
3066,2021-10-29 10:10:20,516179,17.641605138778687
3067,2021-10-29 11:10:04,516179,17.72671937942505
3068,2021-10-29 11:10:32,516179,17.361574172973633
3069,2021-10-29 11:10:42,516179,17.716164588928223
3070,2021-10-29 11:10:57,516179,17.66880989074707
3071,2021-10-30 01:10:13,516179,17.59429931640625
3072,2021-10-30 01:10:43,516179,17.552415132522583
3073,2021-10-30 12:10:01,516179,17.74435043334961
3074,2021-10-29 11:10:31,516180,17.711015939712524
3075,2021-10-30 01:10:02,516180,17.56119966506958
3076,2021-10-30 03:10:01,516180,17.50520944595337
3077,2021-10-30 03:10:11,516180,17.50432014465332
3078,2021-10-30 12:10:03,516180,17.47735023498535
3079,2021-10-30 12:10:15,516180,17.563340663909912
3080,2021-10-29 09:10:39,516181,17.652225494384766
3081,2021-10-29 10:10:01,516181,17.695529460906982
3082,2021-10-29 11:10:00,516181,17.550079822540283
3083,2021-10-29 11:10:58,516181,17.440979480743408
3084,2021-10-30 01:10:15,516181,17.497425079345703
3085,2021-10-30 02:10:10,516181,17.506630420684814
3086,2021-10-30 02:10:52,516181,17.593320608139038
3087,2021-10-30 03:10:46,516181,17.5940203666687
3088,2021-10-30 04:10:11,516181,17.509385347366333
3089,2021-10-30 05:10:45,516181,17.37599492073059
3090,2021-10-30 06:10:04,516181,17.610790729522705
3091,2021-10-30 06:10:44,516181,17.60271430015564
3092,2021-10-30 07:10:28,516181,17.32669949531555
3093,2021-10-30 07:10:31,516181,17.64237403869629
3094,2021-10-30 07:10:36,516181,17.603440284729004
3095,2021-10-30 07:10:48,516181,17.637906074523926
3096,2021-10-30 07:10:58,516181,17.610169649124146
3097,2021-10-30 08:10:48,516181,17.340915203094482
3098,2021-10-30 07:10:25,516182,17.36847996711731
3099,2021-10-30 07:10:36,516182,17.294565439224243
3100,2021-10-30 07:10:41,516182,17.633700370788574
3101,2021-10-30 08:10:14,516182,17.310456037521362
3102,2021-10-30 08:10:25,516182,17.561469078063965
3103,2021-10-30 08:10:51,516182,17.690590620040894
3104,2021-10-30 09:10:06,516182,17.095489501953125
3105,2021-10-30 09:10:42,516182,17.444865703582764
3106,2021-10-31 09:10:17,516182,17.474730014801025
3107,2021-10-31 09:10:19,516182,17.24599003791809
3108,2021-10-31 09:10:31,516182,17.379724979400635
3109,2021-10-31 09:10:42,516182,17.250540256500244
3110,2021-10-30 08:10:21,516184,17.506150007247925
3111,2021-10-30 08:10:58,516184,17.399685382843018
3112,2021-10-30 09:10:08,516184,17.41189479827881
3113,2021-10-30 09:10:55,516184,17.892554998397827
3114,2021-10-30 10:10:19,516184,17.404029369354248
3115,2021-10-30 10:10:32,516184,17.533689737319946
3116,2021-10-30 09:10:15,516187,17.650809288024902
3117,2021-10-30 10:10:36,516187,17.505364418029785
3118,2021-10-30 10:10:56,516189,17.468255758285522
3119,2021-10-30 11:10:23,516189,17.627015113830566
3120,2021-10-30 02:10:44,516190,17.47704029083252
3121,2021-10-30 03:10:37,516190,17.17728018760681
3122,2021-10-30 05:10:35,516190,17.41850972175598
3123,2021-10-30 05:10:41,516190,17.25469946861267
3124,2021-10-31 09:10:23,516190,17.152904272079468
3125,2021-10-31 09:10:24,516190,17.285159826278687
3126,2021-10-31 09:10:27,516190,17.644490003585815
3127,2021-10-31 09:10:38,516190,17.13373899459839
3128,2021-10-30 04:10:50,516193,17.490170001983643
3129,2021-10-30 05:10:01,516193,17.610784769058228
3130,2021-10-30 05:10:13,516193,17.621101140975952
3131,2021-10-30 06:10:53,516193,17.58588433265686
3132,2021-10-30 07:10:17,516193,17.445764541625977
3133,2021-10-30 07:10:30,516193,17.578295469284058
3134,2021-10-30 07:10:35,516194,17.585885524749756
3135,2021-10-30 10:10:17,516194,17.561285495758057
3136,2021-10-31 05:10:35,516194,17.737820148468018
3137,2021-10-31 06:10:09,516194,17.212084531784058
3138,2021-10-31 06:10:26,516194,17.551850080490112
3139,2021-10-31 06:10:45,516194,17.43861436843872
3140,2021-10-31 01:10:49,516195,17.38556981086731
3141,2021-10-31 01:10:50,516195,17.63617992401123
3142,2021-10-31 11:10:57,516195,17.707995176315308
3143,2021-10-31 12:10:07,516195,17.54662036895752
3144,2021-10-31 04:10:04,516199,17.611289024353027
3145,2021-10-31 05:10:31,516199,17.637075185775757
3146,2021-10-31 06:10:34,516199,17.641549110412598
3147,2021-10-31 07:10:15,516199,17.229595184326172
3148,2021-10-31 07:10:42,516199,17.668355703353882
3149,2021-10-31 09:10:01,516199,17.6009202003479
3150,2021-10-31 09:10:04,516199,17.74944543838501
3151,2021-10-31 09:10:09,516199,17.66118049621582
3152,2021-10-31 09:10:11,516199,17.511515617370605
3153,2021-10-31 09:10:47,516199,17.495570182800293
3154,2021-10-31 10:10:17,516199,17.69795536994934
3155,2021-10-31 10:10:24,516199,17.437139749526978
3156,2021-10-31 10:10:34,516199,17.83987522125244
3157,2021-10-31 10:10:57,516199,17.569584846496582
3158,2021-10-31 11:10:00,516199,17.64573574066162
3159,2021-10-31 11:10:07,516199,17.484819889068604
3160,2021-10-31 11:10:08,516199,17.309880256652832
3161,2021-10-31 11:10:12,516199,17.4465548992157
3162,2021-10-31 11:10:37,516199,17.586965560913086
3163,2021-10-31 11:10:41,516199,17.616300582885742
3164,2021-10-31 11:10:43,516199,17.62216567993164
3165,2021-11-01 12:11:12,516199,17.42971420288086
3166,2021-11-01 12:11:43,516199,17.550435066223145
3167,2021-11-01 12:11:46,516199,17.489705085754395
3168,2021-11-01 06:11:58,516207,17.517764568328857
3169,2021-11-01 07:11:00,516207,17.348324060440063
3170,2021-11-01 01:11:11,516217,17.34050989151001
3171,2021-11-01 01:11:53,516217,17.377355098724365
3172,2021-11-01 04:11:37,516217,17.531715631484985
3173,2021-11-01 11:11:03,516217,17.441669702529907
3174,2021-11-01 11:11:05,516217,17.290010452270508
3175,2021-11-01 11:11:22,516217,17.39023447036743
3176,2021-11-01 11:11:47,516217,17.149345874786377
3177,2021-11-01 11:11:58,516217,17.47369408607483
3178,2021-11-01 12:11:15,516217,17.812575101852417
3179,2021-11-01 12:11:24,516217,17.59949564933777
3180,2021-11-01 12:11:36,516217,17.576824426651
3181,2021-11-01 12:11:45,516217,17.58787989616394
3182,2021-11-01 12:11:55,516217,17.388299703598022
3183,2021-11-01 03:11:45,516219,17.43897557258606
3184,2021-11-01 04:11:30,516219,17.569174766540527
3185,2021-11-01 05:11:02,516219,17.462385892868042
3186,2021-11-01 05:11:07,516219,17.399519681930542
3187,2021-11-01 05:11:12,516219,17.223474979400635
3188,2021-11-01 06:11:08,516219,17.465245723724365
3189,2021-11-01 05:11:55,516221,17.4532151222229
3190,2021-11-01 07:11:04,516221,17.555904388427734
3191,2021-11-01 07:11:12,516221,17.551064491271973
3192,2021-11-01 07:11:31,516221,17.43040442466736
3193,2021-11-01 06:11:58,516222,17.52027988433838
3194,2021-11-01 07:11:59,516222,17.1967351436615
3195,2021-11-01 10:11:10,516223,17.169610261917114
3196,2021-11-01 11:11:39,516223,17.331794500350952
3197,2021-11-02 01:11:35,516223,17.58958101272583
3198,2021-11-02 03:11:20,516223,17.347004413604736
3199,2021-11-02 12:11:09,516223,17.37557053565979
3200,2021-11-02 12:11:49,516223,17.248644828796387
3201,2021-11-02 03:11:50,516224,17.633529901504517
3202,2021-11-02 05:11:21,516224,17.64460563659668
3203,2021-11-02 06:11:36,516225,17.30560064315796
3204,2021-11-02 07:11:03,516225,17.483670711517334
3205,2021-11-02 08:11:03,516225,17.46606469154358
3206,2021-11-02 08:11:56,516225,17.114484310150146
3207,2021-11-02 06:11:26,516226,17.424405813217163
3208,2021-11-02 08:11:19,516226,17.61251926422119
3209,2021-11-02 10:11:11,516227,17.71243929862976
3210,2021-11-02 10:11:37,516227,17.635765075683594
3211,2021-11-02 11:11:03,516227,17.615818977355957
3212,2021-11-02 11:11:06,516227,17.472480535507202
3213,2021-11-02 12:11:37,516227,17.66108989715576
3214,2021-11-02 12:11:43,516227,17.642180919647217
3215,2021-11-02 01:11:18,516228,17.48255491256714
3216,2021-11-02 01:11:37,516228,17.555094957351685
3217,2021-11-02 01:11:49,516228,17.527029514312744
3218,2021-11-02 02:11:01,516228,17.46787428855896
3219,2021-11-02 02:11:04,516228,17.456295490264893
3220,2021-11-02 02:11:47,516228,17.34744429588318
3221,2021-11-02 03:11:26,516228,17.425740957260132
3222,2021-11-02 03:11:35,516228,17.421400547027588
3223,2021-11-02 05:11:56,516228,17.51344919204712
3224,2021-11-02 12:11:15,516228,17.598994970321655
3225,2021-11-02 12:11:23,516228,17.44590401649475
3226,2021-11-02 12:11:33,516228,17.449424266815186
3227,2021-11-02 01:11:27,516229,17.511245012283325
3228,2021-11-02 01:11:54,516229,17.444779872894287
3229,2021-11-02 02:11:56,516229,17.4117648601532
3230,2021-11-02 03:11:08,516229,17.74556040763855
3231,2021-11-02 03:11:13,516229,17.512015104293823
3232,2021-11-02 03:11:18,516229,17.603679895401
3233,2021-11-02 03:11:19,516229,17.439734935760498
3234,2021-11-02 03:11:42,516229,17.680954933166504
3235,2021-11-02 03:11:58,516229,17.298229932785034
3236,2021-11-02 04:11:07,516229,17.474775314331055
3237,2021-11-02 04:11:11,516229,17.67881989479065
3238,2021-11-02 04:11:15,516229,17.56612539291382
3239,2021-11-02 04:11:39,516229,17.5423800945282
3240,2021-11-02 04:11:40,516229,17.47428059577942
3241,2021-11-02 05:11:04,516229,17.343465089797974
3242,2021-11-02 05:11:33,516229,17.50872015953064
3243,2021-11-02 06:11:50,516229,17.46214509010315
3244,2021-11-02 05:11:19,516231,17.408480644226074
3245,2021-11-02 06:11:14,516231,17.373595237731934
3246,2021-11-02 06:11:03,516232,17.753994464874268
3247,2021-11-02 06:11:58,516232,17.458494901657104
3248,2021-11-02 07:11:11,516232,17.49658465385437
3249,2021-11-02 07:11:19,516232,17.458655834197998
3250,2021-11-02 07:11:42,516232,17.42395043373108
3251,2021-11-02 07:11:42,516232,17.42598056793213
3252,2021-11-02 07:11:45,516232,17.361865043640137
3253,2021-11-02 08:11:17,516232,17.66937017440796
3254,2021-11-02 08:11:28,516232,17.594879865646362
3255,2021-11-02 08:11:48,516232,17.389174699783325
3256,2021-11-02 08:11:49,516232,17.638880014419556
3257,2021-11-02 08:11:52,516232,17.744275331497192
3258,2021-11-02 08:11:56,516232,17.431514263153076
3259,2021-11-02 09:11:14,516232,17.459384202957153
3260,2021-11-02 09:11:19,516232,17.625069618225098
3261,2021-11-02 09:11:46,516232,17.67688512802124
3262,2021-11-02 09:11:53,516232,17.47879981994629
3263,2021-11-02 10:11:01,516232,17.401914596557617
3264,2021-11-02 10:11:16,516232,17.51766085624695
3265,2021-11-02 10:11:28,516232,17.57588505744934
3266,2021-11-02 10:11:30,516232,17.40135431289673
3267,2021-11-02 10:11:44,516232,17.256935834884644
3268,2021-11-02 10:11:45,516232,17.61462092399597
3269,2021-11-02 10:11:51,516232,17.425689697265625
3270,2021-11-02 11:11:04,516232,17.623995542526245
3271,2021-11-02 11:11:59,516232,17.543270587921143
3272,2021-11-02 10:11:27,516233,17.265654802322388
3273,2021-11-02 11:11:34,516233,17.644270658493042
3274,2021-11-03 01:11:03,516233,17.351315021514893
3275,2021-11-03 01:11:32,516233,17.52884030342102
3276,2021-11-03 01:11:42,516236,17.611030340194702
3277,2021-11-03 02:11:31,516236,17.531920671463013
3278,2021-11-03 02:11:17,516237,17.569830417633057
3279,2021-11-03 12:11:31,516237,17.29070544242859
3280,2021-11-03 01:11:33,516239,17.553155422210693
3281,2021-11-03 02:11:05,516239,17.568129301071167
3282,2021-11-03 02:11:22,516239,17.389425039291382
3283,2021-11-03 12:11:04,516239,17.412824630737305
3284,2021-11-03 05:11:46,516243,17.63540029525757
3285,2021-11-03 05:11:49,516243,17.49113917350769
3286,2021-11-03 06:11:02,516243,17.583675384521484
3287,2021-11-03 06:11:19,516243,17.493184804916382
3288,2021-11-03 07:11:09,516243,17.547014951705933
3289,2021-11-03 07:11:58,516243,17.41773009300232
3290,2021-11-03 06:11:49,516244,17.27645993232727
3291,2021-11-03 07:11:34,516244,17.571665048599243
3292,2021-11-03 07:11:53,516244,17.538310289382935
3293,2021-11-03 07:11:59,516244,17.443840503692627
3294,2021-11-03 08:11:04,516244,17.550140619277954
3295,2021-11-03 08:11:56,516244,17.593170404434204
3296,2021-11-03 09:11:17,516244,17.530115842819214
3297,2021-11-03 10:11:59,516244,17.49879479408264
3298,2021-11-03 11:11:02,516244,17.44545578956604
3299,2021-11-03 01:11:39,516245,17.50795602798462
3300,2021-11-03 01:11:57,516245,17.603265047073364
3301,2021-11-03 10:11:23,516245,17.7144455909729
3302,2021-11-03 11:11:57,516245,17.32636570930481
3303,2021-11-03 12:11:09,516245,17.532150745391846
3304,2021-11-03 12:11:14,516245,17.53206968307495
3305,2021-11-03 02:11:07,516246,17.73134469985962
3306,2021-11-03 02:11:35,516247,17.7931809425354
3307,2021-11-03 02:11:47,516247,17.472699880599976
3308,2021-11-03 03:11:31,516247,17.337639331817627
3309,2021-11-03 02:11:15,516248,17.65310525894165
3310,2021-11-03 03:11:21,516248,17.48720407485962
3311,2021-11-03 03:11:21,516248,17.255924940109253
3312,2021-11-03 04:11:36,516248,17.53987431526184
3313,2021-11-03 05:11:24,516248,17.384744882583618
3314,2021-11-03 04:11:13,516249,17.304755449295044
3315,2021-11-03 04:11:40,516249,17.717185020446777
3316,2021-11-03 04:11:42,516249,17.64443039894104
3317,2021-11-03 05:11:30,516249,17.515945434570312
3318,2021-11-03 05:11:34,516249,17.515690326690674
3319,2021-11-03 04:11:35,516250,17.587820291519165
3320,2021-11-03 06:11:13,516250,17.519609928131104
3321,2021-11-03 05:11:48,516251,17.383270263671875
3322,2021-11-03 05:11:48,516251,17.70588994026184
3323,2021-11-03 07:11:17,516251,17.775980234146118
3324,2021-11-03 05:11:47,516252,17.342690229415894
3325,2021-11-03 06:11:17,516252,17.6066792011261
3326,2021-11-03 07:11:57,516252,17.54232406616211
3327,2021-11-03 06:11:05,516253,17.44288444519043
3328,2021-11-03 06:11:19,516253,17.43539571762085
3329,2021-11-03 06:11:51,516253,17.571439743041992
3330,2021-11-03 09:11:50,516254,17.484384775161743
3331,2021-11-03 09:11:55,516254,17.450690269470215
3332,2021-11-03 09:11:57,516254,17.41028070449829
3333,2021-11-03 10:11:22,516254,17.56646990776062
3334,2021-11-03 10:11:28,516254,17.41671085357666
3335,2021-11-03 10:11:40,516254,17.440265417099
3336,2021-11-03 10:11:53,516254,17.37146496772766
3337,2021-11-03 10:11:06,516256,17.552520036697388
3338,2021-11-03 11:11:39,516256,17.58044958114624
3339,2021-11-04 01:11:05,516258,17.391364574432373
3340,2021-11-04 01:11:55,516258,17.332605123519897
3341,2021-11-04 12:11:13,516258,17.48473048210144
3342,2021-11-04 12:11:55,516258,17.476015090942383
3343,2021-11-04 04:11:30,516262,17.540905475616455
3344,2021-11-04 04:11:56,516262,17.346785068511963
3345,2021-11-04 06:11:38,516262,17.297154664993286
3346,2021-11-04 06:11:49,516262,17.28811025619507
3347,2021-11-04 05:11:20,516263,17.560904026031494
3348,2021-11-04 06:11:30,516263,17.256850004196167
3349,2021-11-04 06:11:29,516264,17.518025636672974
3350,2021-11-04 06:11:47,516264,17.568130493164062
3351,2021-11-04 07:11:09,516264,17.4400794506073
3352,2021-11-04 07:11:11,516264,17.314404249191284
3353,2021-11-04 07:11:21,516264,17.593430280685425
3354,2021-11-04 08:11:48,516264,17.373474836349487
3355,2021-11-04 07:11:29,516265,17.45725989341736
3356,2021-11-04 08:11:12,516267,17.509565353393555
3357,2021-11-04 08:11:43,516267,17.55118489265442
3358,2021-11-04 08:11:54,516267,17.64221429824829
3359,2021-11-04 09:11:35,516267,17.40583896636963
3360,2021-11-04 09:11:45,516267,17.357969284057617
3361,2021-11-04 09:11:58,516267,17.59155511856079
3362,2021-11-04 10:11:39,516267,17.498379945755005
3363,2021-11-04 10:11:58,516267,17.420804500579834
3364,2021-11-04 09:11:48,516268,17.495670318603516
3365,2021-11-04 10:11:52,516268,17.312099933624268
3366,2021-11-04 10:11:40,516270,17.670915126800537
3367,2021-11-04 11:11:07,516270,17.42304563522339
3368,2021-11-04 12:11:07,516270,17.234894037246704
3369,2021-11-04 12:11:08,516270,17.42629051208496
3370,2021-11-04 12:11:27,516270,17.656240463256836
3371,2021-11-04 01:11:44,516271,17.325960397720337
3372,2021-11-04 12:11:53,516271,17.566953897476196
3373,2021-11-04 01:11:12,516272,17.418309450149536
3374,2021-11-04 01:11:13,516272,17.346930503845215
3375,2021-11-04 01:11:23,516272,17.192009687423706
3376,2021-11-04 03:11:00,516272,17.433664798736572
3377,2021-11-04 03:11:11,516272,17.27728009223938
3378,2021-11-04 06:11:14,516272,17.366089820861816
3379,2021-11-04 04:11:51,516274,17.165435552597046
3380,2021-11-04 06:11:03,516274,17.59013533592224
3381,2021-11-04 06:11:37,516274,17.400660514831543
3382,2021-11-04 07:11:27,516274,17.498149871826172
3383,2021-11-04 07:11:25,516275,17.331809997558594
3384,2021-11-04 07:11:48,516275,17.249975204467773
3385,2021-11-04 07:11:53,516275,17.473939657211304
3386,2021-11-04 08:11:07,516275,17.54597544670105
3387,2021-11-05 01:11:20,516275,17.29114532470703
3388,2021-11-05 01:11:57,516275,17.572144269943237
3389,2021-11-05 05:11:33,516275,17.51030921936035
3390,2021-11-05 04:11:20,516276,17.50240921974182
3391,2021-11-05 05:11:36,516278,17.58807897567749
3392,2021-11-05 05:11:50,516278,17.34820008277893
3393,2021-11-05 06:11:29,516278,17.46408462524414
3394,2021-11-05 07:11:07,516278,17.735739946365356
3395,2021-11-05 07:11:42,516278,17.528979778289795
3396,2021-11-05 06:11:25,516279,17.6267409324646
3397,2021-11-05 01:11:13,516281,17.405534982681274
3398,2021-11-05 10:11:32,516281,17.448995113372803
3399,2021-11-05 11:11:12,516281,17.61003017425537
3400,2021-11-05 12:11:12,516281,17.214884757995605
3401,2021-11-05 01:11:22,516282,17.497645616531372
3402,2021-11-05 01:11:25,516282,17.449164390563965
3403,2021-11-05 04:11:58,516282,17.61981964111328
3404,2021-11-05 01:11:17,516284,17.221964597702026
3405,2021-11-05 04:11:36,516284,17.59171962738037
3406,2021-11-05 01:11:04,516285,17.562040090560913
3407,2021-11-05 03:11:20,516285,17.55996584892273
3408,2021-11-05 04:11:28,516285,17.45786428451538
3409,2021-11-05 02:11:08,516286,17.538105249404907
3410,2021-11-05 02:11:11,516286,17.64859437942505
3411,2021-11-05 02:11:17,516286,17.695400714874268
3412,2021-11-05 05:11:21,516286,17.600131034851074
3413,2021-11-05 05:11:58,516286,17.54963994026184
3414,2021-11-05 03:11:05,516290,17.603659629821777
3415,2021-11-05 03:11:25,516290,17.430280447006226
3416,2021-11-05 05:11:28,516290,17.271149158477783
3417,2021-11-05 02:11:00,516292,17.366394996643066
3418,2021-11-05 02:11:20,516292,17.47610569000244
3419,2021-11-05 02:11:37,516292,17.37602949142456
3420,2021-11-05 03:11:58,516292,17.654030323028564
3421,2021-11-05 04:11:32,516292,17.5212299823761
3422,2021-11-05 07:11:07,516292,17.217410802841187
3423,2021-11-05 07:11:25,516292,17.234081029891968
3424,2021-11-05 07:11:33,516292,17.38339066505432
3425,2021-11-05 07:11:39,516292,17.580724954605103
3426,2021-11-05 07:11:51,516292,17.503104209899902
3427,2021-11-05 08:11:12,516292,17.451695203781128
3428,2021-11-05 08:11:21,516292,17.557945251464844
3429,2021-11-05 08:11:22,516292,17.36573576927185
3430,2021-11-05 08:11:48,516292,17.566804885864258
3431,2021-11-05 09:11:57,516292,17.519700527191162
3432,2021-11-05 10:11:25,516292,17.322310209274292
3433,2021-11-05 11:11:38,516292,17.670170068740845
3434,2021-11-05 11:11:50,516292,17.244229316711426
3435,2021-11-05 03:11:07,516293,17.589479684829712
3436,2021-11-05 08:11:41,516293,17.513335943222046
3437,2021-11-05 09:11:19,516293,17.515370845794678
3438,2021-11-05 09:11:28,516293,17.539570331573486
3439,2021-11-06 12:11:43,516293,17.6303493976593
3440,2021-11-05 03:11:44,516294,17.338969707489014
3441,2021-11-05 10:11:09,516294,17.633415460586548
3442,2021-11-05 10:11:57,516294,17.51078963279724
3443,2021-11-05 11:11:31,516294,17.458860874176025
3444,2021-11-05 11:11:48,516294,17.630919218063354
3445,2021-11-06 01:11:20,516294,17.570120096206665
3446,2021-11-06 01:11:25,516294,17.40776538848877
3447,2021-11-06 02:11:42,516294,17.472959756851196
3448,2021-11-06 03:11:56,516294,17.58373498916626
3449,2021-11-06 12:11:17,516294,17.420445680618286
3450,2021-11-06 12:11:19,516294,17.66434073448181
3451,2021-11-06 12:11:31,516294,17.581374645233154
3452,2021-11-06 02:11:47,516295,17.67244577407837
3453,2021-11-06 02:11:56,516295,17.684669494628906
3454,2021-11-06 02:11:24,516296,17.41587519645691
3455,2021-11-06 03:11:30,516296,17.549195289611816
3456,2021-11-06 03:11:35,516296,17.613534927368164
3457,2021-11-06 04:11:16,516296,17.44694471359253
3458,2021-11-06 04:11:18,516296,17.701900005340576
3459,2021-11-06 04:11:46,516296,17.613290548324585
3460,2021-11-06 04:11:53,516298,17.546114921569824
3461,2021-11-06 04:11:47,516299,17.5075900554657
3462,2021-11-06 04:11:16,516300,17.48508095741272
3463,2021-11-06 05:11:32,516300,17.6636004447937
3464,2021-11-06 06:11:21,516301,17.54146099090576
3465,2021-11-06 07:11:55,516301,17.49137043952942
3466,2021-11-06 07:11:59,516301,17.59482502937317
3467,2021-11-06 08:11:41,516301,17.526475191116333
3468,2021-11-06 07:11:37,516302,17.527239322662354
3469,2021-11-06 08:11:27,516304,17.580389976501465
3470,2021-11-06 08:11:30,516304,17.584500312805176
3471,2021-11-06 09:11:05,516304,17.40345001220703
3472,2021-11-06 09:11:00,516308,17.714494466781616
3473,2021-11-06 09:11:49,516308,17.715314626693726
3474,2021-11-06 09:11:58,516313,17.61325478553772
3475,2021-11-06 10:11:13,516316,17.46780037879944
3476,2021-11-06 11:11:54,516318,17.632135152816772
3477,2021-11-06 12:11:25,516318,17.604269981384277
3478,2021-11-07 01:11:52,516322,17.302905321121216
3479,2021-11-07 04:11:54,516322,17.582855224609375
3480,2021-11-07 05:11:45,516322,17.779165506362915
3481,2021-11-07 10:11:31,516322,17.480955123901367
3482,2021-11-07 11:11:14,516322,17.488574981689453
3483,2021-11-07 12:11:31,516322,17.205730676651
3484,2021-11-07 02:11:27,516323,17.543565034866333
3485,2021-11-07 03:11:15,516323,17.8078556060791
3486,2021-11-07 07:11:04,516326,17.694679498672485
3487,2021-11-07 08:11:38,516326,17.83278465270996
3488,2021-11-07 09:11:42,516326,17.723305225372314
3489,2021-11-08 03:11:54,516326,17.342565059661865
3490,2021-11-08 04:11:24,516326,17.443974018096924
3491,2021-11-08 04:11:35,516326,17.595255374908447
3492,2021-11-08 05:11:20,516326,17.366814613342285
3493,2021-11-08 05:11:37,516326,17.30703592300415
3494,2021-11-08 05:11:51,516326,17.723915576934814
3495,2021-11-08 06:11:00,516326,17.54426598548889
3496,2021-11-08 06:11:10,516326,17.482235431671143
3497,2021-11-08 06:11:29,516326,17.523784637451172
3498,2021-11-08 07:11:01,516326,17.564245462417603
3499,2021-11-08 07:11:28,516326,17.574610710144043
3500,2021-11-08 07:11:44,516326,17.4228298664093
3501,2021-11-08 08:11:07,516326,17.70304560661316
3502,2021-11-08 08:11:12,516326,17.50438928604126
3503,2021-11-08 08:11:13,516326,17.67619013786316
3504,2021-11-08 08:11:25,516326,17.59395480155945
3505,2021-11-08 08:11:36,516326,17.728610038757324
3506,2021-11-08 08:11:41,516326,17.731595039367676
3507,2021-11-08 09:11:17,516326,17.836151123046875
3508,2021-11-08 09:11:46,516326,17.287944555282593
3509,2021-11-08 09:11:51,516326,17.3635196685791
3510,2021-11-08 10:11:07,516326,17.447434663772583
3511,2021-11-08 10:11:40,516326,17.323570251464844
3512,2021-11-08 10:11:44,516326,17.477920055389404
3513,2021-11-08 10:11:50,516326,17.510124444961548
3514,2021-11-08 10:11:40,516327,17.52758026123047
3515,2021-11-08 01:11:40,516328,16.833579540252686
3516,2021-11-08 02:11:13,516328,16.78836464881897
3517,2021-11-08 11:11:38,516328,17.490144968032837
3518,2021-11-08 12:11:20,516328,17.030004262924194
3519,2021-11-08 01:11:23,516329,17.7052104473114
3520,2021-11-08 02:11:40,516329,16.982699632644653
3521,2021-11-08 01:11:16,516330,17.73854970932007
3522,2021-11-08 02:11:33,516330,17.03474521636963
3523,2021-11-08 02:11:51,516330,17.086814641952515
3524,2021-11-08 03:11:36,516330,17.109785079956055
3525,2021-11-08 04:11:17,516330,16.898765563964844
3526,2021-11-08 04:11:22,516330,17.163180112838745
3527,2021-11-08 04:11:22,516330,17.02895998954773
3528,2021-11-08 03:11:07,516332,17.15962052345276
3529,2021-11-08 03:11:47,516332,17.07584023475647
3530,2021-11-08 04:11:04,516332,17.03596591949463
3531,2021-11-08 04:11:05,516332,16.808689832687378
3532,2021-11-08 05:11:11,516332,17.05338954925537
3533,2021-11-08 05:11:36,516332,17.03832507133484
3534,2021-11-08 03:11:25,516333,16.964064836502075
3535,2021-11-08 04:11:02,516333,17.090929746627808
3536,2021-11-08 04:11:04,516334,17.14563488960266
3537,2021-11-08 05:11:54,516334,16.972980499267578
3538,2021-11-08 06:11:23,516335,17.123864889144897
3539,2021-11-08 06:11:33,516336,17.13302969932556
3540,2021-11-08 06:11:51,516336,17.255659103393555
3541,2021-11-08 06:11:53,516336,17.085334062576294
3542,2021-11-08 07:11:34,516336,16.928205490112305
3543,2021-11-08 07:11:41,516336,16.980395317077637
3544,2021-11-08 07:11:54,516336,17.09318995475769
3545,2021-11-08 07:11:58,516336,17.365601062774658
3546,2021-11-08 08:11:24,516336,17.058825492858887
3547,2021-11-08 08:11:33,516336,17.17227578163147
3548,2021-11-08 08:11:56,516336,16.9869601726532
3549,2021-11-08 07:11:05,516338,17.083265781402588
3550,2021-11-08 07:11:17,516338,17.212204933166504
3551,2021-11-08 07:11:46,516338,16.937060356140137
3552,2021-11-08 07:11:49,516338,17.083464860916138
3553,2021-11-08 07:11:59,516338,17.080940008163452
3554,2021-11-08 08:11:30,516338,17.105824947357178
3555,2021-11-08 09:11:01,516338,17.09629535675049
3556,2021-11-08 08:11:17,516340,17.06555485725403
3557,2021-11-08 09:11:59,516340,17.228339910507202
3558,2021-11-08 10:11:34,516340,17.05694079399109
3559,2021-11-08 11:11:15,516340,17.062253952026367
3560,2021-11-08 11:11:54,516340,17.030816078186035
3561,2021-11-09 12:11:11,516340,16.995655298233032
3562,2021-11-09 12:11:29,516340,16.843554973602295
3563,2021-11-08 11:11:29,516343,17.065144777297974
3564,2021-11-08 11:11:46,516343,16.972475051879883
3565,2021-11-08 11:11:14,516345,17.09939956665039
3566,2021-11-09 02:11:32,516349,17.130764722824097
3567,2021-11-09 03:11:19,516349,17.230324745178223
3568,2021-11-09 03:11:59,516349,17.1714448928833
3569,2021-11-09 04:11:44,516349,17.055195569992065
3570,2021-11-09 04:11:55,516349,17.173984050750732
3571,2021-11-09 07:11:30,516349,17.03287959098816
3572,2021-11-09 08:11:05,516349,17.10743546485901
3573,2021-11-09 08:11:35,516349,16.954444646835327
3574,2021-11-09 08:11:44,516349,17.159605026245117
3575,2021-11-09 08:11:47,516349,17.315315008163452
3576,2021-11-09 09:11:33,516349,17.091565132141113
3577,2021-11-09 09:11:42,516349,17.09518074989319
3578,2021-11-09 08:11:33,516350,17.005025148391724
3579,2021-11-09 09:11:21,516350,17.203290462493896
3580,2021-11-09 10:11:20,516350,16.973835229873657
3581,2021-11-09 10:11:37,516350,16.82987093925476
3582,2021-11-09 10:11:55,516350,17.05196499824524
3583,2021-11-09 01:11:14,516351,17.117440700531006
3584,2021-11-09 01:11:47,516351,17.04392433166504
3585,2021-11-09 02:11:12,516351,16.968389749526978
3586,2021-11-09 02:11:15,516351,16.855359077453613
3587,2021-11-09 02:11:41,516351,17.107714414596558
3588,2021-11-09 02:11:54,516351,17.239445447921753
3589,2021-11-09 03:11:37,516351,17.18990445137024
3590,2021-11-09 03:11:56,516351,17.12836503982544
3591,2021-11-09 04:11:44,516351,17.18209981918335
3592,2021-11-09 12:11:31,516351,17.23403573036194
3593,2021-11-09 12:11:34,516351,16.958459615707397
3594,2021-11-09 03:11:53,516352,17.134259939193726
3595,2021-11-09 03:11:41,516353,17.09633469581604
3596,2021-11-09 04:11:52,516353,16.909984350204468
3597,2021-11-09 05:11:06,516353,17.088675498962402
3598,2021-11-09 05:11:07,516353,17.215449810028076
3599,2021-11-09 06:11:01,516353,17.024184465408325
3600,2021-11-09 06:11:02,516353,17.211300134658813
3601,2021-11-09 06:11:09,516353,16.833194494247437
3602,2021-11-09 06:11:42,516353,17.19080090522766
3603,2021-11-09 06:11:58,516353,16.782569885253906
3604,2021-11-09 05:11:11,516356,17.144269943237305
3605,2021-11-09 07:11:25,516356,17.13015913963318
3606,2021-11-09 07:11:02,516358,17.146639823913574
3607,2021-11-09 07:11:54,516359,17.0340359210968
3608,2021-11-09 08:11:34,516359,17.09288001060486
3609,2021-11-09 08:11:44,516359,16.82800531387329
3610,2021-11-09 09:11:17,516359,16.881524324417114
3611,2021-11-09 09:11:36,516359,16.91786527633667
3612,2021-11-09 09:11:38,516359,17.19563603401184
3613,2021-11-09 11:11:06,516359,17.106380462646484
3614,2021-11-09 11:11:07,516359,17.04056978225708
3615,2021-11-09 11:11:26,516359,17.119749784469604
3616,2021-11-09 11:11:39,516361,17.165099382400513
3617,2021-11-10 01:11:19,516361,17.11866021156311
3618,2021-11-10 02:11:07,516362,17.09201455116272
3619,2021-11-10 12:11:38,516362,17.250475883483887
3620,2021-11-10 12:11:41,516363,16.96629047393799
3621,2021-11-10 03:11:32,516365,17.204185724258423
3622,2021-11-10 04:11:54,516365,17.106889486312866
3623,2021-11-10 05:11:26,516368,16.964290142059326
3624,2021-11-10 08:11:47,516371,17.12652087211609
3625,2021-11-10 09:11:49,516371,16.834183931350708
3626,2021-11-10 09:11:07,516372,17.163559198379517
3627,2021-11-10 09:11:58,516372,17.139030694961548
3628,2021-11-10 10:11:37,516372,17.104564905166626
3629,2021-11-10 10:11:32,516374,17.25861430168152
3630,2021-11-10 11:11:33,516374,17.25055456161499
3631,2021-11-10 12:11:04,516374,17.24352478981018
3632,2021-11-10 12:11:54,516374,17.15590000152588
3633,2021-11-10 01:11:00,516375,17.22554922103882
3634,2021-11-10 01:11:25,516375,17.01677918434143
3635,2021-11-10 12:11:28,516375,17.197874784469604
3636,2021-11-10 12:11:46,516375,16.930534839630127
3637,2021-11-10 01:11:05,516376,17.184354066848755
3638,2021-11-10 01:11:19,516376,17.15267539024353
3639,2021-11-10 02:11:56,516376,16.917654275894165
3640,2021-11-10 01:11:30,516377,17.25448489189148
3641,2021-11-10 02:11:32,516377,17.183735370635986
3642,2021-11-10 02:11:41,516377,17.16438889503479
3643,2021-11-10 02:11:56,516377,17.0392644405365
3644,2021-11-10 03:11:11,516377,17.076915502548218
3645,2021-11-10 03:11:33,516377,16.977744102478027
3646,2021-11-10 03:11:30,516378,17.040425539016724
3647,2021-11-10 04:11:21,516379,17.20484972000122
3648,2021-11-10 05:11:08,516379,16.874769926071167
3649,2021-11-10 04:11:40,516380,17.10065484046936
3650,2021-11-10 05:11:27,516380,17.197095155715942
3651,2021-11-10 06:11:11,516380,17.209025621414185
3652,2021-11-10 06:11:15,516380,17.11469054222107
3653,2021-11-10 05:11:12,516381,17.336819171905518
3654,2021-11-10 05:11:24,516381,17.187604904174805
3655,2021-11-10 06:11:33,516381,17.157655954360962
3656,2021-11-10 06:11:35,516381,17.241804599761963
3657,2021-11-10 07:11:01,516381,17.195885181427002
3658,2021-11-10 07:11:26,516381,17.018009424209595
3659,2021-11-10 07:11:02,516382,17.229074239730835
3660,2021-11-10 08:11:10,516382,17.020854949951172
3661,2021-11-10 08:11:13,516383,17.230069637298584
3662,2021-11-10 08:11:29,516383,17.1071457862854
3663,2021-11-10 09:11:25,516383,16.84011936187744
3664,2021-11-10 10:11:00,516383,17.07401990890503
3665,2021-11-10 10:11:01,516383,17.10289478302002
3666,2021-11-10 10:11:39,516383,17.1451199054718
3667,2021-11-11 04:11:10,516383,17.067744731903076
3668,2021-11-11 04:11:25,516383,17.08817481994629
3669,2021-11-11 04:11:32,516383,17.179815769195557
3670,2021-11-11 04:11:38,516383,17.00558066368103
3671,2021-11-10 09:11:00,516385,17.181624174118042
3672,2021-11-10 09:11:23,516385,17.147364616394043
3673,2021-11-10 09:11:53,516385,17.010740041732788
3674,2021-11-10 10:11:41,516385,17.033679485321045
3675,2021-11-10 10:11:26,516386,17.164440155029297
3676,2021-11-10 10:11:45,516386,16.940195560455322
3677,2021-11-10 10:11:54,516386,17.10265040397644
3678,2021-11-10 11:11:42,516386,17.365134954452515
3679,2021-11-10 11:11:50,516386,17.090760469436646
3680,2021-11-11 01:11:00,516386,17.112574577331543
3681,2021-11-11 12:11:17,516386,17.07266092300415
3682,2021-11-10 11:11:25,516387,17.378135919570923
3683,2021-11-11 01:11:04,516387,17.231074571609497
3684,2021-11-11 02:11:26,516387,17.24249005317688
3685,2021-11-11 12:11:38,516387,17.00785994529724
3686,2021-11-11 01:11:44,516390,17.48531460762024
3687,2021-11-11 02:11:41,516390,17.191615104675293
3688,2021-11-11 01:11:11,516391,17.203434705734253
3689,2021-11-11 02:11:40,516391,17.006850242614746
3690,2021-11-11 02:11:08,516392,17.220849990844727
3691,2021-11-11 02:11:10,516392,17.163660526275635
3692,2021-11-11 03:11:10,516392,17.069275379180908
3693,2021-11-11 03:11:12,516392,17.206430435180664
3694,2021-11-11 06:11:44,516397,17.33628511428833
3695,2021-11-11 07:11:25,516397,17.22085952758789
3696,2021-11-11 06:11:19,516398,16.942179203033447
3697,2021-11-11 06:11:54,516398,17.002480030059814
3698,2021-11-11 07:11:13,516399,17.200675010681152
3699,2021-11-11 09:11:12,516399,17.277384996414185
3700,2021-11-11 09:11:33,516400,17.1185302734375
3701,2021-11-11 10:11:01,516400,17.24010944366455
3702,2021-11-11 10:11:26,516401,17.08166480064392
3703,2021-11-11 10:11:59,516401,17.184795141220093
3704,2021-11-11 11:11:10,516401,17.232069969177246
3705,2021-11-11 11:11:42,516401,17.25975513458252
3706,2021-11-11 12:11:01,516401,17.145274877548218
3707,2021-11-11 12:11:26,516401,17.1124005317688
3708,2021-11-11 10:11:16,516402,17.161375284194946
3709,2021-11-11 12:11:47,516402,17.093830108642578
3710,2021-11-11 12:11:38,516403,17.117799520492554
3711,2021-11-11 12:11:43,516403,17.105655670166016
3712,2021-11-11 12:11:55,516403,17.254409790039062
3713,2021-11-11 01:11:14,516404,17.259249687194824
3714,2021-11-11 02:11:01,516404,17.015680074691772
3715,2021-11-11 02:11:12,516404,17.117390632629395
3716,2021-11-11 02:11:13,516404,17.172425985336304
3717,2021-11-11 02:11:29,516404,17.30028510093689
3718,2021-11-11 02:11:30,516404,17.203805446624756
3719,2021-11-11 02:11:44,516404,17.095879316329956
3720,2021-11-11 02:11:57,516404,17.140929698944092
3721,2021-11-11 12:11:32,516404,17.21153497695923
3722,2021-11-11 12:11:36,516404,17.339909076690674
3723,2021-11-11 12:11:47,516404,17.245019674301147
3724,2021-11-11 01:11:02,516405,17.16784954071045
3725,2021-11-11 01:11:08,516405,17.27908492088318
3726,2021-11-11 02:11:55,516405,17.073625326156616
3727,2021-11-11 03:11:05,516405,17.15759515762329
3728,2021-11-11 02:11:07,516406,17.230799198150635
3729,2021-11-11 02:11:39,516406,17.249480485916138
3730,2021-11-11 04:11:19,516406,17.17891573905945
3731,2021-11-11 03:11:05,516408,17.220280170440674
3732,2021-11-11 03:11:16,516408,17.119754552841187
3733,2021-11-11 03:11:54,516408,17.236720323562622
3734,2021-11-11 04:11:27,516408,17.268425226211548
3735,2021-11-11 05:11:52,516408,17.103465795516968
3736,2021-11-11 06:11:13,516408,17.140129804611206
3737,2021-11-11 06:11:55,516408,17.176389694213867
3738,2021-11-11 11:11:25,516408,17.06595540046692
3739,2021-11-11 11:11:27,516408,17.256380319595337
3740,2021-11-11 11:11:49,516408,17.077410221099854
3741,2021-11-12 01:11:56,516408,17.206554412841797
3742,2021-11-11 04:11:02,516409,17.168105840682983
3743,2021-11-11 05:11:00,516409,17.108304500579834
3744,2021-11-11 05:11:16,516411,17.32585906982422
3745,2021-11-11 05:11:16,516411,17.046608924865723
3746,2021-11-11 06:11:19,516411,17.068170309066772
3747,2021-11-11 07:11:33,516411,17.06947922706604
3748,2021-11-11 05:11:35,516412,17.141529321670532
3749,2021-11-11 06:11:30,516412,17.22810983657837
3750,2021-11-11 06:11:50,516412,17.056964635849
3751,2021-11-11 07:11:45,516412,17.245315313339233
3752,2021-11-11 06:11:56,516413,16.91717505455017
3753,2021-11-11 07:11:52,516413,17.312145233154297
3754,2021-11-11 09:11:15,516413,17.30059504508972
3755,2021-11-11 09:11:50,516413,17.184635400772095
3756,2021-11-11 07:11:12,516414,17.17684030532837
3757,2021-11-11 09:11:44,516414,17.230360507965088
3758,2021-11-11 10:11:37,516414,17.136045694351196
3759,2021-11-11 11:11:55,516414,17.286885976791382
3760,2021-11-11 08:11:10,516415,17.067575454711914
3761,2021-11-11 10:11:23,516415,17.23968505859375
3762,2021-11-11 10:11:34,516415,17.279900312423706
3763,2021-11-11 11:11:22,516415,17.172034978866577
3764,2021-11-11 11:11:41,516415,17.074280977249146
3765,2021-11-12 12:11:01,516415,17.2868549823761
3766,2021-11-12 01:11:11,516416,17.095630168914795
3767,2021-11-12 12:11:21,516416,17.38900065422058
3768,2021-11-12 01:11:20,516419,17.374800443649292
3769,2021-11-12 02:11:32,516419,17.263519763946533
3770,2021-11-12 01:11:25,516420,17.371879816055298
3771,2021-11-12 02:11:27,516420,17.43577003479004
3772,2021-11-12 02:11:12,516421,17.28507399559021
3773,2021-11-12 02:11:35,516421,17.29594588279724
3774,2021-11-12 03:11:33,516421,17.30955481529236
3775,2021-11-12 06:11:33,516424,17.12030053138733
3776,2021-11-12 06:11:39,516424,17.15607523918152
3777,2021-11-12 07:11:36,516424,17.288445234298706
3778,2021-11-12 08:11:46,516424,17.380454540252686
3779,2021-11-12 09:11:20,516424,17.335139513015747
3780,2021-11-12 07:11:43,516425,17.552820444107056
3781,2021-11-12 09:11:38,516426,17.541685104370117
3782,2021-11-12 10:11:47,516426,17.332404851913452
3783,2021-11-12 10:11:56,516426,17.502490282058716
3784,2021-11-12 10:11:59,516426,17.401734590530396
3785,2021-11-12 11:11:19,516426,17.435250282287598
3786,2021-11-12 11:11:25,516426,17.517324686050415
3787,2021-11-12 11:11:28,516426,17.150585651397705
3788,2021-11-12 11:11:51,516426,17.471190690994263
3789,2021-11-12 01:11:11,516427,17.474565505981445
3790,2021-11-12 01:11:15,516427,17.18043088912964
3791,2021-11-12 01:11:23,516427,17.26209044456482
3792,2021-11-12 01:11:30,516427,17.292180061340332
3793,2021-11-12 01:11:44,516427,17.381165027618408
3794,2021-11-12 01:11:45,516427,17.343090772628784
3795,2021-11-12 01:11:53,516427,17.401695251464844
3796,2021-11-12 10:11:26,516427,17.338385581970215
3797,2021-11-12 11:11:46,516427,17.249984741210938
3798,2021-11-12 12:11:13,516427,17.267404794692993
3799,2021-11-12 12:11:14,516427,17.401264905929565
3800,2021-11-12 12:11:23,516427,17.351884841918945
3801,2021-11-12 12:11:38,516427,17.027099132537842
3802,2021-11-12 12:11:39,516427,17.515676021575928
3803,2021-11-12 12:11:50,516427,17.484314441680908
3804,2021-11-12 01:11:02,516428,17.45473027229309
3805,2021-11-12 01:11:10,516428,17.22988486289978
3806,2021-11-12 01:11:37,516428,17.49943494796753
3807,2021-11-12 02:11:07,516428,17.44892954826355
3808,2021-11-12 02:11:11,516428,17.3724102973938
3809,2021-11-12 02:11:35,516428,17.184391021728516
3810,2021-11-12 03:11:02,516428,17.235554456710815
3811,2021-11-12 03:11:11,516428,17.397691011428833
3812,2021-11-12 03:11:35,516428,17.25799560546875
3813,2021-11-12 04:11:16,516428,17.320849895477295
3814,2021-11-12 04:11:30,516428,17.38721489906311
3815,2021-11-12 04:11:55,516428,17.279200553894043
3816,2021-11-12 03:11:30,516429,17.154635190963745
3817,2021-11-12 03:11:31,516429,17.281440496444702
3818,2021-11-12 03:11:48,516429,17.31163501739502
3819,2021-11-12 04:11:40,516429,17.37612009048462
3820,2021-11-12 04:11:43,516429,17.191779613494873
3821,2021-11-12 05:11:19,516429,17.317999601364136
3822,2021-11-12 05:11:25,516429,17.167259454727173
3823,2021-11-12 05:11:51,516429,17.40430474281311
3824,2021-11-12 04:11:16,516430,17.21548557281494
3825,2021-11-12 04:11:37,516430,17.45553493499756
3826,2021-11-12 05:11:07,516430,17.294564247131348
3827,2021-11-12 05:11:53,516430,17.29240894317627
3828,2021-11-12 04:11:08,516431,17.451080083847046
3829,2021-11-12 05:11:07,516431,17.34492540359497
3830,2021-11-12 06:11:46,516433,17.375504970550537
3831,2021-11-12 07:11:44,516433,17.285635471343994
3832,2021-11-12 06:11:42,516434,17.531455755233765
3833,2021-11-12 08:11:38,516434,17.105424404144287
3834,2021-11-12 07:11:25,516436,17.445160150527954
3835,2021-11-12 07:11:44,516436,17.47864007949829
3836,2021-11-12 09:11:52,516436,17.324254512786865
3837,2021-11-12 10:11:14,516436,17.299180030822754
3838,2021-11-12 10:11:57,516436,17.27128505706787
3839,2021-11-12 08:11:02,516437,17.310349941253662
3840,2021-11-12 08:11:09,516437,17.29595422744751
3841,2021-11-12 08:11:44,516437,17.36390471458435
3842,2021-11-12 10:11:50,516437,17.301679849624634
3843,2021-11-12 11:11:10,516437,17.26085901260376
3844,2021-11-12 11:11:30,516437,17.37375020980835
3845,2021-11-12 11:11:51,516437,17.392934560775757
3846,2021-11-12 10:11:01,516440,17.32659101486206
3847,2021-11-12 10:11:54,516440,17.26613998413086
3848,2021-11-13 01:11:34,516440,17.493910789489746
3849,2021-11-13 12:11:48,516440,17.28519558906555
3850,2021-11-13 01:11:48,516447,17.43925452232361
3851,2021-11-13 02:11:32,516447,17.191989421844482
3852,2021-11-13 02:11:43,516448,17.393115758895874
3853,2021-11-13 04:11:08,516448,17.160379886627197
3854,2021-11-13 02:11:10,516453,17.293905019760132
3855,2021-11-13 03:11:42,516453,17.299824953079224
3856,2021-11-13 04:11:25,516453,16.967140436172485
3857,2021-11-13 04:11:37,516453,17.16107487678528
3858,2021-11-13 06:11:01,516453,17.447850704193115
3859,2021-11-13 07:11:29,516453,17.386449575424194
3860,2021-11-13 09:11:39,516453,17.632144689559937
3861,2021-11-13 10:11:44,516453,17.40834951400757
3862,2021-11-14 04:11:56,516453,17.48373508453369
3863,2021-11-14 05:11:27,516453,17.327799797058105
3864,2021-11-14 03:11:15,516456,17.360435724258423
3865,2021-11-14 07:11:13,516456,17.265740633010864
3866,2021-11-15 04:11:41,516456,17.299574613571167
3867,2021-11-15 04:11:46,516456,17.337064743041992
3868,2021-11-15 05:11:05,516456,17.35656499862671
3869,2021-11-15 05:11:15,516456,17.20616102218628
3870,2021-11-15 06:11:07,516456,17.463579177856445
3871,2021-11-15 06:11:15,516456,17.28172540664673
3872,2021-11-15 06:11:54,516456,17.381190061569214
3873,2021-11-15 07:11:03,516456,17.412939071655273
3874,2021-11-15 07:11:06,516456,17.373980283737183
3875,2021-11-15 07:11:10,516456,17.332035303115845
3876,2021-11-15 07:11:18,516456,17.229089736938477
3877,2021-11-15 07:11:20,516456,17.278414964675903
3878,2021-11-15 07:11:21,516456,17.407034635543823
3879,2021-11-15 07:11:24,516456,17.416595220565796
3880,2021-11-15 08:11:05,516456,17.303415536880493
3881,2021-11-15 08:11:05,516456,17.184720039367676
3882,2021-11-15 08:11:12,516456,17.122695446014404
3883,2021-11-15 08:11:26,516456,17.463845014572144
3884,2021-11-15 08:11:26,516456,17.241660356521606
3885,2021-11-15 08:11:43,516456,17.307544946670532
3886,2021-11-15 08:11:45,516456,17.421540021896362
3887,2021-11-15 08:11:44,516458,17.326549291610718
3888,2021-11-15 09:11:18,516458,17.46888041496277
3889,2021-11-15 09:11:30,516458,17.416720390319824
3890,2021-11-15 09:11:41,516458,17.360345125198364
3891,2021-11-15 09:11:50,516458,17.429579496383667
3892,2021-11-15 10:11:11,516458,17.25372552871704
3893,2021-11-15 10:11:56,516458,17.212730646133423
3894,2021-11-15 11:11:13,516459,17.493079900741577
3895,2021-11-15 11:11:22,516459,17.42272973060608
3896,2021-11-15 11:11:37,516459,17.260019779205322
3897,2021-11-15 12:11:35,516459,17.404764890670776
3898,2021-11-15 12:11:42,516459,17.38131046295166
3899,2021-11-15 01:11:22,516460,17.438499927520752
3900,2021-11-15 01:11:36,516460,17.36843466758728
3901,2021-11-15 01:11:54,516460,17.328364849090576
3902,2021-11-15 02:11:05,516460,17.176995277404785
3903,2021-11-15 02:11:23,516460,17.467894554138184
3904,2021-11-15 02:11:53,516460,17.44558572769165
3905,2021-11-15 02:11:54,516460,17.234920263290405
3906,2021-11-15 03:11:19,516460,17.64657974243164
3907,2021-11-15 12:11:22,516460,17.15849995613098
3908,2021-11-15 12:11:26,516460,17.440603971481323
3909,2021-11-15 01:11:11,516461,17.62756586074829
3910,2021-11-15 01:11:14,516461,17.50746488571167
3911,2021-11-15 01:11:40,516461,17.525975704193115
3912,2021-11-15 02:11:02,516461,17.440755367279053
3913,2021-11-15 02:11:18,516461,17.6258647441864
3914,2021-11-15 02:11:19,516461,17.249034643173218
3915,2021-11-15 02:11:43,516461,17.367095947265625
3916,2021-11-15 02:11:51,516461,17.339295148849487
3917,2021-11-15 02:11:03,516462,17.33454942703247
3918,2021-11-15 02:11:09,516462,17.528934478759766
3919,2021-11-15 02:11:52,516462,17.405664920806885
3920,2021-11-15 03:11:01,516462,17.456114292144775
3921,2021-11-15 03:11:13,516462,17.335015535354614
3922,2021-11-15 03:11:28,516462,17.185004949569702
3923,2021-11-15 04:11:06,516462,17.43610978126526
3924,2021-11-15 04:11:34,516462,17.23889946937561
3925,2021-11-15 04:11:54,516462,17.110719680786133
3926,2021-11-15 04:11:57,516462,17.50090003013611
3927,2021-11-15 04:11:59,516462,17.384355068206787
3928,2021-11-15 04:11:59,516462,17.169294357299805
3929,2021-11-15 05:11:16,516462,17.230039834976196
3930,2021-11-15 05:11:22,516462,17.17292070388794
3931,2021-11-15 05:11:46,516462,17.58592963218689
3932,2021-11-15 05:11:57,516462,17.365574836730957
3933,2021-11-17 01:11:05,516462,17.343419790267944
3934,2021-11-17 01:11:29,516462,17.295385599136353
3935,2021-11-17 01:11:30,516462,17.604039907455444
3936,2021-11-17 01:11:33,516462,17.147284746170044
3937,2021-11-15 04:11:02,516463,17.44576930999756
3938,2021-11-15 04:11:03,516463,17.390735149383545
3939,2021-11-15 05:11:32,516463,17.400089502334595
3940,2021-11-15 06:11:19,516463,17.34526515007019
3941,2021-11-15 04:11:24,516464,17.482835054397583
3942,2021-11-15 05:11:35,516464,17.388399839401245
3943,2021-11-15 06:11:42,516464,17.345954179763794
3944,2021-11-15 06:11:51,516464,17.204015254974365
3945,2021-11-15 05:11:32,516466,17.442514896392822
3946,2021-11-15 06:11:48,516466,17.434710264205933
3947,2021-11-15 07:11:13,516467,17.484779357910156
3948,2021-11-15 07:11:50,516467,17.546664476394653
3949,2021-11-15 08:11:06,516467,17.30018973350525
3950,2021-11-15 08:11:26,516467,17.34558939933777
3951,2021-11-15 09:11:04,516467,17.355849742889404
3952,2021-11-15 09:11:21,516467,17.37364411354065
3953,2021-11-15 09:11:29,516467,17.39156484603882
3954,2021-11-15 09:11:53,516467,16.993850469589233
3955,2021-11-15 07:11:21,516468,17.346889972686768
3956,2021-11-15 09:11:03,516468,17.446224689483643
3957,2021-11-15 07:11:45,516469,17.470710277557373
3958,2021-11-15 08:11:59,516469,17.437599897384644
3959,2021-11-15 09:11:29,516469,17.100584506988525
3960,2021-11-15 09:11:31,516469,17.25033402442932
3961,2021-11-15 10:11:10,516469,17.173285484313965
3962,2021-11-15 10:11:17,516469,17.294094562530518
3963,2021-11-15 09:11:18,516472,17.289414405822754
3964,2021-11-15 10:11:14,516472,17.197855710983276
3965,2021-11-16 04:11:29,516480,17.460665702819824
3966,2021-11-16 07:11:15,516480,17.522300481796265
3967,2021-11-16 07:11:15,516480,17.323825359344482
3968,2021-11-16 07:11:32,516480,17.326995134353638
3969,2021-11-16 07:11:54,516480,17.439604997634888
3970,2021-11-16 08:11:03,516480,17.63954997062683
3971,2021-11-16 08:11:04,516480,17.32877492904663
3972,2021-11-16 08:11:11,516480,17.03337550163269
3973,2021-11-16 08:11:33,516480,17.18508005142212
3974,2021-11-16 08:11:26,516481,17.48315453529358
3975,2021-11-16 08:11:45,516481,17.655290365219116
3976,2021-11-16 09:11:17,516481,17.45144009590149
3977,2021-11-16 09:11:44,516481,17.408974170684814
3978,2021-11-16 10:11:02,516481,17.394084930419922
3979,2021-11-16 10:11:21,516481,17.381595373153687
3980,2021-11-16 10:11:25,516481,17.189329862594604
3981,2021-11-16 11:11:00,516481,17.486799955368042
3982,2021-11-16 11:11:51,516481,17.385599613189697
3983,2021-11-16 01:11:24,516485,17.327005863189697
3984,2021-11-16 01:11:40,516485,17.528975009918213
3985,2021-11-16 01:11:55,516485,17.479090690612793
3986,2021-11-16 02:11:13,516485,17.37542986869812
3987,2021-11-16 02:11:14,516485,17.157570123672485
3988,2021-11-16 02:11:25,516485,17.214515209197998
3989,2021-11-16 02:11:31,516485,17.62786030769348
3990,2021-11-16 02:11:33,516485,17.5352942943573
3991,2021-11-16 02:11:35,516485,17.567219734191895
3992,2021-11-16 02:11:40,516485,17.422540187835693
3993,2021-11-16 02:11:53,516485,17.5588595867157
3994,2021-11-16 02:11:58,516485,17.26362943649292
3995,2021-11-16 03:11:08,516485,17.508094310760498
3996,2021-11-16 03:11:15,516485,17.272515296936035
3997,2021-11-16 03:11:28,516485,17.194019556045532
3998,2021-11-16 03:11:32,516485,17.301080226898193
3999,2021-11-16 03:11:33,516485,17.584949731826782
4000,2021-11-16 03:11:46,516485,17.25223422050476
4001,2021-11-16 04:11:24,516485,17.252399921417236
4002,2021-11-16 04:11:38,516485,17.115895748138428
4003,2021-11-16 04:11:39,516485,17.46361494064331
4004,2021-11-16 05:11:05,516485,17.403534650802612
4005,2021-11-16 05:11:31,516485,17.394304275512695
4006,2021-11-16 05:11:37,516485,17.17869520187378
4007,2021-11-16 05:11:52,516485,17.34441041946411
4008,2021-11-16 06:11:08,516485,17.081539630889893
4009,2021-11-16 06:11:45,516485,17.250044345855713
4010,2021-11-16 11:11:44,516485,17.56751537322998
4011,2021-11-16 11:11:57,516485,17.204924821853638
4012,2021-11-16 12:11:09,516485,17.380930185317993
4013,2021-11-16 12:11:14,516485,17.170515060424805
4014,2021-11-16 12:11:23,516485,17.396409511566162
4015,2021-11-16 12:11:47,516485,17.332334518432617
4016,2021-11-16 12:11:50,516485,17.6102352142334
4017,2021-11-16 06:11:06,516487,17.59953022003174
4018,2021-11-16 06:11:58,516487,17.322285175323486
4019,2021-11-16 07:11:04,516487,17.589315176010132
4020,2021-11-16 07:11:13,516487,17.502214908599854
4021,2021-11-16 09:11:11,516487,17.280465364456177
4022,2021-11-16 09:11:56,516487,17.297314405441284
4023,2021-11-17 01:11:11,516487,17.18551516532898
4024,2021-11-17 01:11:24,516487,17.40422487258911
4025,2021-11-17 01:11:25,516487,17.343499660491943
4026,2021-11-17 01:11:58,516487,17.091550827026367
4027,2021-11-16 08:11:13,516488,17.291594743728638
4028,2021-11-16 09:11:57,516488,17.289915084838867
4029,2021-11-16 10:11:11,516488,17.297070026397705
4030,2021-11-16 10:11:48,516488,17.47846484184265
4031,2021-11-17 01:11:08,516488,17.360925674438477
4032,2021-11-17 01:11:32,516488,17.456085681915283
4033,2021-11-17 01:11:36,516488,17.648634910583496
4034,2021-11-17 01:11:39,516488,17.231450080871582
4035,2021-11-16 09:11:20,516489,17.431504726409912
4036,2021-11-16 10:11:55,516489,17.35180974006653
4037,2021-11-16 11:11:59,516489,17.516144514083862
4038,2021-11-16 10:11:59,516490,17.152470350265503
4039,2021-11-16 11:11:27,516490,17.487740516662598
4040,2021-11-16 11:11:56,516490,17.52750039100647
4041,2021-11-17 01:11:23,516490,17.366100549697876
4042,2021-11-17 12:11:47,516490,17.45679020881653
4043,2021-11-17 01:11:48,516493,17.262160778045654
4044,2021-11-17 12:11:16,516493,17.57029891014099
4045,2021-11-17 01:11:19,516494,17.54146099090576
4046,2021-11-17 04:11:10,516494,17.35653042793274
4047,2021-11-17 02:11:30,516495,17.329660654067993
4048,2021-11-17 04:11:48,516495,17.434539794921875
4049,2021-11-17 05:11:51,516497,17.3402202129364
4050,2021-11-17 06:11:47,516497,17.291715145111084
4051,2021-11-17 05:11:00,516498,17.279930114746094
4052,2021-11-17 05:11:53,516498,17.68362522125244
4053,2021-11-17 06:11:23,516498,17.384300231933594
4054,2021-11-17 06:11:42,516498,17.42972493171692
4055,2021-11-17 05:11:00,516499,17.19196081161499
4056,2021-11-17 05:11:06,516499,17.613484859466553
4057,2021-11-17 06:11:18,516499,17.40550994873047
4058,2021-11-17 06:11:20,516499,17.26325035095215
4059,2021-11-17 06:11:26,516499,17.402210235595703
4060,2021-11-17 07:11:36,516499,17.409534454345703
4061,2021-11-17 07:11:44,516499,17.094855308532715
4062,2021-11-17 07:11:58,516499,17.4370539188385
4063,2021-11-17 06:11:56,516500,17.46543526649475
4064,2021-11-17 07:11:04,516500,17.41726517677307
4065,2021-11-17 07:11:11,516500,17.36541509628296
4066,2021-11-17 07:11:17,516500,17.329360246658325
4067,2021-11-17 07:11:28,516500,17.344363927841187
4068,2021-11-17 08:11:48,516500,17.218120098114014
4069,2021-11-17 08:11:59,516500,17.50230073928833
4070,2021-11-17 09:11:05,516500,17.161120176315308
4071,2021-11-17 09:11:11,516500,17.437604665756226
4072,2021-11-17 09:11:16,516500,17.37710952758789
4073,2021-11-17 09:11:46,516500,17.32925534248352
4074,2021-11-17 09:11:54,516500,17.330085039138794
4075,2021-11-17 01:11:24,516503,17.337040901184082
4076,2021-11-17 02:11:07,516503,17.284719944000244
4077,2021-11-17 02:11:07,516503,17.05525040626526
4078,2021-11-17 02:11:24,516503,17.68391489982605
4079,2021-11-17 02:11:27,516503,17.428715229034424
4080,2021-11-17 03:11:27,516503,17.30582594871521
4081,2021-11-17 04:11:06,516503,17.472054958343506
4082,2021-11-17 04:11:08,516503,17.48201012611389
4083,2021-11-17 05:11:02,516503,17.35470414161682
4084,2021-11-17 06:11:17,516503,17.373175621032715
4085,2021-11-17 07:11:07,516503,17.245969772338867
4086,2021-11-17 08:11:19,516503,17.23839521408081
4087,2021-11-17 08:11:21,516503,17.536590099334717
4088,2021-11-17 08:11:31,516503,17.245655059814453
4089,2021-11-17 09:11:07,516503,17.26976990699768
4090,2021-11-17 09:11:25,516503,17.260595560073853
4091,2021-11-17 09:11:29,516503,17.16634511947632
4092,2021-11-17 09:11:55,516503,17.349109649658203
4093,2021-11-17 12:11:17,516503,17.295814752578735
4094,2021-11-17 12:11:18,516503,17.321975231170654
4095,2021-11-18 03:11:07,516503,17.353179454803467
4096,2021-11-18 03:11:26,516503,17.382889986038208
4097,2021-11-18 03:11:46,516503,17.377184629440308
4098,2021-11-18 04:11:09,516503,17.65583038330078
4099,2021-11-19 09:11:03,516503,17.574509382247925
4100,2021-11-20 12:11:28,516503,17.273550033569336
4101,2021-11-18 06:11:59,516507,17.564029693603516
4102,2021-11-18 04:11:13,516509,17.60075569152832
4103,2021-11-19 10:11:16,516510,17.61920928955078
4104,2021-11-19 12:11:43,516510,17.59164571762085
4105,2021-11-18 03:11:51,516511,17.486830949783325
4106,2021-11-18 05:11:29,516511,17.32840895652771
4107,2021-11-18 06:11:01,516511,17.377384901046753
4108,2021-11-18 06:11:25,516511,17.53833532333374
4109,2021-11-18 06:11:46,516511,17.325270175933838
4110,2021-11-18 07:11:04,516511,17.58068561553955
4111,2021-11-18 07:11:55,516511,17.456445693969727
4112,2021-11-19 02:11:00,516511,17.372630834579468
4113,2021-11-19 07:11:47,516511,17.592185735702515
4114,2021-11-19 10:11:31,516511,17.66687512397766
4115,2021-11-19 10:11:34,516511,17.339555025100708
4116,2021-11-19 12:11:53,516511,17.56097435951233
4117,2021-11-18 05:11:43,516512,17.408214807510376
4118,2021-11-18 06:11:08,516512,17.77950406074524
4119,2021-11-19 10:11:16,516512,17.722615003585815
4120,2021-11-18 06:11:31,516517,17.284339666366577
4121,2021-11-19 01:11:19,516518,17.345025539398193
4122,2021-11-19 01:11:30,516518,17.189664840698242
4123,2021-11-19 04:11:08,516518,17.390109300613403
4124,2021-11-19 05:11:15,516518,17.150750160217285
4125,2021-11-19 05:11:32,516518,17.33946442604065
4126,2021-11-19 05:11:58,516518,17.37220048904419
4127,2021-11-19 07:11:52,516518,17.2748601436615
4128,2021-11-19 08:11:49,516518,17.439595460891724
4129,2021-11-19 08:11:56,516518,17.243465185165405
4130,2021-11-19 09:11:16,516518,17.62321949005127
4131,2021-11-19 09:11:49,516518,17.44313955307007
4132,2021-11-19 09:11:52,516518,17.557605504989624
4133,2021-11-19 10:11:00,516518,17.542089223861694
4134,2021-11-19 10:11:04,516518,17.2536301612854
4135,2021-11-19 10:11:08,516518,17.216269969940186
4136,2021-11-19 10:11:12,516518,17.336995601654053
4137,2021-11-19 10:11:39,516518,17.24520444869995
4138,2021-11-19 10:11:54,516518,17.413915395736694
4139,2021-11-19 11:11:12,516518,17.502615451812744
4140,2021-11-19 11:11:17,516518,17.480379343032837
4141,2021-11-19 11:11:39,516518,17.210404872894287
4142,2021-11-19 11:11:49,516518,17.43017077445984
4143,2021-11-19 11:11:50,516518,17.08799958229065
4144,2021-11-19 12:11:43,516518,17.427799701690674
4145,2021-11-19 02:11:04,516520,17.363070249557495
4146,2021-11-19 02:11:18,516520,17.290929555892944
4147,2021-11-19 02:11:38,516520,17.588720321655273
4148,2021-11-19 02:11:45,516520,17.185580730438232
4149,2021-11-19 02:11:58,516520,17.53021478652954
4150,2021-11-19 03:11:30,516520,17.158455848693848
4151,2021-11-19 03:11:47,516520,17.169995307922363
4152,2021-11-19 04:11:06,516520,17.507115602493286
4153,2021-11-19 05:11:09,516520,17.264055013656616
4154,2021-11-19 05:11:32,516520,17.532670497894287
4155,2021-11-19 05:11:37,516520,17.212610244750977
4156,2021-11-19 05:11:43,516520,17.42563009262085
4157,2021-11-19 05:11:44,516520,17.742888927459717
4158,2021-11-19 05:11:49,516520,17.354655265808105
4159,2021-11-19 06:11:11,516520,17.393440008163452
4160,2021-11-19 06:11:14,516520,17.43306040763855
4161,2021-11-19 07:11:29,516520,17.085754871368408
4162,2021-11-19 08:11:09,516520,17.234615087509155
4163,2021-11-19 08:11:39,516520,17.321090698242188
4164,2021-11-19 09:11:00,516520,17.06520438194275
4165,2021-11-19 10:11:01,516520,17.536715269088745
4166,2021-11-19 10:11:01,516520,17.236465215682983
4167,2021-11-19 10:11:04,516520,17.250185012817383
4168,2021-11-19 10:11:10,516520,17.083120346069336
4169,2021-11-19 10:11:32,516520,17.627300024032593
4170,2021-11-19 10:11:54,516520,17.29390025138855
4171,2021-11-19 11:11:24,516520,17.082719802856445
4172,2021-11-19 11:11:29,516520,17.269974946975708
4173,2021-11-19 12:11:22,516520,17.530879974365234
4174,2021-11-19 12:11:36,516520,17.229480743408203
4175,2021-11-19 12:11:44,516520,17.54617929458618
4176,2021-11-19 12:11:52,516520,17.189323902130127
4177,2021-11-19 12:11:57,516520,17.42921471595764
4178,2021-11-20 12:11:42,516520,17.34536051750183
4179,2021-11-19 01:11:25,516521,17.296539545059204
4180,2021-11-19 02:11:35,516521,17.376824617385864
4181,2021-11-19 06:11:01,516521,17.445005178451538
4182,2021-11-19 06:11:38,516521,17.495185136795044
4183,2021-11-19 06:11:39,516521,17.3995840549469
4184,2021-11-19 08:11:08,516521,17.324609756469727
4185,2021-11-19 08:11:26,516521,17.472134828567505
4186,2021-11-19 08:11:56,516521,17.326279878616333
4187,2021-11-19 11:11:57,516521,17.325515747070312
4188,2021-11-20 02:11:01,516521,17.64062523841858
4189,2021-11-20 02:11:41,516521,17.331079244613647
4190,2021-11-20 02:11:46,516521,17.411130666732788
4191,2021-11-20 03:11:04,516521,17.396180629730225
4192,2021-11-20 03:11:22,516521,17.219730615615845
4193,2021-11-20 03:11:45,516521,17.554454803466797
4194,2021-11-20 03:11:47,516521,17.215054035186768
4195,2021-11-20 03:11:58,516521,17.306514978408813
4196,2021-11-20 04:11:46,516521,17.329424619674683
4197,2021-11-20 04:11:58,516521,17.46008038520813
4198,2021-11-20 05:11:04,516521,17.37064480781555
4199,2021-11-20 05:11:17,516521,17.136210203170776
4200,2021-11-20 05:11:29,516521,17.652809619903564
4201,2021-11-20 06:11:18,516521,17.35720992088318
4202,2021-11-20 06:11:39,516521,17.59323000907898
4203,2021-11-20 12:11:02,516521,17.48808979988098
4204,2021-11-20 12:11:12,516521,17.300879955291748
4205,2021-11-20 12:11:34,516521,17.417500019073486
4206,2021-11-20 12:11:47,516521,17.315080165863037
4207,2021-11-20 05:11:40,516523,17.347429990768433
4208,2021-11-20 07:11:24,516523,17.29130506515503
4209,2021-11-20 05:11:33,516525,17.226529121398926
4210,2021-11-20 06:11:10,516525,17.659494876861572
4211,2021-11-20 07:11:15,516525,17.0339298248291
4212,2021-11-19 10:11:15,516527,17.234784364700317
4213,2021-11-20 06:11:30,516527,17.04222559928894
4214,2021-11-20 07:11:12,516527,17.294009923934937
4215,2021-11-20 07:11:22,516528,17.486644983291626
4216,2021-11-20 08:11:00,516528,17.657616138458252
4217,2021-11-20 07:11:16,516529,17.137205600738525
4218,2021-11-20 08:11:04,516529,17.12921977043152
4219,2021-11-20 08:11:25,516529,17.534040212631226
4220,2021-11-20 08:11:19,516530,17.358540296554565
4221,2021-11-20 09:11:16,516530,17.154688835144043
4222,2021-11-20 02:11:07,516532,17.64870524406433
4223,2021-11-20 03:11:03,516532,17.59170889854431
4224,2021-11-20 09:11:00,516533,17.504589557647705
4225,2021-11-20 09:11:40,516533,17.467304468154907
4226,2021-11-20 10:11:00,516533,17.395654916763306
4227,2021-11-20 10:11:55,516533,17.518244981765747
4228,2021-11-20 09:11:35,516534,17.523884773254395
4229,2021-11-20 10:11:48,516534,17.35605478286743
4230,2021-11-20 09:11:58,516538,17.31747031211853
4231,2021-11-20 11:11:58,516538,17.225265502929688
4232,2021-11-20 01:11:05,516541,17.29968547821045
4233,2021-11-20 02:11:08,516541,17.4442458152771
4234,2021-11-20 02:11:25,516541,17.441844940185547
4235,2021-11-20 03:11:17,516541,17.423185110092163
4236,2021-11-20 03:11:37,516541,17.197450399398804
4237,2021-11-20 12:11:44,516541,17.449904680252075
4238,2021-11-20 11:11:07,516547,17.300249338150024
4239,2021-11-21 12:11:49,516547,17.355974912643433
4240,2021-11-21 03:11:42,516550,17.620129585266113
4241,2021-11-21 04:11:17,516550,17.681820392608643
4242,2021-11-21 05:11:12,516550,17.25244402885437
4243,2021-11-21 07:11:24,516550,17.19592571258545
4244,2021-11-21 02:11:13,516551,17.16641068458557
4245,2021-11-21 02:11:39,516551,17.209594249725342
4246,2021-11-21 03:11:12,516551,17.31885552406311
4247,2021-11-21 03:11:39,516551,17.46875524520874
4248,2021-11-21 04:11:30,516551,17.383195161819458
4249,2021-11-21 04:11:31,516551,17.38321542739868
4250,2021-11-21 10:11:35,516556,17.179579734802246
4251,2021-11-22 01:11:18,516556,17.317835092544556
4252,2021-11-22 01:11:23,516556,17.349344491958618
4253,2021-11-22 01:11:44,516556,17.248330116271973
4254,2021-11-22 03:11:26,516556,17.401880025863647
4255,2021-11-22 06:11:23,516556,17.2433340549469
4256,2021-11-22 07:11:17,516556,17.229485511779785
4257,2021-11-22 07:11:51,516556,17.404309511184692
4258,2021-11-22 08:11:30,516556,17.20526933670044
4259,2021-11-22 08:11:44,516556,17.24957585334778
4260,2021-11-22 09:11:09,516556,17.452244758605957
4261,2021-11-22 08:11:00,516557,17.294000387191772
4262,2021-11-22 08:11:46,516557,17.117085456848145
4263,2021-11-22 09:11:42,516557,17.337905168533325
4264,2021-11-22 04:11:52,516558,17.242244482040405
4265,2021-11-22 08:11:36,516558,17.346290349960327
4266,2021-11-22 09:11:31,516558,17.342779636383057
4267,2021-11-22 09:11:50,516558,17.65551447868347
4268,2021-11-22 10:11:18,516558,17.344985008239746
4269,2021-11-22 11:11:09,516558,17.294859886169434
4270,2021-11-22 11:11:20,516558,17.423850297927856
4271,2021-11-22 12:11:49,516558,17.382830381393433
4272,2021-11-22 04:11:37,516559,17.408020496368408
4273,2021-11-22 04:11:56,516559,17.241134643554688
4274,2021-11-22 12:11:48,516559,17.23159432411194
4275,2021-11-22 05:11:14,516561,17.383705377578735
4276,2021-11-22 07:11:44,516561,17.284549474716187
4277,2021-11-22 05:11:07,516562,17.25632905960083
4278,2021-11-22 05:11:10,516562,17.324260473251343
4279,2021-11-22 05:11:42,516562,17.165900468826294
4280,2021-11-22 08:11:13,516562,17.31327533721924
4281,2021-11-22 08:11:50,516562,17.222764492034912
4282,2021-11-22 09:11:08,516562,17.394285202026367
4283,2021-11-22 09:11:33,516562,17.20702052116394
4284,2021-11-22 07:11:30,516564,17.6962149143219
4285,2021-11-22 07:11:49,516564,17.60822057723999
4286,2021-11-22 09:11:45,516564,17.47389554977417
4287,2021-11-22 09:11:59,516564,17.4150550365448
4288,2021-11-22 10:11:01,516564,17.437585592269897
4289,2021-11-22 10:11:39,516564,17.330374717712402
4290,2021-11-22 07:11:08,516565,17.333920001983643
4291,2021-11-22 07:11:34,516565,17.41755485534668
4292,2021-11-22 10:11:35,516565,17.278789281845093
4293,2021-11-22 08:11:25,516567,17.298864126205444
4294,2021-11-22 11:11:55,516567,17.24452495574951
4295,2021-11-22 11:11:55,516567,17.262649536132812
4296,2021-11-23 12:11:17,516567,17.307705879211426
4297,2021-11-22 07:11:17,516569,17.33185052871704
4298,2021-11-22 08:11:35,516569,17.289245128631592
4299,2021-11-23 12:11:18,516569,17.354774475097656
4300,2021-11-23 12:11:41,516569,17.373160123825073
4301,2021-11-23 12:11:53,516569,17.550384998321533
4302,2021-11-23 12:11:09,516570,17.331855297088623
4303,2021-11-23 12:11:15,516570,17.29538083076477
4304,2021-11-22 11:11:12,516571,17.285654544830322
4305,2021-11-23 01:11:04,516571,17.422629594802856
4306,2021-11-23 01:11:41,516571,17.38139510154724
4307,2021-11-23 12:11:01,516571,17.326070070266724
4308,2021-11-23 12:11:36,516571,17.24392533302307
4309,2021-11-23 12:11:46,516571,17.42659568786621
4310,2021-11-22 09:11:22,516572,17.10821509361267
4311,2021-11-22 11:11:52,516572,17.18898057937622
4312,2021-11-23 01:11:18,516573,17.121779918670654
4313,2021-11-23 01:11:31,516573,17.458665370941162
4314,2021-11-23 02:11:35,516573,17.199164628982544
4315,2021-11-23 02:11:56,516573,17.45273470878601
4316,2021-11-23 01:11:02,516574,17.397109270095825
4317,2021-11-23 03:11:09,516574,17.3323392868042
4318,2021-11-23 01:11:37,516575,17.313295602798462
4319,2021-11-23 02:11:46,516576,17.653584480285645
4320,2021-11-23 06:11:10,516576,17.413805723190308
4321,2021-11-23 06:11:54,516576,17.53514528274536
4322,2021-11-23 03:11:29,516578,17.525020837783813
4323,2021-11-23 05:11:46,516578,17.450300455093384
4324,2021-11-23 06:11:00,516578,17.138330936431885
4325,2021-11-23 06:11:05,516579,17.165294885635376
4326,2021-11-23 06:11:09,516579,17.34193444252014
4327,2021-11-23 06:11:13,516579,17.267340421676636
4328,2021-11-23 06:11:59,516579,17.57807970046997
4329,2021-11-23 07:11:45,516579,17.560300827026367
4330,2021-11-23 07:11:57,516579,17.309800386428833
4331,2021-11-23 08:11:06,516579,17.23886013031006
4332,2021-11-23 08:11:29,516579,17.342569828033447
4333,2021-11-23 10:11:15,516582,17.341750860214233
4334,2021-11-23 01:11:27,516583,17.101060152053833
4335,2021-11-23 02:11:06,516583,17.470625638961792
4336,2021-11-23 10:11:00,516583,17.27757453918457
4337,2021-11-23 10:11:21,516583,17.045999765396118
4338,2021-11-23 11:11:28,516583,17.429174184799194
4339,2021-11-23 11:11:45,516583,17.42738962173462
4340,2021-11-23 11:11:52,516583,17.45653510093689
4341,2021-11-23 11:11:54,516583,17.35834002494812
4342,2021-11-23 12:11:02,516583,17.246094942092896
4343,2021-11-23 12:11:02,516583,17.524664402008057
4344,2021-11-23 12:11:23,516583,17.45266556739807
4345,2021-11-23 12:11:45,516583,17.463685274124146
4346,2021-11-23 12:11:48,516583,17.202144861221313
4347,2021-11-23 01:11:48,516585,17.479389905929565
4348,2021-11-23 02:11:12,516585,17.56003975868225
4349,2021-11-23 03:11:18,516585,17.242430448532104
4350,2021-11-23 02:11:40,516586,17.335950136184692
4351,2021-11-23 02:11:44,516586,17.29657530784607
4352,2021-11-23 03:11:31,516586,17.318044900894165
4353,2021-11-23 04:11:50,516586,17.312854528427124
4354,2021-11-23 04:11:41,516588,17.405585050582886
4355,2021-11-23 05:11:52,516588,17.596935033798218
4356,2021-11-23 06:11:26,516588,17.293425798416138
4357,2021-11-23 06:11:46,516588,17.462809085845947
4358,2021-11-23 05:11:40,516589,17.28042483329773
4359,2021-11-23 06:11:03,516590,17.34028935432434
4360,2021-11-23 07:11:19,516590,17.36040472984314
4361,2021-11-23 08:11:29,516590,17.293189764022827
4362,2021-11-23 08:11:46,516590,17.40702986717224
4363,2021-11-23 06:11:57,516592,17.563480138778687
4364,2021-11-23 11:11:34,516592,17.56128430366516
4365,2021-11-23 08:11:40,516593,17.598079442977905
4366,2021-11-23 09:11:28,516593,17.472089529037476
4367,2021-11-23 09:11:48,516593,17.450554370880127
4368,2021-11-23 09:11:49,516593,17.558144330978394
4369,2021-11-23 11:11:10,516593,17.394444942474365
4370,2021-11-23 11:11:10,516594,17.666109800338745
4371,2021-11-23 11:11:18,516594,17.3829448223114
4372,2021-11-24 12:11:32,516594,17.465940713882446
4373,2021-11-24 12:11:59,516594,17.159055471420288
4374,2021-11-23 11:11:27,516596,17.345019578933716
4375,2021-11-24 12:11:55,516596,17.524245977401733
4376,2021-11-23 11:11:08,516598,17.65199899673462
4377,2021-11-24 01:11:27,516598,17.433840036392212
4378,2021-11-24 02:11:42,516604,17.54932999610901
4379,2021-11-24 03:11:37,516604,17.387930154800415
4380,2021-11-24 04:11:52,516604,17.32841968536377
4381,2021-11-24 05:11:17,516604,17.399340867996216
4382,2021-11-24 05:11:42,516605,17.408515214920044
4383,2021-11-24 05:11:59,516605,17.302489280700684
4384,2021-11-24 06:11:05,516605,17.585084438323975
4385,2021-11-24 06:11:36,516605,17.493184804916382
4386,2021-11-24 07:11:04,516605,17.462480068206787
4387,2021-11-24 07:11:16,516605,17.237019538879395
4388,2021-11-24 07:11:33,516605,17.522480487823486
4389,2021-11-24 07:11:39,516605,17.515424489974976
4390,2021-11-24 07:11:53,516605,17.36019492149353
4391,2021-11-24 08:11:55,516605,17.47076988220215
4392,2021-11-24 09:11:07,516605,17.422715425491333
4393,2021-11-24 09:11:58,516605,17.35691547393799
4394,2021-11-24 06:11:24,516606,17.604374885559082
4395,2021-11-24 07:11:16,516606,17.49245047569275
4396,2021-11-24 07:11:43,516606,17.414075136184692
4397,2021-11-24 08:11:19,516606,17.16907024383545
4398,2021-11-24 08:11:23,516606,17.43229389190674
4399,2021-11-24 08:11:36,516606,17.446529865264893
4400,2021-11-24 09:11:11,516606,17.374039888381958
4401,2021-11-24 09:11:22,516606,17.415974140167236
4402,2021-11-24 09:11:47,516606,17.548553943634033
4403,2021-11-24 08:11:47,516608,17.43443012237549
4404,2021-11-24 09:11:33,516608,17.264000177383423
4405,2021-11-24 10:11:24,516608,17.401565313339233
4406,2021-11-24 10:11:53,516608,17.387735843658447
4407,2021-11-24 01:11:02,516609,17.360999584197998
4408,2021-11-24 01:11:11,516609,17.340205907821655
4409,2021-11-24 02:11:00,516609,17.408934831619263
4410,2021-11-24 02:11:18,516609,17.27676033973694
4411,2021-11-24 02:11:42,516609,17.585270404815674
4412,2021-11-24 02:11:48,516609,17.246220111846924
4413,2021-11-24 02:11:56,516609,17.527849674224854
4414,2021-11-24 03:11:03,516609,17.52220392227173
4415,2021-11-24 03:11:15,516609,17.360575199127197
4416,2021-11-24 10:11:06,516609,17.74271011352539
4417,2021-11-24 11:11:01,516609,17.388834953308105
4418,2021-11-24 11:11:05,516609,17.48231530189514
4419,2021-11-24 11:11:09,516609,17.502905130386353
4420,2021-11-24 11:11:12,516609,17.491475343704224
4421,2021-11-24 11:11:25,516609,17.350304126739502
4422,2021-11-24 12:11:11,516609,17.30890989303589
4423,2021-11-24 12:11:27,516609,17.296345233917236
4424,2021-11-24 12:11:39,516609,17.590855360031128
4425,2021-11-24 02:11:24,516610,17.290339469909668
4426,2021-11-24 02:11:44,516610,17.47515559196472
4427,2021-11-24 04:11:23,516610,17.200864553451538
4428,2021-11-24 04:11:35,516610,17.34295964241028
4429,2021-11-24 04:11:41,516610,17.43526577949524
4430,2021-11-24 04:11:49,516610,17.33897566795349
4431,2021-11-24 03:11:52,516611,17.364444732666016
4432,2021-11-24 04:11:30,516611,17.59587049484253
4433,2021-11-24 06:11:43,516611,17.622790336608887
4434,2021-11-24 06:11:13,516612,17.35609531402588
4435,2021-11-24 08:11:12,516612,17.488590478897095
4436,2021-11-24 05:11:47,516613,17.492539882659912
4437,2021-11-24 06:11:32,516613,17.364765405654907
4438,2021-11-24 06:11:56,516613,17.254000902175903
4439,2021-11-24 08:11:03,516613,17.597230672836304
4440,2021-11-24 07:11:05,516615,17.493915557861328
4441,2021-11-24 07:11:51,516615,17.56609559059143
4442,2021-11-24 09:11:25,516615,17.547580003738403
4443,2021-11-24 09:11:37,516616,17.518575191497803
4444,2021-11-24 10:11:25,516617,17.599185705184937
4445,2021-11-24 10:11:39,516618,17.50617504119873
4446,2021-11-24 10:11:44,516618,17.654199600219727
4447,2021-11-24 11:11:05,516619,17.59331464767456
4448,2021-11-24 11:11:27,516619,17.630358934402466
4449,2021-11-25 12:11:18,516619,17.5819194316864
4450,2021-11-25 12:11:30,516619,17.422335147857666
4451,2021-11-24 11:11:04,516620,17.388559579849243
4452,2021-11-25 01:11:19,516620,17.733659744262695
4453,2021-11-25 02:11:20,516620,17.76782512664795
4454,2021-11-25 12:11:15,516620,17.5808048248291
4455,2021-11-25 02:11:18,516624,17.462306022644043
4456,2021-11-25 04:11:07,516624,17.350265979766846
4457,2021-11-25 05:11:47,516628,17.373889684677124
4458,2021-11-25 06:11:29,516628,17.318310737609863
4459,2021-11-25 01:11:15,516630,17.580435276031494
4460,2021-11-25 02:11:00,516630,17.469944953918457
4461,2021-11-25 02:11:07,516630,17.642754316329956
4462,2021-11-25 07:11:38,516630,17.41560459136963
4463,2021-11-25 10:11:31,516630,17.60817527770996
4464,2021-11-25 12:11:45,516630,17.24042057991028
4465,2021-11-25 12:11:46,516630,17.307934761047363
4466,2021-11-25 01:11:06,516632,17.120760679244995
4467,2021-11-25 01:11:09,516632,17.668460607528687
4468,2021-11-25 01:11:17,516632,17.502495050430298
4469,2021-11-25 01:11:23,516632,17.55321979522705
4470,2021-11-25 01:11:46,516632,17.50657558441162
4471,2021-11-25 02:11:19,516632,17.197730541229248
4472,2021-11-25 02:11:29,516632,17.163149118423462
4473,2021-11-25 02:11:35,516632,17.77827501296997
4474,2021-11-25 02:11:41,516632,17.418839931488037
4475,2021-11-25 02:11:53,516632,17.439159154891968
4476,2021-11-25 03:11:00,516632,17.51717209815979
4477,2021-11-25 03:11:03,516632,17.590049505233765
4478,2021-11-25 03:11:25,516632,17.366105318069458
4479,2021-11-25 03:11:45,516632,17.439475059509277
4480,2021-11-25 03:11:51,516632,17.371604442596436
4481,2021-11-25 04:11:38,516632,17.261828184127808
4482,2021-11-25 03:11:42,516633,17.563819885253906
4483,2021-11-25 04:11:56,516634,17.250254154205322
4484,2021-11-25 06:11:33,516634,17.310235500335693
4485,2021-11-25 04:11:31,516635,17.693824768066406
4486,2021-11-25 06:11:18,516635,17.499220371246338
4487,2021-11-25 06:11:50,516635,17.587404251098633
4488,2021-11-25 07:11:23,516635,17.427304983139038
4489,2021-11-25 06:11:57,516638,17.69113063812256
4490,2021-11-25 07:11:24,516638,17.6898193359375
4491,2021-11-25 07:11:37,516638,17.524755001068115
4492,2021-11-25 08:11:05,516638,17.69423484802246
4493,2021-11-25 11:11:40,516638,17.55431056022644
4494,2021-11-25 09:11:08,516640,17.596349716186523
4495,2021-11-25 10:11:28,516640,17.494109869003296
4496,2021-11-25 09:11:02,516641,17.523990869522095
4497,2021-11-25 09:11:33,516641,17.297414541244507
4498,2021-11-25 11:11:36,516641,17.358670234680176
4499,2021-11-25 11:11:45,516641,17.562575340270996
4500,2021-11-26 02:11:28,516641,17.323744297027588
4501,2021-11-26 03:11:18,516642,17.331199645996094
4502,2021-11-26 04:11:04,516642,17.336654663085938
4503,2021-11-26 05:11:53,516642,17.388005256652832
4504,2021-11-26 12:11:14,516642,17.30580449104309
4505,2021-11-26 05:11:33,516645,17.352060079574585
4506,2021-11-26 06:11:40,516645,17.617380619049072
4507,2021-11-26 06:11:41,516645,17.454450130462646
4508,2021-11-26 08:11:01,516645,17.294135093688965
4509,2021-11-26 07:11:20,516648,17.656404972076416
4510,2021-11-26 07:11:51,516648,17.247625589370728
4511,2021-11-26 09:11:12,516648,17.22618579864502
4512,2021-11-26 08:11:25,516649,17.440065145492554
4513,2021-11-26 09:11:32,516651,17.54324436187744
4514,2021-11-26 11:11:44,516651,17.586870193481445
4515,2021-11-26 12:11:21,516651,17.385905981063843
4516,2021-11-26 01:11:06,516652,17.382124662399292
4517,2021-11-26 01:11:09,516652,17.445470094680786
4518,2021-11-26 01:11:29,516652,17.727335691452026
4519,2021-11-26 02:11:45,516652,17.32585072517395
4520,2021-11-26 02:11:50,516652,17.4012553691864
4521,2021-11-26 02:11:53,516652,17.473474740982056
4522,2021-11-26 02:11:55,516652,17.513915300369263
4523,2021-11-26 11:11:09,516652,17.499840259552002
4524,2021-11-26 12:11:29,516652,17.428849935531616
4525,2021-11-26 12:11:50,516652,17.604434490203857
4526,2021-11-26 12:11:51,516652,17.571444511413574
4527,2021-11-26 12:11:56,516652,17.076900005340576
4528,2021-11-26 01:11:02,516653,17.561964988708496
4529,2021-11-26 01:11:11,516653,17.493319511413574
4530,2021-11-26 02:11:18,516653,17.517329454421997
4531,2021-11-26 02:11:37,516653,17.47125506401062
4532,2021-11-26 02:11:43,516653,17.116559743881226
4533,2021-11-26 03:11:22,516653,17.6450252532959
4534,2021-11-26 04:11:29,516653,17.342369556427002
4535,2021-11-26 04:11:45,516653,17.316875457763672
4536,2021-11-26 04:11:45,516653,17.636590003967285
4537,2021-11-26 04:11:08,516654,17.471895217895508
4538,2021-11-26 04:11:33,516654,17.406325340270996
4539,2021-11-26 05:11:44,516654,17.26425051689148
4540,2021-11-26 05:11:48,516654,17.459689378738403
4541,2021-11-26 04:11:12,516655,17.16224431991577
4542,2021-11-26 06:11:09,516655,17.477315664291382
4543,2021-11-26 05:11:34,516658,17.688204050064087
4544,2021-11-26 05:11:53,516658,17.683404684066772
4545,2021-11-26 06:11:08,516658,17.30581045150757
4546,2021-11-26 06:11:27,516658,17.444615364074707
4547,2021-11-26 08:11:00,516658,17.57307529449463
4548,2021-11-26 08:11:02,516658,17.675034999847412
4549,2021-11-26 11:11:52,516658,17.470535039901733
4550,2021-11-26 11:11:54,516658,17.49144434928894
4551,2021-11-27 07:11:35,516658,17.56840467453003
4552,2021-11-27 07:11:44,516658,17.53538489341736
4553,2021-11-27 08:11:28,516658,17.384159564971924
4554,2021-11-28 07:11:20,516658,17.29998469352722
4555,2021-11-26 09:11:10,516663,17.44333505630493
4556,2021-11-26 09:11:16,516664,17.314729690551758
4557,2021-11-26 11:11:59,516664,17.34797477722168
4558,2021-11-27 01:11:47,516664,17.207114696502686
4559,2021-11-27 01:11:51,516664,17.213815450668335
4560,2021-11-27 12:11:14,516664,17.3580801486969
4561,2021-11-26 11:11:13,516666,17.563635110855103
4562,2021-11-27 02:11:51,516666,17.359089851379395
4563,2021-11-27 03:11:07,516666,17.390705347061157
4564,2021-11-27 03:11:48,516666,17.454445362091064
4565,2021-11-27 02:11:08,516669,17.303619384765625
4566,2021-11-27 04:11:24,516669,17.264235019683838
4567,2021-11-27 03:11:01,516670,17.205815315246582
4568,2021-11-27 03:11:00,516671,17.27584958076477
4569,2021-11-27 04:11:09,516671,17.67200469970703
4570,2021-11-27 04:11:25,516671,17.234184741973877
4571,2021-11-27 05:11:42,516671,17.31948971748352
4572,2021-11-27 06:11:56,516671,17.44882106781006
4573,2021-11-28 02:11:22,516676,17.509114742279053
4574,2021-11-28 02:11:24,516676,17.717134952545166
4575,2021-11-28 03:11:01,516676,17.56898045539856
4576,2021-11-29 01:11:06,516682,17.466624975204468
4577,2021-11-29 01:11:15,516682,17.480735778808594
4578,2021-11-29 03:11:21,516682,17.309424877166748
4579,2021-11-29 09:11:17,516682,17.501749992370605
4580,2021-11-30 05:11:48,516682,17.312729358673096
4581,2021-11-30 06:11:08,516682,17.443000078201294
4582,2021-11-29 01:11:29,516683,17.222520112991333
4583,2021-11-29 03:11:16,516683,17.535349130630493
4584,2021-11-29 02:11:07,516684,17.416659593582153
4585,2021-11-29 03:11:54,516684,17.579265832901
4586,2021-11-29 02:11:12,516685,17.531739473342896
4587,2021-11-29 03:11:27,516685,17.44275450706482
4588,2021-11-29 04:11:23,516685,17.425190210342407
4589,2021-11-29 04:11:47,516685,17.26386070251465
4590,2021-11-29 04:11:52,516685,17.55773425102234
4591,2021-11-29 04:11:53,516685,17.40838050842285
4592,2021-11-29 05:11:37,516685,17.4398410320282
4593,2021-11-29 06:11:39,516685,17.6541805267334
4594,2021-11-29 06:11:41,516685,17.3117995262146
4595,2021-11-29 07:11:14,516685,17.51558542251587
4596,2021-11-29 07:11:17,516685,17.611610889434814
4597,2021-11-29 07:11:34,516685,17.28556513786316
4598,2021-11-29 07:11:34,516685,17.21530556678772
4599,2021-11-29 07:11:45,516685,17.63243079185486
4600,2021-11-29 07:11:45,516685,17.663135528564453
4601,2021-11-29 07:11:49,516685,17.465224266052246
4602,2021-11-29 09:11:23,516685,17.320876121520996
4603,2021-11-29 09:11:37,516685,17.546069622039795
4604,2021-11-29 10:11:54,516685,17.760804891586304
4605,2021-11-29 09:11:34,516687,17.430520057678223
4606,2021-11-29 10:11:39,516687,17.227635383605957
4607,2021-11-29 11:11:12,516687,17.415695190429688
4608,2021-11-30 12:11:59,516687,17.347145080566406
4609,2021-11-30 01:11:15,516688,17.455865144729614
4610,2021-11-30 12:11:32,516688,17.54109501838684
4611,2021-11-30 01:11:39,516689,17.454559803009033
4612,2021-11-30 03:11:23,516689,17.372390031814575
4613,2021-11-30 05:11:12,516690,17.291059494018555
4614,2021-11-30 05:11:33,516690,17.34363555908203
4615,2021-11-30 05:11:43,516690,17.40078568458557
4616,2021-11-30 06:11:39,516690,17.26489543914795
4617,2021-11-30 06:11:49,516690,17.34682559967041
4618,2021-11-30 07:11:07,516690,17.230764627456665
4619,2021-11-30 07:11:11,516690,17.064294815063477
4620,2021-11-30 07:11:32,516690,17.521004676818848
4621,2021-11-30 06:11:34,516691,17.456729412078857
4622,2021-11-30 08:11:01,516691,17.42893934249878
4623,2021-11-30 09:11:12,516691,17.21158504486084
4624,2021-11-30 09:11:50,516691,17.364695072174072
4625,2021-11-30 11:11:05,516691,17.218459844589233
4626,2021-11-30 11:11:07,516691,17.46246576309204
4627,2021-11-30 11:11:07,516691,17.449064254760742
4628,2021-11-30 12:11:13,516691,17.35127568244934
4629,2021-11-30 09:11:29,516692,17.232595682144165
4630,2021-11-30 10:11:05,516692,17.45734930038452
4631,2021-11-30 10:11:50,516692,17.21703052520752
4632,2021-11-30 11:11:08,516692,17.471580505371094
4633,2021-11-30 11:11:18,516692,17.33201503753662
4634,2021-11-30 12:11:54,516692,17.18503475189209
4635,2021-11-30 11:11:12,516693,17.299795150756836
4636,2021-11-30 01:11:37,516697,17.656604051589966
4637,2021-11-30 01:11:52,516697,17.52771496772766
4638,2021-11-30 02:11:07,516697,17.555965185165405
4639,2021-11-30 02:11:08,516697,17.55136489868164
4640,2021-11-30 02:11:24,516697,17.446675300598145
4641,2021-11-30 02:11:33,516697,17.359580993652344
4642,2021-11-30 02:11:38,516697,17.554463148117065
4643,2021-11-30 03:11:07,516697,17.36697554588318
4644,2021-11-30 03:11:11,516697,17.22670555114746
4645,2021-11-30 03:11:42,516697,17.477344274520874
4646,2021-11-30 05:11:55,516700,17.661385536193848
4647,2021-11-30 09:11:30,516700,17.416194677352905
4648,2021-11-30 11:11:26,516700,17.46967911720276
4649,2021-11-30 11:11:54,516700,17.4924099445343
4650,2021-11-30 10:11:06,516701,17.477010488510132
4651,2021-12-01 06:12:23,516701,17.46475577354431
4652,2021-12-01 02:12:11,516706,17.543224096298218
4653,2021-12-01 12:12:24,516706,17.512924671173096
4654,2021-12-01 03:12:49,516710,17.381950616836548
4655,2021-12-01 03:12:59,516710,17.390345335006714
4656,2021-12-01 01:12:43,516713,17.664209604263306
4657,2021-12-01 03:12:05,516713,17.40999937057495
4658,2021-12-01 03:12:31,516713,17.57843017578125
4659,2021-12-01 03:12:35,516713,17.645939588546753
4660,2021-12-01 03:12:43,516713,17.674455642700195
4661,2021-12-01 05:12:29,516713,17.290425300598145
4662,2021-12-01 06:12:00,516713,17.58247971534729
4663,2021-12-01 07:12:30,516713,17.579975128173828
4664,2021-12-01 08:12:00,516713,17.549450397491455
4665,2021-12-01 08:12:18,516713,17.479705810546875
4666,2021-12-01 08:12:52,516713,17.638214826583862
4667,2021-12-01 08:12:53,516713,17.290796041488647
4668,2021-12-01 09:12:14,516713,17.249884605407715
4669,2021-12-01 09:12:41,516713,17.622865438461304
4670,2021-12-01 11:12:20,516713,17.708660364151
4671,2021-12-01 11:12:23,516713,17.491719722747803
4672,2021-12-01 11:12:52,516713,17.634499073028564
4673,2021-12-01 12:12:06,516713,17.571134567260742
4674,2021-12-01 12:12:37,516713,17.516385316848755
4675,2021-12-01 07:12:30,516714,17.554960250854492
4676,2021-12-01 10:12:04,516714,17.661255598068237
4677,2021-12-01 10:12:44,516714,17.51673936843872
4678,2021-12-01 10:12:46,516714,17.563509941101074
4679,2021-12-01 10:12:58,516714,17.56115436553955
4680,2021-12-01 11:12:09,516714,17.6506245136261
4681,2021-12-02 01:12:26,516714,17.423781156539917
4682,2021-12-02 01:12:55,516714,17.628895044326782
4683,2021-12-02 01:12:57,516714,17.25672960281372
4684,2021-12-02 01:12:38,516715,17.073780298233032
4685,2021-12-02 12:12:57,516715,17.35206961631775
4686,2021-12-02 12:12:57,516715,17.667574882507324
4687,2021-12-02 02:12:04,516716,17.471541166305542
4688,2021-12-02 09:12:11,516716,17.469160556793213
4689,2021-12-02 12:12:41,516716,17.44563341140747
4690,2021-12-02 12:12:42,516716,17.48784303665161
4691,2021-12-02 02:12:11,516719,17.534587383270264
4692,2021-12-02 02:12:28,516719,17.339924573898315
4693,2021-12-02 03:12:24,516719,17.67881989479065
4694,2021-12-02 03:12:54,516719,17.23204255104065
4695,2021-12-02 04:12:16,516719,17.642017602920532
4696,2021-12-02 04:12:29,516719,17.486040592193604
4697,2021-12-02 05:12:45,516723,17.649918794631958
4698,2021-12-02 08:12:10,516725,17.75584578514099
4699,2021-12-02 08:12:53,516725,17.492130994796753
4700,2021-12-02 09:12:00,516725,17.494155168533325
4701,2021-12-02 09:12:07,516725,17.38373637199402
4702,2021-12-02 09:12:46,516727,17.575076818466187
4703,2021-12-02 09:12:55,516727,17.101755142211914
4704,2021-12-02 10:12:01,516727,17.594109773635864
4705,2021-12-02 10:12:34,516727,17.772881984710693
4706,2021-12-02 11:12:16,516727,17.573416233062744
4707,2021-12-02 11:12:17,516727,17.57175326347351
4708,2021-12-02 11:12:27,516727,17.498244047164917
4709,2021-12-02 11:12:45,516727,17.49966859817505
4710,2021-12-02 12:12:52,516727,17.53007411956787
4711,2021-12-02 12:12:55,516727,17.432725429534912
4712,2021-12-02 12:12:57,516727,17.432117462158203
4713,2021-12-02 01:12:21,516728,17.475985288619995
4714,2021-12-02 01:12:23,516728,17.458235025405884
4715,2021-12-02 01:12:39,516728,17.51753330230713
4716,2021-12-02 01:12:57,516728,17.457244396209717
4717,2021-12-02 02:12:31,516728,17.55776047706604
4718,2021-12-02 02:12:49,516728,17.499932050704956
4719,2021-12-02 02:12:51,516728,17.491350173950195
4720,2021-12-02 02:12:58,516728,17.707467079162598
4721,2021-12-02 03:12:01,516728,17.37003803253174
4722,2021-12-02 12:12:07,516728,17.395014762878418
4723,2021-12-02 12:12:27,516728,17.513567209243774
4724,2021-12-02 12:12:27,516728,17.312015295028687
4725,2021-12-02 12:12:47,516728,17.54237174987793
4726,2021-12-02 03:12:31,516729,17.720366716384888
4727,2021-12-02 03:12:54,516731,17.884633541107178
4728,2021-12-02 04:12:42,516732,17.202647924423218
4729,2021-12-02 05:12:15,516732,17.35334873199463
4730,2021-12-02 05:12:05,516734,17.50000834465027
4731,2021-12-02 05:12:49,516735,17.73896813392639
4732,2021-12-02 07:12:24,516735,17.65754461288452
4733,2021-12-02 06:12:01,516736,17.362557649612427
4734,2021-12-02 10:12:28,516736,17.648181915283203
4735,2021-12-02 08:12:52,516737,17.42381453514099
4736,2021-12-02 08:12:53,516737,17.54341721534729
4737,2021-12-02 10:12:44,516737,17.58702516555786
4738,2021-12-02 11:12:07,516737,17.41023302078247
4739,2021-12-02 08:12:34,516739,17.572120428085327
4740,2021-12-02 08:12:56,516739,17.61802911758423
4741,2021-12-02 08:12:59,516739,17.545037269592285
4742,2021-12-02 10:12:09,516739,17.35170602798462
4743,2021-12-02 11:12:31,516739,17.468310594558716
4744,2021-12-03 12:12:07,516739,17.29405641555786
4745,2021-12-03 12:12:10,516739,17.466235160827637
4746,2021-12-02 11:12:33,516740,17.42138147354126
4747,2021-12-03 01:12:55,516740,17.305697202682495
4748,2021-12-03 01:12:08,516742,17.442750930786133
4749,2021-12-03 12:12:09,516742,17.55144715309143
4750,2021-12-03 01:12:08,516743,17.339195013046265
4751,2021-12-03 03:12:38,516749,17.350850105285645
4752,2021-12-03 05:12:28,516754,17.25471019744873
4753,2021-12-03 06:12:43,516754,17.50181794166565
4754,2021-12-03 07:12:57,516754,17.693220376968384
4755,2021-12-03 06:12:16,516755,17.297358512878418
4756,2021-12-03 06:12:49,516755,17.757513523101807
4757,2021-12-03 08:12:48,516755,17.733699083328247
4758,2021-12-03 09:12:16,516755,17.27855920791626
4759,2021-12-03 09:12:44,516755,17.49350905418396
4760,2021-12-03 07:12:04,516756,17.381057739257812
4761,2021-12-03 07:12:48,516756,17.193832397460938
4762,2021-12-03 07:12:52,516756,17.646578550338745
4763,2021-12-03 08:12:22,516756,17.551244497299194
4764,2021-12-03 08:12:56,516756,17.219386100769043
4765,2021-12-03 09:12:56,516760,17.581310272216797
4766,2021-12-03 11:12:31,516760,17.646310329437256
4767,2021-12-03 01:12:09,516761,17.549667358398438
4768,2021-12-03 01:12:09,516761,17.48513102531433
4769,2021-12-03 01:12:17,516761,17.410067319869995
4770,2021-12-03 01:12:30,516761,17.14152216911316
4771,2021-12-03 01:12:32,516761,17.664116621017456
4772,2021-12-03 01:12:44,516761,17.295024394989014
4773,2021-12-03 01:12:50,516761,17.45552897453308
4774,2021-12-03 01:12:58,516761,17.595771551132202
4775,2021-12-03 03:12:15,516761,17.590941190719604
4776,2021-12-03 03:12:48,516761,17.319425344467163
4777,2021-12-03 10:12:55,516761,17.415261268615723
4778,2021-12-03 12:12:21,516761,17.353161573410034
4779,2021-12-03 12:12:23,516761,17.34923243522644
4780,2021-12-03 12:12:44,516761,17.414878606796265
4781,2021-12-03 05:12:28,516763,17.369484901428223
4782,2021-12-03 05:12:39,516763,17.23409414291382
4783,2021-12-03 06:12:29,516763,17.53118634223938
4784,2021-12-03 06:12:49,516763,17.230979204177856
4785,2021-12-03 05:12:38,516765,17.3832368850708
4786,2021-12-03 06:12:05,516765,17.66910195350647
4787,2021-12-03 06:12:59,516765,17.519603967666626
4788,2021-12-03 07:12:56,516765,17.402795553207397
4789,2021-12-03 07:12:56,516769,17.291933298110962
4790,2021-12-03 08:12:43,516769,17.530269622802734
4791,2021-12-03 11:12:45,516769,17.582154273986816
4792,2021-12-03 11:12:57,516769,17.594882249832153
4793,2021-12-03 11:12:30,516770,17.40460753440857
4794,2021-12-04 12:12:22,516770,17.44869828224182
4795,2021-12-04 01:12:41,516771,17.248154878616333
4796,2021-12-04 01:12:44,516771,17.581043243408203
4797,2021-12-04 12:12:29,516771,17.313698530197144
4798,2021-12-04 12:12:36,516771,17.658902406692505
4799,2021-12-04 02:12:59,516772,17.362170219421387
4800,2021-12-04 12:12:06,516772,17.388527393341064
4801,2021-12-04 01:12:33,516775,17.753270864486694
4802,2021-12-04 02:12:01,516775,17.382760047912598
4803,2021-12-04 03:12:23,516775,17.504972219467163
4804,2021-12-04 03:12:23,516775,17.432836294174194
4805,2021-12-04 01:12:06,516778,17.750670909881592
4806,2021-12-04 01:12:26,516778,17.60278344154358
4807,2021-12-04 02:12:28,516778,17.098630666732788
4808,2021-12-04 03:12:56,516778,17.4627685546875
4809,2021-12-04 02:12:26,516779,17.56155490875244
4810,2021-12-04 03:12:41,516779,17.70301103591919
4811,2021-12-04 02:12:26,516780,17.580543756484985
4812,2021-12-04 02:12:49,516780,17.54330277442932
4813,2021-12-04 04:12:45,516780,17.42118000984192
4814,2021-12-04 05:12:03,516781,17.586746215820312
4815,2021-12-04 06:12:00,516781,17.59405016899109
4816,2021-12-04 06:12:39,516781,17.371212244033813
4817,2021-12-04 06:12:51,516781,17.562838792800903
4818,2021-12-04 08:12:07,516781,17.17334508895874
4819,2021-12-04 08:12:30,516781,17.259551286697388
4820,2021-12-05 03:12:12,516791,17.365509271621704
4821,2021-12-05 04:12:03,516791,17.567477226257324
4822,2021-12-05 06:12:26,516791,17.425836324691772
4823,2021-12-05 10:12:09,516791,17.470520734786987
4824,2021-12-06 04:12:20,516794,17.49943971633911
4825,2021-12-06 05:12:36,516795,17.29755997657776
4826,2021-12-06 06:12:21,516796,17.293606996536255
4827,2021-12-06 09:12:08,516796,17.651890516281128
4828,2021-12-06 10:12:28,516796,17.43733048439026
4829,2021-12-06 10:12:55,516796,17.751870155334473
4830,2021-12-06 11:12:45,516796,17.475879192352295
4831,2021-12-06 12:12:03,516796,17.266989946365356
4832,2021-12-06 03:12:13,516797,17.344032526016235
4833,2021-12-06 04:12:00,516797,17.30052351951599
4834,2021-12-06 04:12:16,516797,17.499890327453613
4835,2021-12-06 04:12:50,516797,17.455332279205322
4836,2021-12-06 04:12:57,516797,17.156004905700684
4837,2021-12-06 05:12:20,516797,17.52012014389038
4838,2021-12-06 05:12:51,516797,17.542988061904907
4839,2021-12-06 04:12:23,516798,17.440496683120728
4840,2021-12-06 04:12:35,516798,17.619951963424683
4841,2021-12-06 05:12:07,516798,17.5085711479187
4842,2021-12-06 05:12:17,516798,17.148548364639282
4843,2021-12-06 05:12:20,516798,17.403700351715088
4844,2021-12-06 05:12:43,516798,17.286479473114014
4845,2021-12-06 05:12:56,516798,17.387309074401855
4846,2021-12-06 06:12:00,516798,17.646902799606323
4847,2021-12-06 06:12:07,516798,17.01011300086975
4848,2021-12-06 06:12:10,516798,17.40264058113098
4849,2021-12-06 06:12:33,516798,17.513347864151
4850,2021-12-06 07:12:09,516798,17.37605929374695
4851,2021-12-06 07:12:17,516798,17.44600534439087
4852,2021-12-06 07:12:17,516798,17.275689840316772
4853,2021-12-06 07:12:29,516798,17.396137714385986
4854,2021-12-06 07:12:41,516798,17.399996519088745
4855,2021-12-06 07:12:51,516798,17.477630376815796
4856,2021-12-06 08:12:12,516798,17.469416856765747
4857,2021-12-06 08:12:56,516798,17.498522996902466
4858,2021-12-06 08:12:05,516800,17.536593675613403
4859,2021-12-06 09:12:08,516800,17.49125838279724
4860,2021-12-06 09:12:18,516800,17.36143946647644
4861,2021-12-06 10:12:06,516800,17.455711364746094
4862,2021-12-06 10:12:57,516800,17.370506525039673
4863,2021-12-06 11:12:01,516800,17.04901695251465
4864,2021-12-06 11:12:06,516800,17.43177056312561
4865,2021-12-06 11:12:06,516800,17.41644859313965
4866,2021-12-06 11:12:24,516800,17.65188694000244
4867,2021-12-06 11:12:29,516800,17.134374380111694
4868,2021-12-07 12:12:53,516800,17.332265377044678
4869,2021-12-07 12:12:54,516800,17.457072734832764
4870,2021-12-07 01:12:06,516804,17.546257972717285
4871,2021-12-07 02:12:44,516804,17.500698566436768
4872,2021-12-07 01:12:22,516805,17.619458436965942
4873,2021-12-07 02:12:34,516805,17.564282417297363
4874,2021-12-07 12:12:55,516805,17.508187294006348
4875,2021-12-07 02:12:24,516806,17.781963348388672
4876,2021-12-07 06:12:42,516810,17.45431423187256
4877,2021-12-07 07:12:20,516810,17.487988471984863
4878,2021-12-07 06:12:37,516811,17.210865020751953
4879,2021-12-07 09:12:43,516815,17.312792539596558
4880,2021-12-07 11:12:43,516815,17.394591569900513
4881,2021-12-07 10:12:28,516818,17.43048906326294
4882,2021-12-07 11:12:24,516818,17.550950050354004
4883,2021-12-07 12:12:08,516818,17.44194507598877
4884,2021-12-07 01:12:11,516821,17.40539789199829
4885,2021-12-07 02:12:15,516823,17.31586217880249
4886,2021-12-07 04:12:22,516823,17.332843542099
4887,2021-12-07 04:12:19,516825,17.151269912719727
4888,2021-12-07 04:12:31,516825,17.312976121902466
4889,2021-12-07 05:12:31,516825,17.516419887542725
4890,2021-12-07 06:12:29,516825,17.230074405670166
4891,2021-12-07 06:12:51,516825,17.670973539352417
4892,2021-12-07 08:12:05,516825,17.718429565429688
4893,2021-12-07 08:12:42,516825,17.336188554763794
4894,2021-12-07 09:12:02,516825,17.47626781463623
4895,2021-12-07 09:12:03,516825,17.511461973190308
4896,2021-12-07 09:12:18,516825,17.771310806274414
4897,2021-12-07 09:12:30,516825,17.541319131851196
4898,2021-12-07 09:12:55,516825,17.459635734558105
4899,2021-12-07 10:12:26,516825,17.57626175880432
4900,2021-12-07 10:12:41,516825,17.44186043739319
4901,2021-12-07 10:12:55,516825,17.507766485214233
4902,2021-12-07 11:12:06,516825,17.50122904777527
4903,2021-12-07 11:12:08,516825,17.56326198577881
4904,2021-12-07 11:12:38,516825,17.321830987930298
4905,2021-12-07 11:12:43,516825,17.23540186882019
4906,2021-12-07 11:12:56,516825,17.404099702835083
4907,2021-12-08 12:12:27,516825,17.100467681884766
4908,2021-12-08 12:12:31,516825,17.196751832962036
4909,2021-12-08 12:12:36,516825,17.466013431549072
4910,2021-12-07 11:12:04,516826,17.723896503448486
4911,2021-12-08 01:12:36,516826,17.75897979736328
4912,2021-12-08 12:12:24,516826,17.30005979537964
4913,2021-12-08 12:12:32,516826,17.770779132843018
4914,2021-12-08 01:12:52,516828,17.55635380744934
4915,2021-12-08 04:12:07,516828,17.430753707885742
4916,2021-12-08 05:12:50,516828,17.56596803665161
4917,2021-12-08 06:12:01,516829,17.578165531158447
4918,2021-12-08 06:12:37,516829,17.41687536239624
4919,2021-12-08 07:12:15,516829,17.132463455200195
4920,2021-12-08 07:12:19,516829,17.46015429496765
4921,2021-12-08 07:12:09,516830,17.45166540145874
4922,2021-12-08 07:12:19,516830,17.42164969444275
4923,2021-12-08 07:12:19,516830,17.501840591430664
4924,2021-12-08 07:12:46,516830,17.514933347702026
4925,2021-12-08 07:12:56,516830,17.326043844223022
4926,2021-12-08 08:12:48,516830,17.679775953292847
4927,2021-12-08 08:12:54,516830,17.713913917541504
4928,2021-12-08 09:12:17,516830,17.60205388069153
4929,2021-12-08 09:12:44,516830,17.1781063079834
4930,2021-12-08 09:12:49,516830,17.284469604492188
4931,2021-12-08 09:12:53,516830,17.42531418800354
4932,2021-12-08 10:12:46,516830,17.42013931274414
4933,2021-12-08 11:12:07,516830,17.416880130767822
4934,2021-12-08 10:12:00,516832,17.685201168060303
4935,2021-12-08 11:12:03,516832,17.507914304733276
4936,2021-12-08 11:12:36,516832,17.60705590248108
4937,2021-12-08 12:12:00,516832,17.30791211128235
4938,2021-12-08 12:12:05,516832,17.52731204032898
4939,2021-12-08 12:12:07,516832,17.572158575057983
4940,2021-12-08 01:12:37,516833,17.66439199447632
4941,2021-12-08 01:12:51,516833,17.504637241363525
4942,2021-12-08 02:12:13,516833,17.470853328704834
4943,2021-12-08 02:12:21,516833,17.424906492233276
4944,2021-12-08 12:12:16,516833,17.42284893989563
4945,2021-12-08 12:12:22,516833,17.589516639709473
4946,2021-12-08 12:12:47,516833,17.496044635772705
4947,2021-12-08 01:12:52,516834,17.52584457397461
4948,2021-12-08 02:12:28,516834,17.630921602249146
4949,2021-12-08 02:12:48,516834,17.685500383377075
4950,2021-12-08 03:12:02,516834,17.384350299835205
4951,2021-12-08 03:12:43,516834,17.722257375717163
4952,2021-12-08 03:12:55,516834,17.657138109207153
4953,2021-12-08 03:12:28,516835,17.543238401412964
4954,2021-12-08 04:12:10,516835,17.568531036376953
4955,2021-12-08 04:12:44,516838,17.40921139717102
4956,2021-12-08 05:12:25,516838,17.632975578308105
4957,2021-12-08 05:12:44,516838,17.352546453475952
4958,2021-12-08 05:12:12,516839,17.279590368270874
4959,2021-12-08 06:12:13,516839,17.448900938034058
4960,2021-12-08 06:12:03,516840,17.612584829330444
4961,2021-12-08 07:12:13,516840,17.559627294540405
4962,2021-12-08 08:12:42,516840,17.43952989578247
4963,2021-12-08 08:12:49,516840,17.301863431930542
4964,2021-12-08 06:12:17,516841,17.485322952270508
4965,2021-12-08 06:12:59,516841,17.52037525177002
4966,2021-12-08 08:12:47,516841,17.3604679107666
4967,2021-12-08 09:12:18,516841,17.305885553359985
4968,2021-12-08 09:12:57,516841,17.330178022384644
4969,2021-12-08 09:12:45,516843,17.400459051132202
4970,2021-12-08 10:12:41,516843,17.515671253204346
4971,2021-12-08 09:12:10,516844,17.552248239517212
4972,2021-12-08 10:12:57,516846,17.53395915031433
4973,2021-12-08 11:12:03,516846,17.30665683746338
4974,2021-12-08 11:12:10,516849,17.46053457260132
4975,2021-12-08 11:12:43,516849,17.7424418926239
4976,2021-12-09 12:12:08,516849,17.46342897415161
4977,2021-12-09 01:12:23,516851,17.3985493183136
4978,2021-12-09 02:12:08,516851,17.395408153533936
4979,2021-12-09 01:12:19,516854,17.464640140533447
4980,2021-12-09 03:12:11,516854,17.44335651397705
4981,2021-12-09 04:12:36,516856,17.69130825996399
4982,2021-12-09 04:12:49,516856,17.631068229675293
4983,2021-12-09 07:12:27,516859,17.408816814422607
4984,2021-12-09 08:12:11,516859,17.445740699768066
4985,2021-12-09 06:12:42,516860,17.479686737060547
4986,2021-12-09 06:12:48,516860,17.454222440719604
4987,2021-12-09 07:12:02,516860,17.44325876235962
4988,2021-12-09 07:12:55,516860,17.36660599708557
4989,2021-12-09 06:12:00,516861,17.4676513671875
4990,2021-12-09 06:12:34,516861,17.50714421272278
4991,2021-12-09 07:12:20,516861,17.551835775375366
4992,2021-12-09 07:12:56,516861,17.421034574508667
4993,2021-12-09 08:12:14,516861,17.542132139205933
4994,2021-12-09 01:12:06,516864,17.64956831932068
4995,2021-12-09 01:12:08,516864,17.463533878326416
4996,2021-12-09 01:12:08,516864,17.417831420898438
4997,2021-12-09 01:12:21,516864,17.20622181892395
4998,2021-12-09 01:12:28,516864,17.291853427886963
4999,2021-12-09 01:12:35,516864,17.722392082214355
5000,2021-12-09 02:12:03,516864,17.52219319343567
5001,2021-12-09 02:12:31,516864,17.423731088638306
5002,2021-12-09 02:12:49,516864,17.423492670059204
5003,2021-12-09 02:12:54,516864,17.55298614501953
5004,2021-12-09 02:12:57,516864,17.269275188446045
5005,2021-12-09 09:12:12,516864,17.329288721084595
5006,2021-12-09 09:12:44,516864,17.44014263153076
5007,2021-12-09 09:12:48,516864,17.552353143692017
5008,2021-12-09 09:12:50,516864,17.425872087478638
5009,2021-12-09 10:12:22,516864,17.289186716079712
5010,2021-12-09 11:12:11,516864,17.660726308822632
5011,2021-12-09 11:12:16,516864,17.312991619110107
5012,2021-12-09 11:12:18,516864,17.572838068008423
5013,2021-12-09 12:12:49,516864,17.461484670639038
5014,2021-12-09 02:12:04,516865,17.392326593399048
5015,2021-12-09 03:12:04,516865,17.370017766952515
5016,2021-12-09 03:12:22,516865,17.408440113067627
5017,2021-12-09 03:12:35,516865,17.503775358200073
5018,2021-12-09 03:12:45,516865,17.52471685409546
5019,2021-12-09 04:12:08,516865,17.138662338256836
5020,2021-12-09 05:12:42,516865,17.116669416427612
5021,2021-12-09 05:12:51,516865,17.544841766357422
5022,2021-12-09 03:12:51,516866,17.873830795288086
5023,2021-12-09 04:12:04,516866,17.569410800933838
5024,2021-12-09 03:12:26,516867,17.405682802200317
5025,2021-12-09 03:12:55,516867,17.380807399749756
5026,2021-12-09 04:12:42,516867,17.31051206588745
5027,2021-12-09 05:12:12,516867,17.428470849990845
5028,2021-12-09 04:12:24,516869,17.47527837753296
5029,2021-12-09 04:12:49,516869,17.634925842285156
5030,2021-12-09 05:12:20,516869,17.36503005027771
5031,2021-12-09 05:12:50,516869,17.583523988723755
5032,2021-12-09 07:12:56,516869,17.305413484573364
5033,2021-12-09 06:12:15,516871,17.4200177192688
5034,2021-12-09 06:12:41,516871,17.558505535125732
5035,2021-12-09 06:12:43,516871,17.74044156074524
5036,2021-12-09 07:12:03,516871,17.38925337791443
5037,2021-12-09 07:12:57,516871,17.577872276306152
5038,2021-12-09 06:12:33,516872,17.461763620376587
5039,2021-12-09 11:12:36,516877,17.62041926383972
5040,2021-12-09 11:12:30,516878,17.317856550216675
5041,2021-12-10 01:12:33,516880,17.391256093978882
5042,2021-12-10 03:12:18,516880,17.361509799957275
5043,2021-12-10 01:12:47,516883,17.71345019340515
5044,2021-12-10 01:12:48,516883,17.750030755996704
5045,2021-12-10 05:12:27,516883,17.543307542800903
5046,2021-12-10 05:12:35,516883,17.56992220878601
5047,2021-12-10 06:12:14,516883,17.560466527938843
5048,2021-12-10 06:12:24,516883,17.56085991859436
5049,2021-12-10 07:12:05,516883,17.33855962753296
5050,2021-12-10 08:12:04,516883,17.39043951034546
5051,2021-12-10 09:12:48,516883,17.441643476486206
5052,2021-12-10 10:12:00,516883,17.435966730117798
5053,2021-12-10 10:12:13,516883,17.038885354995728
5054,2021-12-10 11:12:11,516883,17.58054494857788
5055,2021-12-10 11:12:36,516883,17.654869556427002
5056,2021-12-10 12:12:37,516883,17.36733078956604
5057,2021-12-10 01:12:36,516884,17.372009754180908
5058,2021-12-10 01:12:59,516884,17.755743265151978
5059,2021-12-10 02:12:53,516884,16.995909214019775
5060,2021-12-10 11:12:51,516884,17.55880355834961
5061,2021-12-10 12:12:54,516884,17.52009391784668
5062,2021-12-10 01:12:20,516885,17.59089708328247
5063,2021-12-10 01:12:32,516885,17.653228044509888
5064,2021-12-10 02:12:12,516885,17.553834915161133
5065,2021-12-10 03:12:02,516885,17.51906991004944
5066,2021-12-10 04:12:06,516885,17.227272987365723
5067,2021-12-10 04:12:46,516885,17.2568416595459
5068,2021-12-10 02:12:24,516886,17.440611124038696
5069,2021-12-10 02:12:26,516887,17.595418691635132
5070,2021-12-10 03:12:42,516887,17.697023153305054
5071,2021-12-10 04:12:07,516887,17.570290565490723
5072,2021-12-10 04:12:08,516887,17.504658699035645
5073,2021-12-10 03:12:20,516888,17.714545726776123
5074,2021-12-10 04:12:17,516888,17.543541193008423
5075,2021-12-10 04:12:45,516888,17.331472635269165
5076,2021-12-10 05:12:10,516888,17.550209760665894
5077,2021-12-10 06:12:12,516892,17.63537883758545
5078,2021-12-10 06:12:55,516892,17.586357593536377
5079,2021-12-10 07:12:59,516892,17.578779458999634
5080,2021-12-10 08:12:19,516892,17.439570426940918
5081,2021-12-10 08:12:54,516892,17.43218183517456
5082,2021-12-10 07:12:42,516893,17.31435775756836
5083,2021-12-10 08:12:17,516893,17.319140434265137
5084,2021-12-10 10:12:05,516893,17.274373769760132
5085,2021-12-10 10:12:10,516893,17.570252418518066
5086,2021-12-10 10:12:15,516893,17.73421883583069
5087,2021-12-10 10:12:29,516893,17.681889533996582
5088,2021-12-10 08:12:05,516894,17.447632551193237
5089,2021-12-10 08:12:31,516895,17.512022256851196
5090,2021-12-10 09:12:45,516895,17.401142120361328
5091,2021-12-10 09:12:54,516895,17.3960542678833
5092,2021-12-10 10:12:30,516895,17.488996982574463
5093,2021-12-10 10:12:38,516895,17.56327748298645
5094,2021-12-10 09:12:23,516896,17.47675061225891
5095,2021-12-10 09:12:33,516896,17.679227590560913
5096,2021-12-10 09:12:51,516896,17.594709396362305
5097,2021-12-10 10:12:56,516896,17.411340475082397
5098,2021-12-10 11:12:02,516896,17.59886860847473
5099,2021-12-10 11:12:48,516896,17.633991241455078
5100,2021-12-10 10:12:31,516897,17.452566623687744
5101,2021-12-10 11:12:56,516897,16.906839609146118
5102,2021-12-10 11:12:01,516898,17.44944453239441
5103,2021-12-11 01:12:06,516898,17.511016130447388
5104,2021-12-11 12:12:42,516898,17.737678289413452
5105,2021-12-11 12:12:53,516898,17.10366129875183
5106,2021-12-11 01:12:51,516900,17.235634326934814
5107,2021-12-11 12:12:07,516900,17.477656602859497
5108,2021-12-11 12:12:17,516900,17.343252897262573
5109,2021-12-11 02:12:20,516901,17.56729245185852
5110,2021-12-11 02:12:29,516901,17.217674255371094
5111,2021-12-11 03:12:39,516901,17.572696208953857
5112,2021-12-11 12:12:36,516901,17.656015157699585
5113,2021-12-11 03:12:11,516902,17.554858922958374
5114,2021-12-11 05:12:20,516902,17.662224769592285
5115,2021-12-11 01:12:06,516909,17.71610379219055
5116,2021-12-11 02:12:11,516909,17.356078624725342
5117,2021-12-11 11:12:26,516909,17.488186359405518
5118,2021-12-11 12:12:33,516909,17.315105199813843
5119,2021-12-12 01:12:06,516909,17.317514419555664
5120,2021-12-12 01:12:18,516909,17.64304280281067
5121,2021-12-12 01:12:35,516909,17.292979955673218
5122,2021-12-12 01:12:59,516909,17.38428831100464
5123,2021-12-12 02:12:10,516909,17.300797700881958
5124,2021-12-12 02:12:42,516909,17.471587657928467
5125,2021-12-12 12:12:07,516909,17.23374843597412
5126,2021-12-12 12:12:53,516909,17.519632577896118
5127,2021-12-12 04:12:26,516910,17.444897890090942
5128,2021-12-12 05:12:25,516910,17.25274682044983
5129,2021-12-12 06:12:18,516910,17.559319734573364
5130,2021-12-12 06:12:23,516910,17.23852515220642
5131,2021-12-12 06:12:30,516911,17.49788761138916
5132,2021-12-12 07:12:06,516911,17.356258630752563
5133,2021-12-12 01:12:25,516912,17.36750841140747
5134,2021-12-12 01:12:40,516912,17.83705472946167
5135,2021-12-12 02:12:20,516912,17.150381803512573
5136,2021-12-12 02:12:54,516912,17.416001558303833
5137,2021-12-12 03:12:31,516912,17.547614574432373
5138,2021-12-12 03:12:45,516912,17.61913537979126
5139,2021-12-13 04:12:18,516914,17.318012714385986
5140,2021-12-13 06:12:15,516914,17.55098581314087
5141,2021-12-13 06:12:50,516915,17.44220495223999
5142,2021-12-13 07:12:01,516915,17.722562551498413
5143,2021-12-13 07:12:05,516915,17.597687244415283
5144,2021-12-13 07:12:08,516915,17.44816541671753
5145,2021-12-13 07:12:32,516915,17.659040689468384
5146,2021-12-13 08:12:12,516915,17.70196557044983
5147,2021-12-13 08:12:25,516915,17.41507887840271
5148,2021-12-13 08:12:47,516915,17.042698860168457
5149,2021-12-13 09:12:16,516915,17.369757890701294
5150,2021-12-13 09:12:40,516915,17.523460388183594
5151,2021-12-13 01:12:04,516916,17.446308135986328
5152,2021-12-13 01:12:38,516916,17.63008952140808
5153,2021-12-13 01:12:42,516916,17.367023229599
5154,2021-12-13 01:12:51,516916,17.52382755279541
5155,2021-12-13 01:12:56,516916,17.38683819770813
5156,2021-12-13 02:12:15,516916,17.685657739639282
5157,2021-12-13 02:12:16,516916,17.5351881980896
5158,2021-12-13 02:12:17,516916,17.69518494606018
5159,2021-12-13 02:12:48,516916,17.196046113967896
5160,2021-12-13 03:12:04,516916,17.466636896133423
5161,2021-12-13 03:12:07,516916,17.450424432754517
5162,2021-12-13 03:12:13,516916,17.355504035949707
5163,2021-12-13 03:12:34,516916,17.42112398147583
5164,2021-12-13 03:12:38,516916,17.463135719299316
5165,2021-12-13 07:12:33,516916,17.415013313293457
5166,2021-12-13 08:12:58,516916,17.487093210220337
5167,2021-12-13 09:12:33,516916,17.500118017196655
5168,2021-12-13 10:12:05,516916,17.405027151107788
5169,2021-12-13 10:12:09,516916,17.586147785186768
5170,2021-12-13 10:12:25,516916,17.508862018585205
5171,2021-12-13 10:12:40,516916,17.687857151031494
5172,2021-12-13 11:12:02,516916,16.96015238761902
5173,2021-12-13 11:12:38,516916,17.494590282440186
5174,2021-12-13 11:12:43,516916,17.503960132598877
5175,2021-12-13 11:12:46,516916,17.58819341659546
5176,2021-12-13 11:12:50,516916,17.737571001052856
5177,2021-12-13 12:12:28,516916,17.40664839744568
5178,2021-12-13 12:12:29,516916,17.4483323097229
5179,2021-12-13 12:12:52,516916,17.299675941467285
5180,2021-12-13 02:12:56,516917,17.414860725402832
5181,2021-12-13 03:12:02,516917,17.71170139312744
5182,2021-12-13 03:12:17,516917,17.36411452293396
5183,2021-12-13 03:12:19,516917,17.579516172409058
5184,2021-12-13 03:12:31,516917,17.391420602798462
5185,2021-12-13 03:12:33,516917,17.523406744003296
5186,2021-12-13 03:12:33,516917,17.239325046539307
5187,2021-12-13 03:12:37,516917,17.505093812942505
5188,2021-12-13 04:12:34,516917,17.485876083374023
5189,2021-12-13 04:12:34,516917,17.26008892059326
5190,2021-12-13 04:12:43,516917,17.187845706939697
5191,2021-12-13 05:12:32,516917,17.5198757648468
5192,2021-12-13 05:12:00,516918,17.700984477996826
5193,2021-12-13 06:12:16,516918,17.28210210800171
5194,2021-12-13 08:12:08,516921,17.548353672027588
5195,2021-12-13 09:12:13,516921,17.456895112991333
5196,2021-12-13 08:12:38,516922,17.396713495254517
5197,2021-12-13 09:12:17,516922,17.244887351989746
5198,2021-12-13 09:12:28,516922,17.471649646759033
5199,2021-12-13 09:12:37,516922,17.678000926971436
5200,2021-12-13 10:12:21,516922,17.381811141967773
5201,2021-12-13 10:12:43,516922,17.53687024116516
5202,2021-12-13 10:12:32,516924,17.332624197006226
5203,2021-12-13 10:12:42,516924,17.61780023574829
5204,2021-12-13 11:12:10,516924,17.506946325302124
5205,2021-12-13 11:12:29,516924,17.534836530685425
5206,2021-12-14 01:12:04,516925,17.582849264144897
5207,2021-12-14 12:12:18,516925,17.494102716445923
5208,2021-12-13 11:12:32,516926,17.580065727233887
5209,2021-12-14 12:12:02,516926,17.615376710891724
5210,2021-12-14 01:12:34,516928,17.415207624435425
5211,2021-12-14 02:12:01,516928,17.551052570343018
5212,2021-12-14 05:12:23,516936,17.89348006248474
5213,2021-12-14 06:12:45,516936,17.696300745010376
5214,2021-12-14 07:12:13,516936,17.42641568183899
5215,2021-12-14 07:12:33,516936,17.535691261291504
5216,2021-12-14 06:12:23,516937,17.86513090133667
5217,2021-12-14 07:12:24,516937,17.593013048171997
5218,2021-12-14 01:12:10,516939,17.826792001724243
5219,2021-12-14 01:12:27,516939,17.711057662963867
5220,2021-12-14 01:12:29,516939,17.686234712600708
5221,2021-12-14 01:12:34,516939,17.611764669418335
5222,2021-12-14 01:12:39,516939,17.87969470024109
5223,2021-12-14 02:12:09,516939,17.578718662261963
5224,2021-12-14 02:12:36,516939,17.37768292427063
5225,2021-12-14 07:12:47,516939,17.503604888916016
5226,2021-12-14 08:12:34,516939,17.559874057769775
5227,2021-12-14 11:12:40,516939,17.453782558441162
5228,2021-12-14 12:12:28,516939,17.6284396648407
5229,2021-12-14 12:12:38,516939,17.32034683227539
5230,2021-12-14 12:12:46,516939,17.358754873275757
5231,2021-12-14 12:12:58,516939,17.57603406906128
5232,2021-12-14 01:12:44,516940,17.643204927444458
5233,2021-12-14 03:12:40,516941,17.509206533432007
5234,2021-12-14 03:12:43,516941,17.55681872367859
5235,2021-12-14 03:12:50,516941,17.536990642547607
5236,2021-12-14 04:12:29,516941,17.405883073806763
5237,2021-12-14 04:12:43,516941,17.64383316040039
5238,2021-12-14 05:12:20,516941,17.033525705337524
5239,2021-12-14 05:12:43,516941,17.511215209960938
5240,2021-12-14 11:12:28,516941,17.52631664276123
5241,2021-12-14 11:12:39,516941,17.33250856399536
5242,2021-12-14 11:12:56,516941,17.243101596832275
5243,2021-12-14 11:12:56,516941,17.375417947769165
5244,2021-12-14 03:12:06,516942,17.68414855003357
5245,2021-12-14 03:12:36,516942,17.48909592628479
5246,2021-12-14 04:12:03,516942,17.647035121917725
5247,2021-12-14 04:12:06,516942,17.44106888771057
5248,2021-12-14 04:12:20,516942,17.6802396774292
5249,2021-12-14 04:12:50,516942,17.550835609436035
5250,2021-12-14 05:12:11,516942,17.48979687690735
5251,2021-12-14 05:12:14,516942,17.05173969268799
5252,2021-12-14 05:12:14,516942,17.52297878265381
5253,2021-12-14 05:12:31,516942,17.624276876449585
5254,2021-12-14 05:12:36,516942,17.59463906288147
5255,2021-12-14 05:12:44,516942,17.525662183761597
5256,2021-12-14 05:12:53,516942,17.440917491912842
5257,2021-12-14 06:12:07,516942,17.33382225036621
5258,2021-12-14 07:12:03,516942,17.425297498703003
5259,2021-12-14 07:12:14,516942,17.57160186767578
5260,2021-12-14 04:12:56,516944,17.457008361816406
5261,2021-12-14 05:12:01,516944,17.21739649772644
5262,2021-12-14 05:12:52,516944,17.730166912078857
5263,2021-12-14 06:12:12,516944,17.58604645729065
5264,2021-12-14 06:12:38,516945,17.344141006469727
5265,2021-12-14 07:12:35,516945,17.67644166946411
5266,2021-12-14 06:12:30,516946,17.521077394485474
5267,2021-12-14 08:12:05,516946,17.56232738494873
5268,2021-12-14 09:12:12,516949,17.616922855377197
5269,2021-12-14 10:12:45,516949,17.537851333618164
5270,2021-12-14 10:12:46,516950,17.51346230506897
5271,2021-12-14 11:12:45,516950,17.483409643173218
5272,2021-12-14 11:12:45,516950,17.49142289161682
5273,2021-12-14 11:12:55,516951,17.64891505241394
5274,2021-12-15 12:12:16,516951,17.671325206756592
5275,2021-12-15 01:12:15,516954,17.529207468032837
5276,2021-12-15 02:12:37,516954,17.5171160697937
5277,2021-12-15 04:12:39,516955,17.449569702148438
5278,2021-12-15 04:12:52,516955,17.646427154541016
5279,2021-12-15 05:12:35,516955,17.436835765838623
5280,2021-12-15 04:12:41,516956,17.613266706466675
5281,2021-12-15 05:12:07,516956,17.649695873260498
5282,2021-12-15 05:12:55,516956,17.828829288482666
5283,2021-12-15 06:12:02,516956,17.6175320148468
5284,2021-12-15 06:12:11,516956,17.57095694541931
5285,2021-12-15 06:12:41,516956,17.634220123291016
5286,2021-12-15 05:12:50,516957,17.48883366584778
5287,2021-12-15 06:12:37,516957,17.665318250656128
5288,2021-12-15 07:12:06,516957,17.215839624404907
5289,2021-12-15 07:12:35,516957,17.519413232803345
5290,2021-12-15 08:12:19,516957,17.365942001342773
5291,2021-12-15 08:12:33,516957,17.510615587234497
5292,2021-12-15 01:12:12,516959,17.306708097457886
5293,2021-12-15 01:12:44,516959,17.553499937057495
5294,2021-12-15 10:12:53,516959,17.87456512451172
5295,2021-12-15 11:12:14,516959,17.72538661956787
5296,2021-12-15 11:12:45,516959,17.693148851394653
5297,2021-12-15 11:12:59,516959,17.492839097976685
5298,2021-12-15 12:12:12,516959,17.80142903327942
5299,2021-12-15 12:12:16,516959,17.739263772964478
5300,2021-12-15 12:12:29,516959,17.643320560455322
5301,2021-12-15 12:12:34,516959,17.568331956863403
5302,2021-12-15 12:12:40,516959,17.52686858177185
5303,2021-12-15 01:12:00,516961,17.571696043014526
5304,2021-12-15 02:12:58,516961,17.61418581008911
5305,2021-12-15 03:12:09,516964,17.65761375427246
5306,2021-12-15 03:12:57,516964,17.261747121810913
5307,2021-12-15 05:12:11,516964,17.403045892715454
5308,2021-12-15 06:12:43,516964,17.506476640701294
5309,2021-12-15 06:12:46,516964,17.45152235031128
5310,2021-12-15 07:12:09,516964,17.388596534729004
5311,2021-12-15 05:12:15,516965,17.54396915435791
5312,2021-12-15 06:12:11,516965,17.452561855316162
5313,2021-12-15 07:12:17,516965,17.35690712928772
5314,2021-12-15 07:12:56,516965,17.57487177848816
5315,2021-12-15 07:12:45,516967,17.663074731826782
5316,2021-12-15 08:12:44,516967,17.46330499649048
5317,2021-12-15 08:12:17,516969,17.651678323745728
5318,2021-12-15 08:12:25,516969,17.325607538223267
5319,2021-12-15 09:12:01,516969,17.47109055519104
5320,2021-12-15 09:12:24,516969,17.414004802703857
5321,2021-12-15 08:12:47,516970,17.48297095298767
5322,2021-12-15 09:12:51,516970,17.485047578811646
5323,2021-12-15 10:12:16,516970,17.477947473526
5324,2021-12-15 11:12:17,516970,17.50086784362793
5325,2021-12-15 10:12:06,516972,17.47048020362854
5326,2021-12-15 11:12:20,516972,17.63391613960266
5327,2021-12-16 12:12:56,516973,17.501300573349
5328,2021-12-16 04:12:34,516975,17.48432993888855
5329,2021-12-16 04:12:37,516975,17.628179788589478
5330,2021-12-16 05:12:01,516975,17.472777366638184
5331,2021-12-16 05:12:08,516975,17.573015689849854
5332,2021-12-16 06:12:10,516975,17.218005657196045
5333,2021-12-16 06:12:24,516976,17.763981819152832
5334,2021-12-16 09:12:44,516976,17.559785842895508
5335,2021-12-16 10:12:42,516976,17.661445140838623
5336,2021-12-16 01:12:39,516978,17.518810033798218
5337,2021-12-16 01:12:51,516978,17.631055116653442
5338,2021-12-16 01:12:52,516978,17.608665227890015
5339,2021-12-16 02:12:08,516978,17.651026248931885
5340,2021-12-16 02:12:25,516978,17.482762336730957
5341,2021-12-16 02:12:28,516978,17.472352981567383
5342,2021-12-16 02:12:40,516978,17.34057068824768
5343,2021-12-16 11:12:06,516978,17.62638568878174
5344,2021-12-16 11:12:27,516978,17.707315683364868
5345,2021-12-16 11:12:57,516978,17.385488748550415
5346,2021-12-16 12:12:19,516978,17.71436333656311
5347,2021-12-16 12:12:25,516978,17.584388256072998
5348,2021-12-16 12:12:37,516978,17.45998501777649
5349,2021-12-16 12:12:39,516978,17.711299657821655
5350,2021-12-16 01:12:33,516980,17.562756538391113
5351,2021-12-16 01:12:49,516980,17.56448745727539
5352,2021-12-16 02:12:31,516980,17.6470947265625
5353,2021-12-16 02:12:37,516980,17.463011741638184
5354,2021-12-16 02:12:58,516980,17.562057971954346
5355,2021-12-16 03:12:09,516980,17.593369483947754
5356,2021-12-16 02:12:15,516982,17.6182222366333
5357,2021-12-16 02:12:30,516982,17.2066068649292
5358,2021-12-16 03:12:03,516982,17.367748022079468
5359,2021-12-16 02:12:27,516983,17.523692846298218
5360,2021-12-16 03:12:03,516984,17.597522735595703
5361,2021-12-16 05:12:54,516984,17.456270456314087
5362,2021-12-16 04:12:36,516985,17.432047128677368
5363,2021-12-16 04:12:54,516985,17.456501722335815
5364,2021-12-16 05:12:43,516985,17.529250383377075
5365,2021-12-16 05:12:36,516986,17.35723376274109
5366,2021-12-16 06:12:02,516987,17.425607442855835
5367,2021-12-16 06:12:12,516987,17.55690574645996
5368,2021-12-16 06:12:43,516987,17.61332869529724
5369,2021-12-16 06:12:50,516987,17.470803260803223
5370,2021-12-16 07:12:08,516987,17.625937461853027
5371,2021-12-16 07:12:28,516987,17.520545721054077
5372,2021-12-16 09:12:59,516994,17.51489281654358
5373,2021-12-16 10:12:27,516994,17.42416024208069
5374,2021-12-16 10:12:25,516996,17.66231894493103
5375,2021-12-16 10:12:33,516996,17.536747455596924
5376,2021-12-16 11:12:25,516996,17.369660139083862
5377,2021-12-16 11:12:32,516996,17.480733394622803
5378,2021-12-17 02:12:58,516998,17.599984407424927
5379,2021-12-17 12:12:24,516998,17.542341947555542
5380,2021-12-17 01:12:05,517000,17.46641755104065
5381,2021-12-17 04:12:23,517001,17.582318782806396
5382,2021-12-17 05:12:27,517001,17.252124547958374
5383,2021-12-17 05:12:29,517001,17.492045164108276
5384,2021-12-17 05:12:34,517001,17.509546279907227
5385,2021-12-17 05:12:34,517001,17.600778341293335
5386,2021-12-17 05:12:41,517001,17.659999132156372
5387,2021-12-17 06:12:10,517001,17.53129243850708
5388,2021-12-17 06:12:48,517001,17.527669668197632
5389,2021-12-17 07:12:57,517001,17.77796983718872
5390,2021-12-17 08:12:03,517001,17.57370114326477
5391,2021-12-17 08:12:24,517001,17.409355640411377
5392,2021-12-17 09:12:14,517001,17.47854709625244
5393,2021-12-17 09:12:20,517001,16.97741150856018
5394,2021-12-17 09:12:21,517001,17.39383101463318
5395,2021-12-17 09:12:30,517001,17.57774591445923
5396,2021-12-17 09:12:32,517001,17.01395034790039
5397,2021-12-17 09:12:35,517001,17.448829412460327
5398,2021-12-17 10:12:21,517001,17.610663175582886
5399,2021-12-17 10:12:22,517001,17.602468729019165
5400,2021-12-17 10:12:42,517001,17.537168264389038
5401,2021-12-17 11:12:31,517001,17.437498569488525
5402,2021-12-17 12:12:01,517001,17.568018436431885
5403,2021-12-17 11:12:20,517002,17.61297345161438
5404,2021-12-17 12:12:35,517003,17.302168607711792
5405,2021-12-17 12:12:37,517003,17.093868255615234
5406,2021-12-17 01:12:59,517004,17.478673458099365
5407,2021-12-17 02:12:36,517004,17.658662796020508
5408,2021-12-17 12:12:46,517004,17.312002182006836
5409,2021-12-17 01:12:14,517005,17.607184648513794
5410,2021-12-17 01:12:41,517005,17.441426515579224
5411,2021-12-17 02:12:00,517005,17.574609518051147
5412,2021-12-17 02:12:03,517005,17.168210744857788
5413,2021-12-17 03:12:41,517005,17.516419887542725
5414,2021-12-17 03:12:55,517005,17.57570505142212
5415,2021-12-17 12:12:19,517005,17.406452894210815
5416,2021-12-17 02:12:02,517008,17.251778841018677
5417,2021-12-17 02:12:07,517008,17.62558102607727
5418,2021-12-17 03:12:34,517008,17.63166904449463
5419,2021-12-17 04:12:14,517008,17.47513771057129
5420,2021-12-17 03:12:13,517009,17.594361305236816
5421,2021-12-17 04:12:26,517009,17.49760627746582
5422,2021-12-17 05:12:50,517011,17.374945878982544
5423,2021-12-17 06:12:39,517011,17.508387565612793
5424,2021-12-17 07:12:30,517012,17.29354500770569
5425,2021-12-17 07:12:41,517012,17.57962465286255
5426,2021-12-17 08:12:07,517012,17.57936954498291
5427,2021-12-17 08:12:18,517012,17.433624267578125
5428,2021-12-17 07:12:46,517013,17.429563999176025
5429,2021-12-17 08:12:08,517014,17.555350065231323
5430,2021-12-17 11:12:20,517016,17.560091018676758
5431,2021-12-17 11:12:43,517017,17.55420207977295
5432,2021-12-18 01:12:13,517017,17.66245126724243
5433,2021-12-18 01:12:27,517017,17.432960271835327
5434,2021-12-18 01:12:43,517017,17.347021102905273
5435,2021-12-18 02:12:08,517017,17.10437536239624
5436,2021-12-18 03:12:01,517017,17.511181831359863
5437,2021-12-18 12:12:19,517017,17.32839822769165
5438,2021-12-18 12:12:34,517017,17.475862503051758
5439,2021-12-18 02:12:23,517019,17.273629903793335
5440,2021-12-18 02:12:48,517019,17.55750060081482
5441,2021-12-18 02:12:52,517019,17.236309051513672
5442,2021-12-18 03:12:46,517019,17.448326349258423
5443,2021-12-18 03:12:54,517019,17.463287115097046
5444,2021-12-18 03:12:57,517019,17.622125148773193
5445,2021-12-18 06:12:08,517023,17.478104829788208
5446,2021-12-18 02:12:05,517025,17.431105375289917
5447,2021-12-18 03:12:22,517025,17.712037563323975
5448,2021-12-18 06:12:48,517025,17.817251682281494
5449,2021-12-18 07:12:11,517025,17.49467968940735
5450,2021-12-18 07:12:31,517025,17.32168197631836
5451,2021-12-18 08:12:12,517025,17.32692003250122
5452,2021-12-19 01:12:32,517025,17.348002195358276
5453,2021-12-19 02:12:10,517025,17.465273141860962
5454,2021-12-19 04:12:05,517025,17.449663877487183
5455,2021-12-19 05:12:22,517025,17.50810980796814
5456,2021-12-19 04:12:09,517031,17.686179876327515
5457,2021-12-19 05:12:39,517031,17.57590889930725
5458,2021-12-20 04:12:21,517031,17.508171796798706
5459,2021-12-20 04:12:22,517031,17.66770601272583
5460,2021-12-20 05:12:06,517031,17.176649570465088
5461,2021-12-20 05:12:15,517031,17.453025579452515
5462,2021-12-20 05:12:20,517031,17.804404497146606
5463,2021-12-20 06:12:02,517031,17.281309366226196
5464,2021-12-20 06:12:08,517031,17.248579263687134
5465,2021-12-20 06:12:13,517031,17.225613594055176
5466,2021-12-20 07:12:08,517031,17.572582960128784
5467,2021-12-20 08:12:49,517031,17.435181140899658
5468,2021-12-20 09:12:11,517031,17.450156211853027
5469,2021-12-20 10:12:34,517033,17.63621687889099
5470,2021-12-20 10:12:36,517033,17.410587072372437
5471,2021-12-20 11:12:10,517033,17.436405420303345
5472,2021-12-20 11:12:31,517033,17.657872438430786
5473,2021-12-20 01:12:26,517034,17.240792512893677
5474,2021-12-20 01:12:26,517034,17.702852487564087
5475,2021-12-20 12:12:21,517034,17.53192901611328
5476,2021-12-20 12:12:42,517034,17.561310529708862
5477,2021-12-20 06:12:39,517035,17.6808500289917
5478,2021-12-20 07:12:19,517035,17.469608783721924
5479,2021-12-20 01:12:01,517036,17.406879663467407
5480,2021-12-20 01:12:02,517036,17.618755102157593
5481,2021-12-20 02:12:01,517036,17.299712896347046
5482,2021-12-20 02:12:15,517036,17.648385763168335
5483,2021-12-20 02:12:19,517036,17.730709314346313
5484,2021-12-20 02:12:25,517036,17.540431022644043
5485,2021-12-20 02:12:27,517036,17.442598342895508
5486,2021-12-20 03:12:00,517036,17.59097695350647
5487,2021-12-20 03:12:04,517036,17.72767663002014
5488,2021-12-20 03:12:05,517036,17.597291469573975
5489,2021-12-20 03:12:26,517036,17.511509656906128
5490,2021-12-20 03:12:44,517036,17.49390959739685
5491,2021-12-20 03:12:46,517036,17.49724507331848
5492,2021-12-20 04:12:02,517036,17.709728479385376
5493,2021-12-20 04:12:34,517036,17.501310110092163
5494,2021-12-20 04:12:45,517036,17.480438947677612
5495,2021-12-20 04:12:52,517036,17.605390548706055
5496,2021-12-20 05:12:08,517036,17.598592042922974
5497,2021-12-20 05:12:15,517036,17.61707901954651
5498,2021-12-20 05:12:22,517036,17.512028217315674
5499,2021-12-20 05:12:27,517037,17.56098508834839
5500,2021-12-20 06:12:47,517037,17.39505648612976
5501,2021-12-20 05:12:31,517038,17.344861030578613
5502,2021-12-20 05:12:49,517038,17.250767946243286
5503,2021-12-20 06:12:01,517038,17.39433526992798
5504,2021-12-20 06:12:20,517038,17.608444690704346
5505,2021-12-20 06:12:23,517038,17.548006772994995
5506,2021-12-20 06:12:41,517038,17.453874349594116
5507,2021-12-20 07:12:20,517038,17.323033809661865
5508,2021-12-20 06:12:58,517040,17.64606475830078
5509,2021-12-20 07:12:11,517040,17.575210332870483
5510,2021-12-20 08:12:08,517040,17.595325708389282
5511,2021-12-20 08:12:24,517040,17.693508863449097
5512,2021-12-20 09:12:29,517040,17.528114318847656
5513,2021-12-20 09:12:45,517040,17.248878479003906
5514,2021-12-20 07:12:01,517041,17.308578491210938
5515,2021-12-20 07:12:56,517041,17.398189306259155
5516,2021-12-20 09:12:47,517041,17.532731294631958
5517,2021-12-20 09:12:56,517042,17.676509618759155
5518,2021-12-20 10:12:41,517042,17.684110403060913
5519,2021-12-21 05:12:32,517042,17.502307891845703
5520,2021-12-21 06:12:00,517042,17.584660053253174
5521,2021-12-21 02:12:21,517043,17.587580680847168
5522,2021-12-21 02:12:34,517043,17.552626132965088
5523,2021-12-21 02:12:38,517043,17.307015657424927
5524,2021-12-21 03:12:12,517043,17.34810471534729
5525,2021-12-21 04:12:34,517043,17.303345203399658
5526,2021-12-21 05:12:11,517043,17.53294348716736
5527,2021-12-21 05:12:13,517043,17.330613136291504
5528,2021-12-21 05:12:53,517043,17.452112436294556
5529,2021-12-21 06:12:33,517043,17.338571548461914
5530,2021-12-21 06:12:41,517043,17.44148015975952
5531,2021-12-21 07:12:11,517043,17.432223558425903
5532,2021-12-21 07:12:18,517043,17.56545066833496
5533,2021-12-21 07:12:46,517043,17.39406943321228
5534,2021-12-21 08:12:31,517043,17.479021549224854
5535,2021-12-21 08:12:43,517043,17.670166492462158
5536,2021-12-21 12:12:09,517043,17.62123465538025
5537,2021-12-21 12:12:35,517043,17.231279611587524
5538,2021-12-21 01:12:21,517046,17.443126440048218
5539,2021-12-21 01:12:57,517046,17.505899667739868
5540,2021-12-21 09:12:16,517046,17.39690899848938
5541,2021-12-21 10:12:04,517046,17.60183811187744
5542,2021-12-21 11:12:49,517046,17.811553478240967
5543,2021-12-21 11:12:58,517046,17.765711545944214
5544,2021-12-21 12:12:03,517046,17.6209819316864
5545,2021-12-21 12:12:18,517046,17.46382474899292
5546,2021-12-21 01:12:29,517049,17.588847875595093
5547,2021-12-21 01:12:48,517049,17.525250911712646
5548,2021-12-21 02:12:04,517049,17.433481216430664
5549,2021-12-21 02:12:05,517049,17.551451921463013
5550,2021-12-21 05:12:14,517049,17.52756357192993
5551,2021-12-21 05:12:28,517049,17.430152893066406
5552,2021-12-21 05:12:33,517049,17.351210117340088
5553,2021-12-21 05:12:41,517049,17.523479461669922
5554,2021-12-21 12:12:47,517049,17.703635692596436
5555,2021-12-21 02:12:33,517051,17.58975625038147
5556,2021-12-21 02:12:46,517051,17.412246465682983
5557,2021-12-21 03:12:56,517051,17.542846202850342
5558,2021-12-21 04:12:15,517051,17.390778064727783
5559,2021-12-21 04:12:30,517051,17.440611124038696
5560,2021-12-21 02:12:33,517052,17.6173996925354
5561,2021-12-21 03:12:27,517052,17.715911865234375
5562,2021-12-21 03:12:31,517052,17.642680406570435
5563,2021-12-21 03:12:41,517052,17.476608753204346
5564,2021-12-21 03:12:52,517052,17.61350989341736
5565,2021-12-21 04:12:15,517052,17.36059308052063
5566,2021-12-21 04:12:32,517052,17.49865412712097
5567,2021-12-21 04:12:41,517052,17.40184187889099
5568,2021-12-21 03:12:04,517053,17.680519819259644
5569,2021-12-21 03:12:24,517053,17.61539340019226
5570,2021-12-21 03:12:41,517053,17.661253213882446
5571,2021-12-21 04:12:23,517053,17.743778228759766
5572,2021-12-21 04:12:31,517053,17.32949137687683
5573,2021-12-21 04:12:53,517053,17.650514841079712
5574,2021-12-21 05:12:42,517053,17.71053910255432
5575,2021-12-21 06:12:10,517053,17.65439510345459
5576,2021-12-21 04:12:59,517056,17.556535005569458
5577,2021-12-21 05:12:03,517056,17.524067163467407
5578,2021-12-21 06:12:44,517056,17.537440061569214
5579,2021-12-21 05:12:30,517058,17.7207350730896
5580,2021-12-21 07:12:40,517058,17.59098768234253
5581,2021-12-21 05:12:02,517061,17.58638620376587
5582,2021-12-21 06:12:12,517061,17.55117416381836
5583,2021-12-21 06:12:20,517061,17.588549852371216
5584,2021-12-21 06:12:34,517061,17.49058723449707
5585,2021-12-21 06:12:41,517061,17.718241214752197
5586,2021-12-21 07:12:05,517061,17.46990442276001
5587,2021-12-21 07:12:11,517061,17.63535499572754
5588,2021-12-21 07:12:18,517061,17.69294500350952
5589,2021-12-21 07:12:36,517061,17.594683170318604
5590,2021-12-21 07:12:59,517061,17.668293714523315
5591,2021-12-21 08:12:18,517061,17.766371965408325
5592,2021-12-21 08:12:21,517061,17.781096696853638
5593,2021-12-21 08:12:38,517063,17.383352518081665
5594,2021-12-21 10:12:40,517063,17.4419367313385
5595,2021-12-21 09:12:32,517064,17.704297304153442
5596,2021-12-21 10:12:56,517064,17.46902108192444
5597,2021-12-21 09:12:00,517065,17.42148995399475
5598,2021-12-21 09:12:50,517065,17.47382640838623
5599,2021-12-21 10:12:12,517065,17.454349994659424
5600,2021-12-21 10:12:19,517065,17.729982137680054
5601,2021-12-21 11:12:41,517065,17.579656839370728
5602,2021-12-21 10:12:58,517066,17.298686504364014
5603,2021-12-21 11:12:50,517069,17.551664113998413
5604,2021-12-22 01:12:42,517069,17.514009475708008
5605,2021-12-21 11:12:27,517070,17.595752477645874
5606,2021-12-22 02:12:03,517070,17.486212253570557
5607,2021-12-22 04:12:40,517074,17.324092388153076
5608,2021-12-22 06:12:29,517075,17.294416427612305
5609,2021-12-22 06:12:50,517075,17.37625002861023
5610,2021-12-22 07:12:26,517075,17.336246967315674
5611,2021-12-22 07:12:31,517075,17.549405097961426
5612,2021-12-22 06:12:14,517076,17.33608365058899
5613,2021-12-22 06:12:42,517076,17.56219744682312
5614,2021-12-22 07:12:12,517076,17.2768497467041
5615,2021-12-22 08:12:16,517076,17.035893201828003
5616,2021-12-22 09:12:54,517076,17.38129734992981
5617,2021-12-22 11:12:38,517076,17.56939172744751
5618,2021-12-22 12:12:27,517076,17.504894733428955
5619,2021-12-22 11:12:31,517077,17.431561946868896
5620,2021-12-22 05:12:33,517085,17.70836114883423
5621,2021-12-22 05:12:41,517085,17.62474298477173
5622,2021-12-22 06:12:08,517086,17.236586809158325
5623,2021-12-22 06:12:40,517086,17.607710361480713
5624,2021-12-22 07:12:41,517087,17.54294514656067
5625,2021-12-22 07:12:45,517087,17.73359775543213
5626,2021-12-22 08:12:09,517087,17.629607915878296
5627,2021-12-22 08:12:28,517087,17.739568948745728
5628,2021-12-22 08:12:58,517087,17.57461190223694
5629,2021-12-22 08:12:19,517089,17.45157480239868
5630,2021-12-22 08:12:27,517089,17.37656831741333
5631,2021-12-22 09:12:01,517089,17.578701972961426
5632,2021-12-22 09:12:24,517089,17.62852430343628
5633,2021-12-22 10:12:15,517089,17.292839288711548
5634,2021-12-22 10:12:25,517089,17.781460285186768
5635,2021-12-22 10:12:35,517089,17.53012776374817
5636,2021-12-22 10:12:36,517089,17.465955018997192
5637,2021-12-22 10:12:59,517089,17.73589253425598
5638,2021-12-22 11:12:13,517089,17.467118501663208
5639,2021-12-22 11:12:15,517089,17.554537057876587
5640,2021-12-22 11:12:59,517089,17.534390687942505
5641,2021-12-23 12:12:26,517089,17.689896821975708
5642,2021-12-23 12:12:18,517090,17.46066451072693
5643,2021-12-23 03:12:19,517093,17.53314733505249
5644,2021-12-23 03:12:34,517093,17.88204312324524
5645,2021-12-23 04:12:23,517093,17.714940309524536
5646,2021-12-23 04:12:26,517095,17.722536325454712
5647,2021-12-23 05:12:53,517095,17.48119831085205
5648,2021-12-23 05:12:29,517099,17.40055203437805
5649,2021-12-23 05:12:50,517099,17.71151304244995
5650,2021-12-23 07:12:23,517099,17.724432945251465
5651,2021-12-23 07:12:28,517099,17.61711359024048
5652,2021-12-23 08:12:59,517100,17.50401258468628
5653,2021-12-23 09:12:51,517101,17.58646845817566
5654,2021-12-23 09:12:52,517102,17.490737438201904
5655,2021-12-23 10:12:42,517102,17.65644073486328
5656,2021-12-23 10:12:43,517103,17.720741033554077
5657,2021-12-23 11:12:21,517103,17.50299572944641
5658,2021-12-23 12:12:03,517103,17.43147611618042
5659,2021-12-23 12:12:04,517103,17.681511640548706
5660,2021-12-23 11:12:02,517104,17.855645418167114
5661,2021-12-23 11:12:41,517104,17.391823530197144
5662,2021-12-23 11:12:49,517105,17.46928095817566
5663,2021-12-23 01:12:08,517106,17.606229782104492
5664,2021-12-23 01:12:52,517106,17.67868995666504
5665,2021-12-23 02:12:30,517106,17.790931463241577
5666,2021-12-23 02:12:39,517106,17.36763834953308
5667,2021-12-23 02:12:52,517106,17.58121609687805
5668,2021-12-23 03:12:21,517106,17.54990816116333
5669,2021-12-23 03:12:30,517106,17.43953585624695
5670,2021-12-23 12:12:28,517106,17.704747915267944
5671,2021-12-23 03:12:29,517108,17.6849102973938
5672,2021-12-23 05:12:53,517111,17.62683629989624
5673,2021-12-23 04:12:33,517112,17.43329644203186
5674,2021-12-23 05:12:02,517112,17.785720825195312
5675,2021-12-23 06:12:01,517112,17.405954599380493
5676,2021-12-23 05:12:03,517113,17.622857093811035
5677,2021-12-23 06:12:30,517114,17.630555629730225
5678,2021-12-23 08:12:57,517117,17.16703176498413
5679,2021-12-23 09:12:39,517117,17.237510681152344
5680,2021-12-23 10:12:27,517119,17.257988452911377
5681,2021-12-23 10:12:49,517119,17.578933238983154
5682,2021-12-23 11:12:36,517119,17.429287433624268
5683,2021-12-24 12:12:02,517119,17.476437091827393
5684,2021-12-24 12:12:20,517119,17.561579942703247
5685,2021-12-24 01:12:32,517122,17.34816074371338
5686,2021-12-24 03:12:52,517122,17.340439558029175
5687,2021-12-24 05:12:26,517122,17.24390745162964
5688,2021-12-24 03:12:09,517123,17.40114688873291
5689,2021-12-24 04:12:01,517123,17.203258275985718
5690,2021-12-24 04:12:12,517123,17.30336308479309
5691,2021-12-24 05:12:03,517123,17.378183603286743
5692,2021-12-24 05:12:20,517123,17.420847415924072
5693,2021-12-24 05:12:24,517123,17.35793948173523
5694,2021-12-24 05:12:30,517123,17.39569664001465
5695,2021-12-24 05:12:56,517123,17.42798686027527
5696,2021-12-24 06:12:29,517123,16.97751760482788
5697,2021-12-24 06:12:37,517123,17.280397415161133
5698,2021-12-24 09:12:32,517126,17.376809120178223
5699,2021-12-24 09:12:44,517126,17.017639875411987
5700,2021-12-24 10:12:53,517126,17.177135944366455
5701,2021-12-24 10:12:54,517126,17.113832235336304
5702,2021-12-24 10:12:04,517127,17.16238260269165
5703,2021-12-24 11:12:15,517127,17.297914028167725
5704,2021-12-24 10:12:19,517128,17.122275829315186
5705,2021-12-24 11:12:33,517128,17.347357273101807
5706,2021-12-24 11:12:22,517131,17.59851574897766
5707,2021-12-24 12:12:59,517131,17.364799976348877
5708,2021-12-24 12:12:20,517133,17.215639352798462
5709,2021-12-24 07:12:03,517134,17.561904191970825
5710,2021-12-24 07:12:05,517134,17.360124588012695
5711,2021-12-24 11:12:22,517134,17.291183471679688
5712,2021-12-25 10:12:56,517134,17.231390476226807
5713,2021-12-25 11:12:23,517134,17.412960529327393
5714,2021-12-26 04:12:30,517134,17.23896026611328
5715,2021-12-26 05:12:49,517134,17.370272874832153
5716,2021-12-26 12:12:54,517134,16.91375970840454
5717,2021-12-27 04:12:24,517134,17.442890405654907
5718,2021-12-27 04:12:30,517134,17.43916392326355
5719,2021-12-27 04:12:47,517134,17.34147071838379
5720,2021-12-27 04:12:57,517134,17.339202165603638
5721,2021-12-27 04:12:12,517135,17.292126417160034
5722,2021-12-27 08:12:37,517137,17.447365522384644
5723,2021-12-27 09:12:07,517137,17.255074977874756
5724,2021-12-27 09:12:23,517137,17.40256667137146
5725,2021-12-27 10:12:20,517137,17.150216102600098
5726,2021-12-27 10:12:44,517137,17.326709032058716
5727,2021-12-27 10:12:56,517137,17.361295223236084
5728,2021-12-27 11:12:34,517137,17.185171842575073
5729,2021-12-27 01:12:17,517138,17.47774839401245
5730,2021-12-27 01:12:18,517138,17.473896741867065
5731,2021-12-27 01:12:19,517138,17.23785400390625
5732,2021-12-27 01:12:24,517138,17.342604398727417
5733,2021-12-27 01:12:44,517138,17.45501399040222
5734,2021-12-27 02:12:11,517138,17.30342149734497
5735,2021-12-27 02:12:17,517138,17.324647903442383
5736,2021-12-27 02:12:24,517138,17.16172695159912
5737,2021-12-27 02:12:48,517138,17.346720695495605
5738,2021-12-27 02:12:56,517138,17.46385931968689
5739,2021-12-27 03:12:04,517138,17.365386486053467
5740,2021-12-27 03:12:27,517138,17.204527854919434
5741,2021-12-27 03:12:40,517138,17.423502206802368
5742,2021-12-27 03:12:44,517138,17.392302751541138
5743,2021-12-27 03:12:45,517138,17.085716724395752
5744,2021-12-27 04:12:07,517138,17.090394496917725
5745,2021-12-27 04:12:44,517138,17.55914330482483
5746,2021-12-27 04:12:48,517138,17.244880199432373
5747,2021-12-27 04:12:52,517138,17.41446614265442
5748,2021-12-27 04:12:58,517138,17.51977801322937
5749,2021-12-27 05:12:33,517138,17.137024402618408
5750,2021-12-27 06:12:40,517138,17.2646427154541
5751,2021-12-27 11:12:20,517138,17.373043298721313
5752,2021-12-27 11:12:21,517138,17.155756950378418
5753,2021-12-27 11:12:33,517138,17.2296404838562
5754,2021-12-27 11:12:49,517138,16.924203634262085
5755,2021-12-27 12:12:05,517138,17.207013368606567
5756,2021-12-27 12:12:55,517138,17.242857217788696
5757,2021-12-27 04:12:31,517140,17.260481119155884
5758,2021-12-27 05:12:33,517140,17.299641370773315
5759,2021-12-27 07:12:29,517144,17.19666361808777
5760,2021-12-27 07:12:50,517144,16.910789012908936
5761,2021-12-27 08:12:35,517144,17.458488941192627
5762,2021-12-27 08:12:35,517144,17.210826873779297
5763,2021-12-27 09:12:24,517144,17.366838455200195
5764,2021-12-27 09:12:37,517144,17.343714237213135
5765,2021-12-27 08:12:44,517145,17.30712056159973
5766,2021-12-27 09:12:08,517145,17.49383568763733
5767,2021-12-27 11:12:16,517148,17.321401834487915
5768,2021-12-28 01:12:17,517148,17.29577660560608
5769,2021-12-28 04:12:04,517149,17.325778007507324
5770,2021-12-28 06:12:14,517149,17.298144102096558
5771,2021-12-28 06:12:15,517149,17.183395624160767
5772,2021-12-28 06:12:18,517149,17.309476137161255
5773,2021-12-28 06:12:37,517149,17.31961727142334
5774,2021-12-28 07:12:22,517149,17.322171926498413
5775,2021-12-28 08:12:27,517149,17.18650221824646
5776,2021-12-28 08:12:55,517149,17.428276538848877
5777,2021-12-28 09:12:10,517149,17.119499444961548
5778,2021-12-28 09:12:25,517149,17.185161113739014
5779,2021-12-28 09:12:31,517149,17.404721975326538
5780,2021-12-28 08:12:26,517150,17.60524868965149
5781,2021-12-28 08:12:53,517150,17.22517490386963
5782,2021-12-28 09:12:51,517150,17.399450540542603
5783,2021-12-28 10:12:52,517150,17.343822717666626
5784,2021-12-28 10:12:54,517150,17.034467458724976
5785,2021-12-28 10:12:57,517150,17.36051082611084
5786,2021-12-28 11:12:07,517150,17.319170236587524
5787,2021-12-28 11:12:57,517150,17.436116933822632
5788,2021-12-28 12:12:36,517150,17.268251180648804
5789,2021-12-28 02:12:09,517151,17.150514125823975
5790,2021-12-28 02:12:09,517151,17.253509759902954
5791,2021-12-28 02:12:29,517151,17.44571328163147
5792,2021-12-28 03:12:41,517151,17.156739234924316
5793,2021-12-28 12:12:26,517151,17.23693013191223
5794,2021-12-28 12:12:45,517151,17.111220359802246
5795,2021-12-28 02:12:38,517152,17.526137828826904
5796,2021-12-28 03:12:24,517152,17.06976294517517
5797,2021-12-28 03:12:30,517152,17.29425072669983
5798,2021-12-28 03:12:36,517152,17.325725555419922
5799,2021-12-28 03:12:41,517152,16.937798261642456
5800,2021-12-28 04:12:46,517152,17.213000059127808
5801,2021-12-28 05:12:01,517152,17.004810571670532
5802,2021-12-28 05:12:02,517152,17.338021993637085
5803,2021-12-28 03:12:12,517153,17.307591438293457
5804,2021-12-28 03:12:58,517153,17.321921586990356
5805,2021-12-28 04:12:55,517153,17.528241872787476
5806,2021-12-28 05:12:11,517153,17.23324418067932
5807,2021-12-28 05:12:27,517153,17.46271848678589
5808,2021-12-28 06:12:14,517153,17.26229429244995
5809,2021-12-28 08:12:16,517155,17.56840229034424
5810,2021-12-28 08:12:17,517155,17.17576026916504
5811,2021-12-28 10:12:24,517155,17.425105571746826
5812,2021-12-29 01:12:25,517157,17.205862998962402
5813,2021-12-29 12:12:24,517157,17.581840753555298
5814,2021-12-29 04:12:46,517158,17.454062700271606
5815,2021-12-29 05:12:04,517158,17.322978973388672
5816,2021-12-29 06:12:07,517158,17.108349800109863
5817,2021-12-29 06:12:37,517158,17.463449239730835
5818,2021-12-29 06:12:48,517158,17.509596347808838
5819,2021-12-29 07:12:53,517158,17.17502236366272
5820,2021-12-29 06:12:57,517160,17.287003993988037
5821,2021-12-29 07:12:57,517160,17.31973171234131
5822,2021-12-29 08:12:02,517160,17.273740768432617
5823,2021-12-29 09:12:41,517160,17.491023540496826
5824,2021-12-29 10:12:28,517160,17.418590784072876
5825,2021-12-29 10:12:39,517160,17.320903539657593
5826,2021-12-29 11:12:26,517160,17.34234094619751
5827,2021-12-29 12:12:03,517163,17.31033205986023
5828,2021-12-29 01:12:08,517164,17.3077392578125
5829,2021-12-29 01:12:16,517164,17.341166734695435
5830,2021-12-29 01:12:17,517164,17.226849794387817
5831,2021-12-29 01:12:30,517164,17.334253787994385
5832,2021-12-29 01:12:47,517164,17.322189807891846
5833,2021-12-29 02:12:05,517164,17.372771501541138
5834,2021-12-29 02:12:05,517164,17.172939777374268
5835,2021-12-29 02:12:37,517164,17.31588125228882
5836,2021-12-29 05:12:59,517165,17.11449146270752
5837,2021-12-29 08:12:16,517166,17.55518674850464
5838,2021-12-29 08:12:22,517166,17.254661321640015
5839,2021-12-29 10:12:36,517166,17.353981733322144
5840,2021-12-29 10:12:57,517166,17.336184978485107
5841,2021-12-30 12:12:09,517166,17.336513996124268
5842,2021-12-30 12:12:54,517166,17.263915538787842
5843,2021-12-30 01:12:05,517167,17.080259323120117
5844,2021-12-30 02:12:03,517167,17.22900390625
5845,2021-12-30 02:12:20,517167,17.171391248703003
5846,2021-12-30 02:12:56,517167,17.10774302482605
5847,2021-12-30 03:12:47,517167,17.400928735733032
5848,2021-12-30 04:12:13,517167,17.518420219421387
5849,2021-12-30 05:12:02,517167,17.251975536346436
5850,2021-12-30 05:12:04,517167,17.370115518569946
5851,2021-12-30 05:12:29,517167,17.428624629974365
5852,2021-12-30 06:12:55,517167,17.650147676467896
5853,2021-12-30 07:12:58,517167,17.40465521812439
5854,2021-12-30 09:12:35,517167,17.311402559280396
5855,2021-12-30 09:12:48,517167,17.111964225769043
5856,2021-12-30 10:12:08,517167,17.24751591682434
5857,2021-12-30 10:12:40,517167,17.222784757614136
5858,2021-12-30 12:12:10,517167,17.3050320148468
5859,2021-12-30 12:12:15,517167,17.543764114379883
5860,2021-12-30 03:12:18,517170,17.188600301742554
5861,2021-12-30 03:12:43,517170,17.58445143699646
5862,2021-12-30 03:12:54,517170,17.52534508705139
5863,2021-12-30 03:12:57,517170,17.47566819190979
5864,2021-12-30 04:12:18,517170,17.253233194351196
5865,2021-12-30 04:12:47,517170,17.43932604789734
5866,2021-12-30 04:12:58,517170,17.5440776348114
5867,2021-12-30 05:12:28,517170,17.613303661346436
5868,2021-12-30 07:12:40,517170,17.440824508666992
5869,2021-12-30 09:12:15,517170,17.4939227104187
5870,2021-12-30 10:12:05,517170,17.254782915115356
5871,2021-12-30 10:12:45,517170,17.378158569335938
5872,2021-12-30 11:12:21,517172,17.366232872009277
5873,2021-12-31 03:12:33,517172,17.345160245895386
5874,2021-12-31 05:12:40,517172,17.18914031982422
5875,2021-12-31 06:12:05,517172,17.58069634437561
5876,2021-12-31 07:12:23,517172,17.23341464996338
5877,2021-12-31 12:12:28,517172,17.449620962142944
5878,2021-12-31 07:12:08,517174,17.63916254043579
5879,2021-12-31 08:12:09,517174,17.424025535583496
5880,2021-12-31 06:12:14,517175,17.57063865661621
5881,2021-12-31 07:12:18,517175,17.26221203804016
5882,2021-12-31 08:12:00,517175,17.516179084777832
5883,2021-12-31 10:12:15,517178,17.111648321151733
5884,2021-12-31 11:12:39,517178,17.261948585510254
5885,2021-12-31 05:12:13,517180,17.105207443237305
5886,2021-12-31 08:12:45,517180,17.05281138420105
5887,2021-12-31 10:12:43,517180,17.089813947677612
5888,2022-01-01 01:01:21,517180,17.20789074897766
5889,2022-01-01 05:01:22,517180,17.375129461288452
5890,2022-01-01 06:01:42,517180,16.955968141555786
5891,2022-01-01 09:01:47,517180,17.253856658935547
5892,2022-01-01 11:01:33,517180,17.12451457977295
5893,2022-01-01 12:01:13,517180,16.964428424835205
5894,2022-01-02 05:01:12,517180,17.166510820388794
5895,2022-01-02 05:01:25,517180,17.0968496799469
5896,2022-01-03 04:01:53,517180,17.139606475830078
5897,2022-01-03 05:01:20,517180,17.15860366821289
5898,2022-01-03 06:01:48,517180,17.388434410095215
5899,2022-01-03 07:01:11,517180,17.109912633895874
5900,2022-01-03 07:01:21,517180,17.241251468658447
5901,2022-01-03 08:01:46,517180,17.158961296081543
5902,2022-01-03 09:01:28,517180,17.12415099143982
5903,2022-01-03 09:01:37,517180,17.255419492721558
5904,2022-01-03 10:01:11,517180,17.25744128227234
5905,2022-01-03 10:01:26,517180,17.241692543029785
5906,2022-01-03 10:01:45,517180,17.29559898376465
5907,2022-01-03 10:01:53,517180,17.06096053123474
5908,2022-01-03 11:01:19,517180,17.22657084465027
5909,2022-01-03 11:01:24,517180,17.296183109283447
5910,2022-01-03 11:01:36,517180,17.179620265960693
5911,2022-01-03 11:01:59,517180,17.45123267173767
5912,2022-01-03 12:01:30,517180,17.302634716033936
5913,2022-01-03 12:01:40,517180,16.971555948257446
5914,2022-01-03 12:01:47,517180,17.236775159835815
5915,2022-01-03 12:01:52,517180,17.27855086326599
5916,2022-01-03 01:01:07,517182,17.36814022064209
5917,2022-01-03 02:01:03,517182,17.258187532424927
5918,2022-01-03 02:01:39,517182,17.222846746444702
5919,2022-01-03 02:01:50,517182,16.963562965393066
5920,2022-01-03 02:01:22,517183,17.279921770095825
5921,2022-01-03 03:01:05,517183,17.48808264732361
5922,2022-01-03 03:01:26,517184,17.187119722366333
5923,2022-01-03 03:01:44,517184,16.950663328170776
5924,2022-01-03 04:01:35,517184,17.354326248168945
5925,2022-01-03 04:01:53,517185,17.0953369140625
5926,2022-01-04 01:01:35,517196,17.17573046684265
5927,2022-01-04 02:01:39,517196,17.35792636871338
5928,2022-01-04 05:01:24,517196,17.380225658416748
5929,2022-01-04 05:01:47,517196,17.332017421722412
5930,2022-01-04 05:01:52,517196,17.27476716041565
5931,2022-01-04 06:01:10,517196,17.116661071777344
5932,2022-01-04 06:01:35,517196,17.306755781173706
5933,2022-01-04 06:01:38,517196,17.256295680999756
5934,2022-01-04 06:01:40,517196,17.192260026931763
5935,2022-01-04 06:01:45,517196,17.266054153442383
5936,2022-01-04 07:01:16,517196,17.327338457107544
5937,2022-01-04 07:01:47,517196,17.3212993144989
5938,2022-01-04 07:01:51,517196,17.505133152008057
5939,2022-01-04 07:01:57,517196,17.183425426483154
5940,2022-01-04 07:01:57,517196,17.33465552330017
5941,2022-01-04 08:01:36,517196,17.29209303855896
5942,2022-01-04 08:01:37,517196,17.335726022720337
5943,2022-01-04 08:01:37,517196,17.452995777130127
5944,2022-01-04 08:01:49,517196,17.2312593460083
5945,2022-01-04 09:01:01,517196,16.977509260177612
5946,2022-01-04 09:01:01,517196,17.368069887161255
5947,2022-01-04 09:01:23,517196,17.1798574924469
5948,2022-01-04 09:01:38,517196,17.3711097240448
5949,2022-01-04 09:01:38,517196,17.18968391418457
5950,2022-01-04 09:01:46,517196,17.54863977432251
5951,2022-01-04 10:01:37,517196,17.067466974258423
5952,2022-01-04 11:01:00,517196,17.506422996520996
5953,2022-01-04 11:01:28,517196,17.083892822265625
5954,2022-01-04 12:01:25,517196,17.333698272705078
5955,2022-01-04 12:01:27,517196,17.11097002029419
5956,2022-01-04 12:01:30,517196,16.954559087753296
5957,2022-01-04 12:01:43,517196,17.270267009735107
5958,2022-01-04 01:01:52,517197,17.248746156692505
5959,2022-01-04 02:01:27,517197,17.229418754577637
5960,2022-01-04 02:01:49,517197,17.259775400161743
5961,2022-01-04 02:01:49,517197,17.43078589439392
5962,2022-01-04 02:01:50,517197,16.973106861114502
5963,2022-01-04 03:01:00,517197,17.32304334640503
5964,2022-01-04 03:01:05,517197,17.131532430648804
5965,2022-01-04 03:01:11,517197,17.41289734840393
5966,2022-01-04 03:01:32,517197,17.180845737457275
5967,2022-01-04 03:01:49,517197,16.95560574531555
5968,2022-01-04 04:01:23,517197,17.07766890525818
5969,2022-01-04 04:01:37,517197,17.154306173324585
5970,2022-01-04 04:01:50,517197,17.320616245269775
5971,2022-01-04 05:01:01,517197,17.050182819366455
5972,2022-01-04 05:01:36,517197,17.258586883544922
5973,2022-01-04 07:01:00,517197,17.220003604888916
5974,2022-01-04 07:01:08,517197,17.168809175491333
5975,2022-01-04 07:01:12,517197,17.068636417388916
5976,2022-01-04 07:01:19,517197,17.253663539886475
5977,2022-01-04 07:01:27,517197,16.880310773849487
5978,2022-01-04 07:01:35,517197,17.264782190322876
5979,2022-01-04 07:01:35,517197,17.348220348358154
5980,2022-01-04 07:01:37,517197,16.762747764587402
5981,2022-01-04 12:01:57,517197,17.3545241355896
5982,2022-01-04 12:01:57,517197,17.17249631881714
5983,2022-01-04 04:01:21,517198,17.49571681022644
5984,2022-01-04 04:01:48,517198,17.267354726791382
5985,2022-01-04 05:01:41,517198,17.371513843536377
5986,2022-01-04 05:01:56,517199,17.30202555656433
5987,2022-01-04 05:01:56,517199,17.442500591278076
5988,2022-01-04 05:01:33,517200,17.393711805343628
5989,2022-01-04 06:01:19,517200,17.404178380966187
5990,2022-01-04 07:01:21,517200,17.073235511779785
5991,2022-01-04 07:01:26,517200,17.395894527435303
5992,2022-01-04 05:01:09,517201,17.5312340259552
5993,2022-01-04 06:01:18,517201,17.12926983833313
5994,2022-01-04 07:01:34,517203,17.444262504577637
5995,2022-01-04 07:01:42,517203,17.51955509185791
5996,2022-01-04 08:01:07,517203,16.966662406921387
5997,2022-01-04 08:01:43,517203,17.19219207763672
5998,2022-01-04 08:01:56,517204,17.371671199798584
5999,2022-01-04 09:01:42,517204,17.475513219833374
6000,2022-01-04 08:01:21,517206,17.358726263046265
6001,2022-01-04 09:01:56,517206,17.259793281555176
6002,2022-01-04 10:01:11,517208,17.378203868865967
6003,2022-01-04 11:01:56,517208,17.362937927246094
6004,2022-01-04 11:01:56,517209,17.467679977416992
6005,2022-01-05 12:01:59,517209,17.340644598007202
6006,2022-01-05 01:01:49,517210,17.29143738746643
6007,2022-01-05 12:01:03,517210,17.509450912475586
6008,2022-01-05 01:01:51,517212,17.26504683494568
6009,2022-01-05 01:01:57,517212,17.153490781784058
6010,2022-01-05 06:01:16,517217,17.34376072883606
6011,2022-01-05 06:01:37,517217,17.383826971054077
6012,2022-01-05 06:01:45,517217,17.39192008972168
6013,2022-01-05 07:01:03,517217,17.55083203315735
6014,2022-01-05 07:01:20,517217,17.252004146575928
6015,2022-01-05 08:01:12,517217,17.259293794631958
6016,2022-01-05 08:01:12,517217,17.43838667869568
6017,2022-01-05 08:01:25,517217,17.44572877883911
6018,2022-01-05 08:01:54,517217,17.29485273361206
6019,2022-01-05 09:01:54,517217,17.183185815811157
6020,2022-01-05 10:01:22,517217,17.44670867919922
6021,2022-01-05 10:01:28,517217,17.064757347106934
6022,2022-01-05 10:01:32,517217,17.435983419418335
6023,2022-01-05 10:01:43,517217,17.411845922470093
6024,2022-01-05 10:01:47,517217,16.933799982070923
6025,2022-01-05 10:01:56,517217,17.313557863235474
6026,2022-01-05 08:01:11,517218,17.448405027389526
6027,2022-01-05 08:01:28,517218,17.484374046325684
6028,2022-01-05 10:01:25,517218,17.303835153579712
6029,2022-01-05 10:01:33,517218,17.325598001480103
6030,2022-01-05 11:01:06,517218,17.494399547576904
6031,2022-01-05 11:01:40,517218,17.411081790924072
6032,2022-01-05 11:01:44,517218,17.021366357803345
6033,2022-01-05 11:01:50,517218,17.146042585372925
6034,2022-01-05 11:01:53,517218,17.431252002716064
6035,2022-01-05 12:01:17,517218,17.62226939201355
6036,2022-01-05 12:01:36,517218,17.280704975128174
6037,2022-01-05 12:01:43,517218,17.25978374481201
6038,2022-01-05 12:01:47,517218,17.2201669216156
6039,2022-01-05 01:01:57,517221,17.135887145996094
6040,2022-01-05 01:01:33,517222,17.453547716140747
6041,2022-01-05 02:01:07,517222,17.393512725830078
6042,2022-01-05 02:01:36,517223,17.30768918991089
6043,2022-01-05 02:01:44,517223,17.11991310119629
6044,2022-01-05 02:01:57,517223,17.705081701278687
6045,2022-01-05 03:01:48,517223,17.22261667251587
6046,2022-01-05 03:01:41,517227,17.37660527229309
6047,2022-01-05 05:01:42,517228,17.317819595336914
6048,2022-01-05 06:01:51,517228,17.274001836776733
6049,2022-01-05 05:01:00,517229,17.31266975402832
6050,2022-01-05 05:01:36,517229,17.29997992515564
6051,2022-01-05 06:01:33,517229,17.47127890586853
6052,2022-01-05 06:01:45,517229,17.209850549697876
6053,2022-01-05 06:01:48,517229,17.223702669143677
6054,2022-01-05 07:01:05,517231,17.334085702896118
6055,2022-01-05 07:01:24,517231,17.48472571372986
6056,2022-01-05 07:01:51,517231,17.361371517181396
6057,2022-01-05 08:01:49,517231,17.397925853729248
6058,2022-01-06 12:01:29,517237,17.143090963363647
6059,2022-01-06 02:01:05,517239,17.354594469070435
6060,2022-01-06 04:01:53,517239,17.094806432724
6061,2022-01-06 05:01:23,517239,17.234302759170532
6062,2022-01-06 05:01:27,517239,17.08752155303955
6063,2022-01-06 06:01:37,517239,17.255988121032715
6064,2022-01-06 06:01:39,517240,17.32689619064331
6065,2022-01-06 06:01:55,517240,17.57913827896118
6066,2022-01-06 06:01:55,517240,16.966530084609985
6067,2022-01-06 07:01:02,517240,17.114347219467163
6068,2022-01-06 07:01:25,517240,17.251137495040894
6069,2022-01-06 07:01:35,517240,17.376006841659546
6070,2022-01-06 10:01:19,517240,17.45789647102356
6071,2022-01-06 10:01:53,517240,17.361056804656982
6072,2022-01-06 10:01:54,517240,17.443060874938965
6073,2022-01-06 11:01:18,517240,17.29452610015869
6074,2022-01-06 11:01:28,517240,17.567596435546875
6075,2022-01-06 11:01:47,517240,17.08877444267273
6076,2022-01-06 11:01:07,517242,17.366427183151245
6077,2022-01-06 11:01:08,517242,17.335065603256226
6078,2022-01-06 11:01:38,517242,17.112776041030884
6079,2022-01-06 12:01:11,517242,16.672121286392212
6080,2022-01-06 12:01:48,517242,17.164900302886963
6081,2022-01-06 12:01:52,517242,17.43396759033203
6082,2022-01-06 02:01:20,517246,17.26930856704712
6083,2022-01-06 02:01:38,517246,17.169193029403687
6084,2022-01-06 02:01:52,517246,17.37471580505371
6085,2022-01-06 03:01:00,517246,17.29733109474182
6086,2022-01-06 03:01:10,517246,17.423371076583862
6087,2022-01-06 03:01:14,517246,17.153435945510864
6088,2022-01-06 03:01:24,517246,17.326422929763794
6089,2022-01-06 03:01:25,517246,17.405675649642944
6090,2022-01-06 03:01:37,517246,17.31306552886963
6091,2022-01-06 03:01:59,517246,17.37457036972046
6092,2022-01-06 04:01:12,517246,17.19983696937561
6093,2022-01-06 04:01:17,517246,17.32254981994629
6094,2022-01-06 06:01:04,517246,17.08116054534912
6095,2022-01-06 06:01:16,517246,17.3006272315979
6096,2022-01-06 06:01:16,517246,17.286934852600098
6097,2022-01-06 06:01:21,517246,16.937090158462524
6098,2022-01-06 06:01:31,517246,17.157316207885742
6099,2022-01-06 06:01:38,517246,17.418830394744873
6100,2022-01-06 06:01:40,517246,17.283790111541748
6101,2022-01-06 06:01:45,517246,17.11206555366516
6102,2022-01-06 06:01:47,517246,17.348536252975464
6103,2022-01-06 06:01:49,517246,17.192177772521973
6104,2022-01-06 06:01:52,517246,17.148929834365845
6105,2022-01-06 06:01:52,517246,17.23434805870056
6106,2022-01-06 03:01:30,517247,17.361695766448975
6107,2022-01-06 04:01:06,517247,17.094876766204834
6108,2022-01-06 04:01:44,517247,17.191730737686157
6109,2022-01-06 04:01:57,517247,17.440866231918335
6110,2022-01-06 05:01:04,517247,17.310386896133423
6111,2022-01-06 05:01:09,517247,17.49099612236023
6112,2022-01-06 05:01:12,517247,17.358826398849487
6113,2022-01-06 05:01:21,517247,17.452881336212158
6114,2022-01-06 05:01:23,517247,17.26138949394226
6115,2022-01-06 05:01:27,517247,17.465884685516357
6116,2022-01-06 05:01:32,517247,17.380307912826538
6117,2022-01-06 05:01:43,517247,17.30777382850647
6118,2022-01-07 01:01:11,517253,17.29429602622986
6119,2022-01-07 01:01:11,517253,17.355085611343384
6120,2022-01-07 05:01:01,517253,17.435178756713867
6121,2022-01-07 06:01:18,517253,17.499769926071167
6122,2022-01-07 06:01:34,517253,17.26131796836853
6123,2022-01-07 06:01:53,517253,17.191330194473267
6124,2022-01-07 06:01:54,517253,16.930747032165527
6125,2022-01-07 07:01:33,517253,17.399576902389526
6126,2022-01-07 07:01:47,517253,17.27102756500244
6127,2022-01-07 07:01:51,517253,17.24817156791687
6128,2022-01-07 08:01:03,517253,17.447280883789062
6129,2022-01-07 08:01:12,517253,17.351179122924805
6130,2022-01-07 08:01:25,517253,17.15820550918579
6131,2022-01-07 08:01:27,517253,17.18324899673462
6132,2022-01-07 09:01:11,517253,17.268235683441162
6133,2022-01-07 09:01:16,517253,17.560189962387085
6134,2022-01-07 09:01:21,517253,17.084916830062866
6135,2022-01-07 09:01:29,517253,17.317492961883545
6136,2022-01-07 09:01:37,517253,17.286797761917114
6137,2022-01-07 09:01:42,517253,17.285184860229492
6138,2022-01-07 09:01:43,517253,17.20992088317871
6139,2022-01-07 09:01:48,517253,16.98944091796875
6140,2022-01-07 11:01:21,517253,17.49546766281128
6141,2022-01-07 12:01:21,517253,17.298628091812134
6142,2022-01-07 12:01:35,517253,17.21549153327942
6143,2022-01-07 12:01:44,517253,17.222524881362915
6144,2022-01-07 12:01:45,517253,17.563347816467285
6145,2022-01-07 01:01:08,517254,17.30356454849243
6146,2022-01-07 01:01:25,517254,17.288318872451782
6147,2022-01-07 01:01:48,517254,17.337939739227295
6148,2022-01-07 01:01:57,517254,17.582666873931885
6149,2022-01-07 02:01:22,517254,17.063117027282715
6150,2022-01-07 02:01:25,517254,17.21242904663086
6151,2022-01-07 02:01:55,517254,17.390016317367554
6152,2022-01-07 03:01:00,517254,17.377712726593018
6153,2022-01-07 03:01:01,517254,17.121251821517944
6154,2022-01-07 03:01:38,517254,17.18525767326355
6155,2022-01-07 03:01:47,517254,17.432161569595337
6156,2022-01-07 03:01:48,517254,17.398688793182373
6157,2022-01-07 03:01:49,517254,17.512409687042236
6158,2022-01-07 03:01:59,517254,17.27648138999939
6159,2022-01-07 12:01:31,517254,17.54578948020935
6160,2022-01-07 05:01:16,517258,17.381049394607544
6161,2022-01-07 05:01:23,517258,17.45789408683777
6162,2022-01-07 05:01:01,517261,17.24786400794983
6163,2022-01-07 07:01:52,517262,17.603081464767456
6164,2022-01-07 08:01:53,517262,17.237802743911743
6165,2022-01-07 07:01:34,517263,17.232788801193237
6166,2022-01-07 09:01:17,517265,17.397522926330566
6167,2022-01-08 12:01:11,517266,17.355525493621826
6168,2022-01-08 05:01:03,517267,17.496273517608643
6169,2022-01-08 06:01:59,517267,17.216535806655884
6170,2022-01-08 07:01:00,517267,17.27430820465088
6171,2022-01-10 01:01:46,517268,17.40198254585266
6172,2022-01-10 05:01:05,517268,17.485997676849365
6173,2022-01-10 05:01:25,517268,17.453866004943848
6174,2022-01-10 05:01:37,517268,17.582275867462158
6175,2022-01-10 12:01:27,517268,17.02836036682129
6176,2022-01-10 06:01:07,517269,17.359938621520996
6177,2022-01-10 06:01:40,517269,17.25791573524475
6178,2022-01-10 07:01:44,517269,17.284419536590576
6179,2022-01-10 07:01:59,517269,17.723292112350464
6180,2022-01-10 10:01:51,517269,17.222994565963745
6181,2022-01-10 10:01:56,517269,17.506890296936035
6182,2022-01-10 10:01:46,517270,17.343465089797974
6183,2022-01-10 01:01:41,517272,17.3868727684021
6184,2022-01-10 01:01:44,517272,17.297295331954956
6185,2022-01-10 02:01:41,517272,17.405173778533936
6186,2022-01-10 02:01:54,517272,17.25967526435852
6187,2022-01-10 12:01:01,517272,17.287328243255615
6188,2022-01-10 12:01:08,517272,17.4122953414917
6189,2022-01-10 01:01:37,517273,17.440742254257202
6190,2022-01-10 01:01:44,517273,17.522698640823364
6191,2022-01-10 01:01:47,517273,17.391847372055054
6192,2022-01-10 12:01:10,517273,17.29996919631958
6193,2022-01-10 12:01:39,517273,17.52249836921692
6194,2022-01-10 02:01:08,517274,17.38204836845398
6195,2022-01-10 02:01:18,517274,17.074137926101685
6196,2022-01-10 02:01:40,517274,17.55752444267273
6197,2022-01-10 02:01:59,517274,17.08599090576172
6198,2022-01-10 03:01:37,517274,17.29676842689514
6199,2022-01-10 03:01:53,517274,17.06086039543152
6200,2022-01-10 03:01:54,517274,17.438018321990967
6201,2022-01-10 03:01:57,517275,17.325270175933838
6202,2022-01-10 04:01:26,517275,17.209080457687378
6203,2022-01-10 05:01:08,517275,17.390841245651245
6204,2022-01-10 05:01:33,517275,17.526297569274902
6205,2022-01-10 06:01:52,517275,17.29964017868042
6206,2022-01-10 08:01:13,517278,17.324883937835693
6207,2022-01-10 09:01:42,517278,17.190884351730347
6208,2022-01-10 10:01:21,517284,17.443960905075073
6209,2022-01-10 11:01:15,517284,17.149662971496582
6210,2022-01-10 11:01:27,517284,17.47095823287964
6211,2022-01-11 01:01:57,517287,17.62413263320923
6212,2022-01-11 02:01:21,517287,17.361783981323242
6213,2022-01-11 02:01:22,517287,17.50574827194214
6214,2022-01-11 03:01:20,517287,17.60859489440918
6215,2022-01-11 03:01:36,517287,17.451369762420654
6216,2022-01-11 09:01:09,517287,17.462098598480225
6217,2022-01-11 01:01:21,517288,17.485909461975098
6218,2022-01-11 01:01:37,517288,17.502747774124146
6219,2022-01-11 02:01:10,517288,17.164703607559204
6220,2022-01-11 05:01:10,517288,17.558412551879883
6221,2022-01-11 06:01:01,517288,17.547844648361206
6222,2022-01-11 06:01:07,517288,17.184139490127563
6223,2022-01-11 06:01:14,517288,17.407348155975342
6224,2022-01-11 06:01:16,517288,17.49040961265564
6225,2022-01-11 06:01:16,517288,17.531590461730957
6226,2022-01-11 06:01:33,517288,17.659143209457397
6227,2022-01-11 06:01:53,517288,17.578213214874268
6228,2022-01-11 07:01:38,517288,17.39717125892639
6229,2022-01-11 07:01:46,517288,17.265169620513916
6230,2022-01-11 07:01:55,517288,17.27873921394348
6231,2022-01-11 09:01:39,517288,17.442320585250854
6232,2022-01-11 09:01:59,517288,17.24766492843628
6233,2022-01-11 10:01:12,517288,17.46309518814087
6234,2022-01-11 10:01:46,517288,17.395973205566406
6235,2022-01-11 11:01:49,517288,17.592366933822632
6236,2022-01-11 12:01:05,517288,17.358306646347046
6237,2022-01-11 01:01:58,517289,17.127234935760498
6238,2022-01-11 11:01:04,517289,17.765345573425293
6239,2022-01-11 12:01:33,517289,17.244046926498413
6240,2022-01-11 02:01:32,517290,17.53241539001465
6241,2022-01-11 03:01:39,517290,17.443132400512695
6242,2022-01-11 03:01:54,517290,17.457149028778076
6243,2022-01-11 03:01:55,517290,17.647196054458618
6244,2022-01-11 04:01:07,517290,17.313213348388672
6245,2022-01-11 04:01:10,517290,17.342920303344727
6246,2022-01-11 04:01:31,517290,17.452609539031982
6247,2022-01-11 04:01:32,517290,17.240091562271118
6248,2022-01-11 04:01:53,517290,17.515203952789307
6249,2022-01-11 04:01:57,517290,17.423983812332153
6250,2022-01-11 05:01:27,517290,17.56143808364868
6251,2022-01-11 04:01:32,517291,17.224797010421753
6252,2022-01-11 05:01:37,517291,17.408934831619263
6253,2022-01-11 05:01:09,517293,17.23311424255371
6254,2022-01-11 09:01:25,517293,17.322051525115967
6255,2022-01-11 09:01:42,517293,17.378454208374023
6256,2022-01-11 09:01:43,517293,17.325674295425415
6257,2022-01-11 09:01:45,517293,17.38787293434143
6258,2022-01-11 09:01:57,517293,16.967321634292603
6259,2022-01-11 10:01:00,517293,17.24452257156372
6260,2022-01-11 10:01:03,517293,17.406338453292847
6261,2022-01-11 10:01:07,517293,17.28580355644226
6262,2022-01-11 10:01:14,517293,17.003287076950073
6263,2022-01-11 10:01:24,517293,17.52850651741028
6264,2022-01-11 10:01:59,517293,17.180832624435425
6265,2022-01-11 11:01:00,517293,17.151387929916382
6266,2022-01-11 11:01:55,517293,17.33616590499878
6267,2022-01-11 10:01:26,517294,17.476296424865723
6268,2022-01-11 11:01:39,517294,17.360901832580566
6269,2022-01-12 01:01:17,517294,17.208105325698853
6270,2022-01-12 01:01:32,517294,17.359650135040283
6271,2022-01-12 09:01:19,517294,16.95345640182495
6272,2022-01-12 09:01:23,517294,17.402116060256958
6273,2022-01-12 09:01:25,517294,17.431918382644653
6274,2022-01-12 09:01:30,517294,17.45495319366455
6275,2022-01-12 12:01:34,517294,17.365630865097046
6276,2022-01-12 12:01:36,517294,17.43495225906372
6277,2022-01-12 01:01:56,517302,17.28917121887207
6278,2022-01-12 02:01:15,517302,17.501590251922607
6279,2022-01-12 03:01:36,517302,17.28106141090393
6280,2022-01-12 03:01:45,517302,17.162532806396484
6281,2022-01-12 09:01:09,517302,17.25300431251526
6282,2022-01-12 09:01:21,517302,17.421319484710693
6283,2022-01-12 09:01:36,517302,17.375119924545288
6284,2022-01-12 09:01:52,517302,17.11116075515747
6285,2022-01-12 04:01:02,517306,17.518540620803833
6286,2022-01-12 05:01:33,517306,17.428104877471924
6287,2022-01-12 06:01:18,517306,17.284363508224487
6288,2022-01-12 06:01:20,517306,17.294727563858032
6289,2022-01-12 06:01:30,517306,17.473992109298706
6290,2022-01-12 06:01:45,517306,17.264350652694702
6291,2022-01-12 06:01:47,517306,17.559393644332886
6292,2022-01-12 07:01:11,517306,17.39209771156311
6293,2022-01-12 07:01:11,517306,17.29368805885315
6294,2022-01-12 07:01:28,517306,17.21107840538025
6295,2022-01-12 07:01:45,517306,17.310131788253784
6296,2022-01-12 07:01:56,517306,17.43795156478882
6297,2022-01-12 07:01:57,517306,17.41216540336609
6298,2022-01-12 08:01:13,517306,17.279051542282104
6299,2022-01-12 08:01:23,517306,17.263845205307007
6300,2022-01-12 08:01:36,517306,17.314553260803223
6301,2022-01-12 08:01:37,517306,17.31317639350891
6302,2022-01-12 08:01:44,517306,17.559998035430908
6303,2022-01-12 08:01:47,517306,17.281455993652344
6304,2022-01-12 08:01:49,517306,17.346022129058838
6305,2022-01-12 08:01:56,517306,17.47262716293335
6306,2022-01-12 09:01:06,517306,17.239913940429688
6307,2022-01-12 09:01:12,517306,16.758387088775635
6308,2022-01-12 09:01:17,517306,17.17233896255493
6309,2022-01-12 09:01:18,517306,17.396219968795776
6310,2022-01-12 09:01:18,517306,17.111425399780273
6311,2022-01-12 09:01:24,517306,17.18355655670166
6312,2022-01-12 09:01:27,517306,17.33811616897583
6313,2022-01-12 09:01:35,517306,17.32654333114624
6314,2022-01-12 09:01:36,517306,17.39815354347229
6315,2022-01-12 09:01:38,517306,17.521430253982544
6316,2022-01-12 09:01:40,517306,17.13578224182129
6317,2022-01-12 09:01:48,517306,17.357616424560547
6318,2022-01-12 09:01:48,517306,17.356173992156982
6319,2022-01-12 09:01:52,517306,17.27210283279419
6320,2022-01-12 10:01:06,517306,17.1989905834198
6321,2022-01-12 10:01:10,517306,17.144380807876587
6322,2022-01-12 10:01:11,517306,17.38532781600952
6323,2022-01-12 10:01:15,517306,17.40821361541748
6324,2022-01-12 10:01:21,517306,17.375999689102173
6325,2022-01-12 10:01:32,517306,17.419734001159668
6326,2022-01-12 10:01:32,517306,17.159351110458374
6327,2022-01-12 10:01:40,517306,17.57270097732544
6328,2022-01-12 10:01:45,517306,17.079713344573975
6329,2022-01-12 10:01:53,517306,17.163008451461792
6330,2022-01-12 10:01:56,517306,17.323211431503296
6331,2022-01-12 11:01:01,517306,17.140129804611206
6332,2022-01-12 11:01:04,517306,17.36164093017578
6333,2022-01-12 11:01:42,517306,17.423642873764038
6334,2022-01-12 11:01:48,517306,17.322537899017334
6335,2022-01-12 11:01:57,517306,17.33241081237793
6336,2022-01-12 12:01:28,517306,17.20649480819702
6337,2022-01-12 12:01:28,517306,17.305036783218384
6338,2022-01-12 12:01:39,517306,17.310829162597656
6339,2022-01-12 01:01:05,517307,17.3128879070282
6340,2022-01-12 12:01:27,517307,17.500532865524292
6341,2022-01-12 01:01:10,517308,17.61564016342163
6342,2022-01-12 01:01:14,517308,17.584660053253174
6343,2022-01-12 02:01:57,517308,17.18082070350647
6344,2022-01-12 12:01:04,517308,17.55327820777893
6345,2022-01-12 01:01:43,517309,17.315672636032104
6346,2022-01-12 01:01:44,517309,17.37125873565674
6347,2022-01-12 02:01:20,517309,17.410541772842407
6348,2022-01-12 02:01:34,517309,17.395527362823486
6349,2022-01-12 02:01:35,517309,17.323821783065796
6350,2022-01-12 03:01:05,517309,17.330782413482666
6351,2022-01-12 02:01:11,517312,17.385154962539673
6352,2022-01-12 04:01:17,517312,17.719608545303345
6353,2022-01-12 03:01:48,517315,17.36143469810486
6354,2022-01-12 04:01:32,517316,17.392393350601196
6355,2022-01-12 04:01:34,517316,17.471123933792114
6356,2022-01-12 05:01:12,517316,17.3283851146698
6357,2022-01-12 05:01:01,517318,16.83757781982422
6358,2022-01-12 05:01:03,517318,17.24400758743286
6359,2022-01-12 06:01:17,517318,17.360166311264038
6360,2022-01-12 05:01:32,517320,17.38376259803772
6361,2022-01-12 05:01:37,517320,17.294001579284668
6362,2022-01-12 06:01:19,517320,17.360870838165283
6363,2022-01-12 06:01:30,517320,17.601536512374878
6364,2022-01-12 06:01:57,517320,17.325031757354736
6365,2022-01-12 07:01:07,517320,17.37217903137207
6366,2022-01-12 06:01:00,517323,17.294424772262573
6367,2022-01-12 09:01:03,517329,17.2614848613739
6368,2022-01-12 09:01:34,517329,17.31598973274231
6369,2022-01-13 12:01:51,517332,17.374050617218018
6370,2022-01-13 12:01:46,517336,17.567168474197388
6371,2022-01-14 11:01:25,517336,17.528843879699707
6372,2022-01-14 11:01:26,517336,17.43383765220642
6373,2022-01-14 11:01:32,517336,17.39692211151123
6374,2022-01-14 11:01:50,517336,17.275596857070923
6375,2022-01-13 01:01:18,517337,17.461026906967163
6376,2022-01-13 05:01:50,517342,17.56515145301819
6377,2022-01-13 06:01:02,517342,17.083089351654053
6378,2022-01-13 05:01:16,517343,17.34395980834961
6379,2022-01-13 05:01:57,517343,17.4907648563385
6380,2022-01-13 06:01:08,517343,17.55650281906128
6381,2022-01-13 06:01:10,517343,17.401679754257202
6382,2022-01-13 06:01:28,517343,17.381995916366577
6383,2022-01-13 06:01:37,517343,17.349714040756226
6384,2022-01-13 06:01:52,517343,16.96152687072754
6385,2022-01-13 07:01:03,517343,17.170201539993286
6386,2022-01-13 07:01:07,517343,17.405211925506592
6387,2022-01-13 07:01:12,517343,17.415692806243896
6388,2022-01-13 07:01:24,517343,17.32269287109375
6389,2022-01-13 08:01:13,517343,17.369866371154785
6390,2022-01-13 08:01:33,517343,17.378870248794556
6391,2022-01-13 01:01:31,517344,17.321583032608032
6392,2022-01-13 01:01:35,517344,17.15550422668457
6393,2022-01-13 09:01:13,517344,17.444939613342285
6394,2022-01-13 09:01:29,517344,17.4143385887146
6395,2022-01-13 10:01:15,517344,17.06451654434204
6396,2022-01-13 10:01:37,517344,17.264835834503174
6397,2022-01-13 11:01:10,517344,17.548964023590088
6398,2022-01-13 11:01:50,517344,17.615574598312378
6399,2022-01-13 12:01:03,517344,17.381309270858765
6400,2022-01-13 12:01:32,517344,17.129781246185303
6401,2022-01-13 01:01:33,517345,17.526143789291382
6402,2022-01-13 12:01:20,517345,17.44483709335327
6403,2022-01-13 12:01:36,517345,17.28286385536194
6404,2022-01-13 01:01:29,517347,17.302019596099854
6405,2022-01-13 02:01:02,517347,17.524304389953613
6406,2022-01-13 03:01:10,517349,17.480398416519165
6407,2022-01-13 03:01:08,517350,17.55556583404541
6408,2022-01-13 04:01:58,517350,17.32629895210266
6409,2022-01-13 04:01:15,517351,17.23201870918274
6410,2022-01-13 07:01:26,517351,17.21613645553589
6411,2022-01-13 05:01:06,517352,17.55040407180786
6412,2022-01-13 05:01:27,517352,17.473469972610474
6413,2022-01-13 08:01:33,517352,17.61186122894287
6414,2022-01-13 06:01:44,517354,17.50327706336975
6415,2022-01-13 06:01:18,517355,17.374438047409058
6416,2022-01-13 09:01:30,517359,17.440390586853027
6417,2022-01-13 10:01:36,517359,17.530007362365723
6418,2022-01-13 10:01:13,517360,17.179442644119263
6419,2022-01-13 11:01:02,517360,17.476274967193604
6420,2022-01-13 11:01:15,517360,17.58797526359558
6421,2022-01-14 01:01:27,517362,17.464171648025513
6422,2022-01-14 01:01:39,517362,17.381404638290405
6423,2022-01-14 01:01:42,517362,17.331526279449463
6424,2022-01-14 02:01:37,517362,17.512487173080444
6425,2022-01-14 03:01:07,517362,17.304062843322754
6426,2022-01-14 03:01:09,517362,17.427024841308594
6427,2022-01-14 03:01:12,517362,17.464882135391235
6428,2022-01-14 03:01:23,517362,17.409369945526123
6429,2022-01-14 04:01:06,517362,17.725248336791992
6430,2022-01-14 04:01:16,517362,17.36057162284851
6431,2022-01-14 04:01:55,517362,17.411359548568726
6432,2022-01-14 05:01:18,517362,17.537779808044434
6433,2022-01-14 05:01:39,517362,17.17355251312256
6434,2022-01-14 06:01:01,517362,17.246274948120117
6435,2022-01-14 06:01:18,517362,17.397791147232056
6436,2022-01-14 06:01:32,517362,17.36174702644348
6437,2022-01-14 06:01:42,517362,17.57642388343811
6438,2022-01-14 07:01:43,517362,17.389134168624878
6439,2022-01-14 07:01:49,517362,17.480459213256836
6440,2022-01-14 09:01:29,517362,17.29656457901001
6441,2022-01-14 09:01:55,517362,17.76716709136963
6442,2022-01-14 10:01:46,517362,17.47746229171753
6443,2022-01-14 11:01:20,517362,17.270365953445435
6444,2022-01-14 11:01:22,517362,17.592743635177612
6445,2022-01-14 11:01:24,517362,17.471940517425537
6446,2022-01-14 11:01:49,517362,17.349693775177002
6447,2022-01-14 12:01:18,517362,17.484558820724487
6448,2022-01-14 12:01:53,517362,17.451696395874023
6449,2022-01-14 12:01:57,517362,17.40820288658142
6450,2022-01-14 05:01:29,517364,17.5380539894104
6451,2022-01-14 05:01:58,517364,17.569011449813843
6452,2022-01-14 06:01:49,517364,17.172467708587646
6453,2022-01-14 07:01:16,517364,17.629295587539673
6454,2022-01-14 07:01:17,517364,17.400065660476685
6455,2022-01-14 07:01:17,517364,17.381861209869385
6456,2022-01-14 07:01:38,517364,17.32770085334778
6457,2022-01-14 07:01:53,517364,17.268483638763428
6458,2022-01-14 08:01:16,517364,17.51015543937683
6459,2022-01-14 09:01:38,517364,17.23116636276245
6460,2022-01-14 07:01:12,517365,17.262492179870605
6461,2022-01-14 08:01:12,517365,17.62471079826355
6462,2022-01-14 08:01:52,517365,17.25819706916809
6463,2022-01-14 10:01:46,517365,17.07391858100891
6464,2022-01-14 09:01:37,517367,17.487785816192627
6465,2022-01-14 11:01:41,517367,17.226969003677368
6466,2022-01-14 11:01:52,517367,17.404266595840454
6467,2022-01-15 01:01:18,517367,17.37100839614868
6468,2022-01-14 09:01:01,517368,17.327455282211304
6469,2022-01-14 10:01:24,517368,17.24566102027893
6470,2022-01-14 11:01:33,517368,17.365888357162476
6471,2022-01-15 01:01:19,517368,17.334516048431396
6472,2022-01-15 01:01:33,517368,17.568743228912354
6473,2022-01-15 01:01:43,517368,17.406721115112305
6474,2022-01-15 02:01:11,517368,17.62181282043457
6475,2022-01-15 02:01:30,517368,17.60053277015686
6476,2022-01-15 02:01:39,517368,17.245386838912964
6477,2022-01-15 02:01:57,517368,17.512298822402954
6478,2022-01-15 03:01:02,517368,17.405928373336792
6479,2022-01-15 04:01:21,517368,17.50075936317444
6480,2022-01-15 12:01:39,517368,17.34962224960327
6481,2022-01-15 04:01:01,517369,17.484008073806763
6482,2022-01-15 05:01:20,517369,17.316713333129883
6483,2022-01-15 06:01:21,517370,17.275445461273193
6484,2022-01-15 07:01:13,517370,17.475212812423706
6485,2022-01-15 01:01:10,517372,17.409017086029053
6486,2022-01-15 02:01:24,517372,17.4369478225708
6487,2022-01-15 05:01:00,517372,17.250105142593384
6488,2022-01-15 05:01:14,517372,17.680158615112305
6489,2022-01-15 05:01:26,517372,17.46647357940674
6490,2022-01-15 07:01:55,517373,17.425395250320435
6491,2022-01-15 10:01:40,517373,17.651468515396118
6492,2022-01-15 11:01:32,517373,17.44015097618103
6493,2022-01-15 11:01:35,517373,17.472946643829346
6494,2022-01-15 11:01:39,517373,17.050446271896362
6495,2022-01-15 11:01:47,517373,17.310876846313477
6496,2022-01-15 11:01:59,517373,17.305679321289062
6497,2022-01-16 01:01:42,517373,17.64992594718933
6498,2022-01-16 02:01:59,517373,17.480323314666748
6499,2022-01-16 04:01:13,517374,17.366187572479248
6500,2022-01-16 05:01:47,517374,17.500767707824707
6501,2022-01-16 10:01:00,517375,17.592308521270752
6502,2022-01-16 11:01:20,517375,17.347055673599243
6503,2022-01-17 01:01:44,517375,17.46575117111206
6504,2022-01-17 05:01:08,517375,17.498998641967773
6505,2022-01-17 05:01:09,517375,17.363377809524536
6506,2022-01-17 05:01:12,517375,17.695796489715576
6507,2022-01-17 05:01:40,517375,17.34726071357727
6508,2022-01-17 06:01:28,517375,17.351967096328735
6509,2022-01-17 06:01:28,517375,17.43011713027954
6510,2022-01-17 06:01:50,517375,17.440509796142578
6511,2022-01-17 06:01:58,517376,17.2991943359375
6512,2022-01-17 07:01:31,517376,17.64230966567993
6513,2022-01-17 06:01:34,517377,17.471923828125
6514,2022-01-17 06:01:39,517377,17.496092319488525
6515,2022-01-17 07:01:18,517377,17.378520965576172
6516,2022-01-17 07:01:53,517377,17.334907054901123
6517,2022-01-17 01:01:07,517379,17.366745471954346
6518,2022-01-17 03:01:32,517379,17.426728010177612
6519,2022-01-17 04:01:08,517379,17.47901201248169
6520,2022-01-17 04:01:27,517379,17.140181064605713
6521,2022-01-17 10:01:03,517379,17.467228174209595
6522,2022-01-17 11:01:40,517379,17.436097860336304
6523,2022-01-17 11:01:57,517379,17.337430715560913
6524,2022-01-17 12:01:20,517379,17.53382921218872
6525,2022-01-17 12:01:44,517379,17.492719888687134
6526,2022-01-17 12:01:53,517379,17.329872846603394
6527,2022-01-17 01:01:38,517380,17.638328075408936
6528,2022-01-17 02:01:48,517380,17.577834129333496
6529,2022-01-17 03:01:28,517380,17.45975613594055
6530,2022-01-17 03:01:57,517380,17.379398345947266
6531,2022-01-17 12:01:05,517380,17.480942010879517
6532,2022-01-17 12:01:59,517380,17.461209297180176
6533,2022-01-17 02:01:39,517384,17.308014631271362
6534,2022-01-17 03:01:28,517385,17.117469310760498
6535,2022-01-17 04:01:58,517385,17.56341576576233
6536,2022-01-17 03:01:29,517387,17.519303560256958
6537,2022-01-17 04:01:07,517389,17.61529803276062
6538,2022-01-17 04:01:18,517389,17.611507177352905
6539,2022-01-17 05:01:00,517389,17.265056371688843
6540,2022-01-17 05:01:41,517389,17.44920253753662
6541,2022-01-17 06:01:06,517389,17.49969482421875
6542,2022-01-17 06:01:39,517389,17.427449226379395
6543,2022-01-17 07:01:02,517389,17.458497285842896
6544,2022-01-17 07:01:23,517389,17.455490827560425
6545,2022-01-17 07:01:36,517389,17.60231375694275
6546,2022-01-17 08:01:01,517389,17.417994737625122
6547,2022-01-17 08:01:10,517389,17.459988594055176
6548,2022-01-17 08:01:12,517389,16.99799418449402
6549,2022-01-17 08:01:12,517389,17.39948272705078
6550,2022-01-17 08:01:17,517389,17.45525360107422
6551,2022-01-17 08:01:27,517389,17.42901921272278
6552,2022-01-17 08:01:36,517389,17.25569486618042
6553,2022-01-17 08:01:40,517389,17.33031153678894
6554,2022-01-17 09:01:09,517389,17.405565977096558
6555,2022-01-17 09:01:16,517389,17.25167751312256
6556,2022-01-17 09:01:54,517389,17.31181025505066
6557,2022-01-17 09:01:59,517389,17.433414459228516
6558,2022-01-17 10:01:15,517389,17.585394382476807
6559,2022-01-17 10:01:43,517389,17.58790612220764
6560,2022-01-20 06:01:25,517389,17.536088228225708
6561,2022-01-20 06:01:25,517389,17.543362379074097
6562,2022-01-20 07:01:36,517389,17.752827405929565
6563,2022-01-20 07:01:51,517389,17.39453911781311
6564,2022-01-20 08:01:42,517389,17.526530027389526
6565,2022-01-20 08:01:46,517389,17.467788457870483
6566,2022-01-20 09:01:24,517389,17.798982858657837
6567,2022-01-20 09:01:57,517389,17.49085545539856
6568,2022-01-20 10:01:07,517389,17.49464988708496
6569,2022-01-20 10:01:53,517389,17.601405382156372
6570,2022-01-20 11:01:04,517389,17.27000117301941
6571,2022-01-20 11:01:13,517389,17.664564847946167
6572,2022-01-21 01:01:19,517389,17.60468602180481
6573,2022-01-21 01:01:22,517389,17.5479257106781
6574,2022-01-21 01:01:38,517389,17.601139545440674
6575,2022-01-21 01:01:51,517389,17.28314757347107
6576,2022-01-21 02:01:07,517389,17.278209924697876
6577,2022-01-21 02:01:40,517389,17.316787242889404
6578,2022-01-21 02:01:47,517389,17.373536825180054
6579,2022-01-21 03:01:11,517389,17.514007091522217
6580,2022-01-21 03:01:32,517389,17.414146661758423
6581,2022-01-21 04:01:06,517389,17.523905038833618
6582,2022-01-21 04:01:51,517389,17.209523916244507
6583,2022-01-21 05:01:50,517389,17.43233323097229
6584,2022-01-21 05:01:55,517389,17.425788640975952
6585,2022-01-21 06:01:17,517389,17.337164878845215
6586,2022-01-21 06:01:51,517389,17.522825002670288
6587,2022-01-21 07:01:27,517389,17.369545698165894
6588,2022-01-21 07:01:55,517389,17.39696979522705
6589,2022-01-21 08:01:25,517389,17.31497287750244
6590,2022-01-21 08:01:36,517389,17.46981143951416
6591,2022-01-21 09:01:13,517389,17.565088272094727
6592,2022-01-21 09:01:47,517389,17.580788135528564
6593,2022-01-21 10:01:21,517389,17.226654291152954
6594,2022-01-21 10:01:28,517389,17.639557123184204
6595,2022-01-21 11:01:00,517389,17.56396174430847
6596,2022-01-21 11:01:48,517389,17.542808055877686
6597,2022-01-21 12:01:03,517389,17.559605836868286
6598,2022-01-21 12:01:19,517389,17.47314691543579
6599,2022-01-21 12:01:46,517389,17.508225440979004
6600,2022-01-21 12:01:52,517389,17.51298189163208
6601,2022-01-17 10:01:05,517391,17.488726377487183
6602,2022-01-17 10:01:18,517391,17.50226616859436
6603,2022-01-17 10:01:42,517391,17.565553188323975
6604,2022-01-17 11:01:02,517391,17.37636089324951
6605,2022-01-18 12:01:25,517391,17.109404802322388
6606,2022-01-18 12:01:33,517391,17.517940998077393
6607,2022-01-17 10:01:59,517392,17.49172329902649
6608,2022-01-18 12:01:56,517392,17.3053240776062
6609,2022-01-17 11:01:51,517395,17.500712871551514
6610,2022-01-18 01:01:03,517395,17.348990440368652
6611,2022-01-18 02:01:19,517395,17.37847089767456
6612,2022-01-18 02:01:20,517395,17.35757827758789
6613,2022-01-18 01:01:01,517398,17.447749376296997
6614,2022-01-18 03:01:55,517398,17.220475673675537
6615,2022-01-18 03:01:47,517399,17.482118606567383
6616,2022-01-18 04:01:06,517399,17.30980634689331
6617,2022-01-18 05:01:54,517400,17.41810917854309
6618,2022-01-18 06:01:22,517400,17.416385412216187
6619,2022-01-18 05:01:17,517401,17.58891224861145
6620,2022-01-18 06:01:42,517401,17.345939874649048
6621,2022-01-18 07:01:58,517401,17.853219509124756
6622,2022-01-18 07:01:46,517402,17.625399827957153
6623,2022-01-18 07:01:00,517403,17.419036626815796
6624,2022-01-18 07:01:08,517403,17.194586992263794
6625,2022-01-18 08:01:50,517403,17.094640731811523
6626,2022-01-18 08:01:54,517403,17.429336309432983
6627,2022-01-18 07:01:19,517404,17.38329529762268
6628,2022-01-18 08:01:00,517404,17.4754798412323
6629,2022-01-18 08:01:20,517404,17.50680446624756
6630,2022-01-18 09:01:08,517408,17.32299566268921
6631,2022-01-18 10:01:26,517408,17.36331343650818
6632,2022-01-18 10:01:46,517410,17.381203174591064
6633,2022-01-18 11:01:26,517410,17.26304054260254
6634,2022-01-18 11:01:58,517410,17.42763876914978
6635,2022-01-18 12:01:39,517410,17.40126371383667
6636,2022-01-18 04:01:08,517411,17.124319076538086
6637,2022-01-18 04:01:41,517411,17.24284291267395
6638,2022-01-18 05:01:01,517411,17.244133949279785
6639,2022-01-18 05:01:47,517411,17.1509850025177
6640,2022-01-18 12:01:26,517411,17.40216612815857
6641,2022-01-18 12:01:42,517411,17.22827434539795
6642,2022-01-18 12:01:48,517411,17.450428009033203
6643,2022-01-18 01:01:24,517412,17.267422676086426
6644,2022-01-18 05:01:47,517413,17.452796697616577
6645,2022-01-18 06:01:09,517413,17.061612606048584
6646,2022-01-18 07:01:09,517413,17.106372117996216
6647,2022-01-18 07:01:38,517413,17.19218611717224
6648,2022-01-18 05:01:17,517414,17.437715530395508
6649,2022-01-18 05:01:55,517414,17.40097999572754
6650,2022-01-18 06:01:07,517414,17.47228503227234
6651,2022-01-18 06:01:43,517414,17.666761875152588
6652,2022-01-18 05:01:06,517416,17.36270308494568
6653,2022-01-18 08:01:17,517416,17.52076745033264
6654,2022-01-18 08:01:32,517416,16.940484046936035
6655,2022-01-18 09:01:16,517416,17.176063060760498
6656,2022-01-18 06:01:50,517417,17.223124504089355
6657,2022-01-18 08:01:29,517417,17.212347984313965
6658,2022-01-18 09:01:34,517417,17.254655361175537
6659,2022-01-18 11:01:00,517418,17.409136295318604
6660,2022-01-18 11:01:14,517418,17.36536979675293
6661,2022-01-18 11:01:21,517418,17.2977077960968
6662,2022-01-18 11:01:23,517418,17.42761492729187
6663,2022-01-19 12:01:50,517418,17.199058532714844
6664,2022-01-19 01:01:23,517421,17.368183135986328
6665,2022-01-19 01:01:31,517421,17.29284167289734
6666,2022-01-19 01:01:42,517421,17.525068521499634
6667,2022-01-19 02:01:18,517421,17.26049304008484
6668,2022-01-19 12:01:15,517421,17.52664089202881
6669,2022-01-19 12:01:20,517421,17.532460689544678
6670,2022-01-19 01:01:33,517422,17.596609592437744
6671,2022-01-19 01:01:51,517422,17.440428733825684
6672,2022-01-19 02:01:26,517422,17.28019118309021
6673,2022-01-19 02:01:50,517422,17.197192907333374
6674,2022-01-19 03:01:16,517422,17.31602191925049
6675,2022-01-19 03:01:20,517422,17.472201585769653
6676,2022-01-19 02:01:12,517423,17.220598459243774
6677,2022-01-19 02:01:34,517423,17.428208589553833
6678,2022-01-19 02:01:40,517423,17.355809211730957
6679,2022-01-19 03:01:01,517423,17.504717111587524
6680,2022-01-19 03:01:11,517423,17.65087366104126
6681,2022-01-19 03:01:43,517423,17.369548082351685
6682,2022-01-19 03:01:44,517423,17.076951265335083
6683,2022-01-19 03:01:45,517423,17.294421195983887
6684,2022-01-19 04:01:35,517423,17.291173934936523
6685,2022-01-19 04:01:56,517423,17.510918378829956
6686,2022-01-19 04:01:29,517426,17.337071895599365
6687,2022-01-19 04:01:30,517426,17.201063632965088
6688,2022-01-19 04:01:45,517426,17.558506727218628
6689,2022-01-19 05:01:04,517426,17.320239543914795
6690,2022-01-19 05:01:58,517426,17.24164843559265
6691,2022-01-19 05:01:11,517427,17.459222078323364
6692,2022-01-19 05:01:12,517427,17.30801224708557
6693,2022-01-19 05:01:34,517427,17.454861402511597
6694,2022-01-19 06:01:11,517427,17.410807609558105
6695,2022-01-19 06:01:32,517427,17.257163524627686
6696,2022-01-19 06:01:33,517427,17.338180541992188
6697,2022-01-19 06:01:41,517427,17.298308610916138
6698,2022-01-19 06:01:55,517427,17.32883095741272
6699,2022-01-19 06:01:58,517427,17.425553798675537
6700,2022-01-19 07:01:05,517427,17.30998992919922
6701,2022-01-19 07:01:09,517427,17.562495470046997
6702,2022-01-19 07:01:15,517427,17.145748138427734
6703,2022-01-19 07:01:19,517427,17.283531427383423
6704,2022-01-19 07:01:00,517428,17.531238794326782
6705,2022-01-19 07:01:19,517428,17.2974956035614
6706,2022-01-19 07:01:47,517428,17.399067878723145
6707,2022-01-19 08:01:18,517428,17.14368462562561
6708,2022-01-19 08:01:21,517428,17.252776622772217
6709,2022-01-19 09:01:02,517428,17.191319465637207
6710,2022-01-19 07:01:51,517429,17.240222692489624
6711,2022-01-19 08:01:12,517429,17.508080005645752
6712,2022-01-19 08:01:51,517430,17.300204038619995
6713,2022-01-19 09:01:08,517430,17.353302240371704
6714,2022-01-19 09:01:26,517430,17.560298442840576
6715,2022-01-19 10:01:09,517430,17.437283992767334
6716,2022-01-19 01:01:21,517431,17.5567364692688
6717,2022-01-19 01:01:31,517431,17.34168291091919
6718,2022-01-19 09:01:00,517431,17.32673406600952
6719,2022-01-19 09:01:01,517431,17.547659873962402
6720,2022-01-19 10:01:15,517431,17.398124933242798
6721,2022-01-19 10:01:17,517431,17.583285570144653
6722,2022-01-19 10:01:57,517431,17.39762544631958
6723,2022-01-19 11:01:18,517431,17.467490434646606
6724,2022-01-19 11:01:32,517431,17.457515001296997
6725,2022-01-19 11:01:39,517431,17.096703052520752
6726,2022-01-19 12:01:19,517431,17.45586395263672
6727,2022-01-19 12:01:29,517431,17.486038208007812
6728,2022-01-19 12:01:45,517431,17.296236753463745
6729,2022-01-19 12:01:49,517431,17.612202167510986
6730,2022-01-19 01:01:04,517432,17.260648012161255
6731,2022-01-19 01:01:12,517432,17.16907024383545
6732,2022-01-19 01:01:35,517432,17.290107011795044
6733,2022-01-19 01:01:39,517432,17.46728539466858
6734,2022-01-19 01:01:40,517432,17.440485954284668
6735,2022-01-19 02:01:09,517432,17.617419958114624
6736,2022-01-19 02:01:38,517432,17.147738933563232
6737,2022-01-19 03:01:02,517432,17.319960594177246
6738,2022-01-19 03:01:43,517432,16.992956399917603
6739,2022-01-19 12:01:29,517432,17.38628387451172
6740,2022-01-19 01:01:42,517433,17.40143895149231
6741,2022-01-19 02:01:52,517433,17.284096479415894
6742,2022-01-19 02:01:46,517437,17.55604863166809
6743,2022-01-19 03:01:15,517437,17.468175888061523
6744,2022-01-19 03:01:23,517437,17.500007152557373
6745,2022-01-19 03:01:44,517437,17.153221368789673
6746,2022-01-19 04:01:28,517437,17.611225843429565
6747,2022-01-19 03:01:05,517438,17.483718395233154
6748,2022-01-19 03:01:47,517438,17.47672438621521
6749,2022-01-19 04:01:13,517438,17.820509672164917
6750,2022-01-19 04:01:30,517438,17.01137065887451
6751,2022-01-19 04:01:07,517439,17.355926036834717
6752,2022-01-19 05:01:02,517439,17.38055109977722
6753,2022-01-19 05:01:07,517441,17.332088947296143
6754,2022-01-19 05:01:28,517442,17.615902423858643
6755,2022-01-19 05:01:28,517442,17.344155311584473
6756,2022-01-19 05:01:47,517442,17.609959840774536
6757,2022-01-19 06:01:50,517442,17.619155645370483
6758,2022-01-19 06:01:53,517442,17.48050570487976
6759,2022-01-19 07:01:11,517442,17.40752935409546
6760,2022-01-19 07:01:23,517446,17.55993962287903
6761,2022-01-19 08:01:01,517446,17.395912408828735
6762,2022-01-19 08:01:37,517449,17.470242977142334
6763,2022-01-19 10:01:45,517449,17.3769474029541
6764,2022-01-19 09:01:42,517451,17.366124391555786
6765,2022-01-19 10:01:54,517451,17.504215240478516
6766,2022-01-20 12:01:02,517458,17.24145770072937
6767,2022-01-20 12:01:51,517458,17.29716658592224
6768,2022-01-20 02:01:25,517462,17.58744239807129
6769,2022-01-20 02:01:56,517462,17.49344229698181
6770,2022-01-20 03:01:19,517462,17.449012994766235
6771,2022-01-20 03:01:46,517462,17.428210973739624
6772,2022-01-20 04:01:41,517467,17.430073022842407
6773,2022-01-20 06:01:06,517467,17.421610355377197
6774,2022-01-20 05:01:04,517468,17.44525909423828
6775,2022-01-20 06:01:09,517468,17.17142939567566
6776,2022-01-20 05:01:01,517469,17.230236530303955
6777,2022-01-20 05:01:37,517469,17.034881114959717
6778,2022-01-20 06:01:05,517469,16.93413257598877
6779,2022-01-20 06:01:37,517469,17.50531315803528
6780,2022-01-20 07:01:23,517469,17.130156755447388
6781,2022-01-20 01:01:02,517470,17.388986349105835
6782,2022-01-20 01:01:09,517470,17.31287717819214
6783,2022-01-20 01:01:47,517470,17.522411346435547
6784,2022-01-20 01:01:59,517470,17.34824538230896
6785,2022-01-20 02:01:04,517470,17.454004287719727
6786,2022-01-20 02:01:28,517470,17.53969669342041
6787,2022-01-20 02:01:33,517470,17.416478395462036
6788,2022-01-20 02:01:36,517470,17.106683254241943
6789,2022-01-20 02:01:50,517470,17.288750410079956
6790,2022-01-20 03:01:38,517470,17.09773302078247
6791,2022-01-20 03:01:47,517470,17.330260276794434
6792,2022-01-20 03:01:54,517470,17.217365503311157
6793,2022-01-20 05:01:44,517470,17.173629999160767
6794,2022-01-20 06:01:20,517470,17.24737048149109
6795,2022-01-20 06:01:29,517470,17.39246368408203
6796,2022-01-20 06:01:56,517470,17.291048765182495
6797,2022-01-20 07:01:21,517470,17.04092025756836
6798,2022-01-20 07:01:22,517470,17.350904941558838
6799,2022-01-20 07:01:26,517470,17.290884256362915
6800,2022-01-20 07:01:32,517470,16.98454260826111
6801,2022-01-20 07:01:46,517470,17.281320095062256
6802,2022-01-20 08:01:08,517470,17.28455662727356
6803,2022-01-20 08:01:22,517470,17.27692484855652
6804,2022-01-20 08:01:24,517470,17.413644790649414
6805,2022-01-20 08:01:30,517470,17.06129550933838
6806,2022-01-20 09:01:42,517470,17.4000883102417
6807,2022-01-20 09:01:48,517470,17.476370334625244
6808,2022-01-20 10:01:43,517470,17.193009853363037
6809,2022-01-20 11:01:00,517470,17.357689142227173
6810,2022-01-20 11:01:40,517470,17.242884635925293
6811,2022-01-20 12:01:00,517470,17.29991316795349
6812,2022-01-20 12:01:22,517470,17.375189065933228
6813,2022-01-20 12:01:45,517470,17.46323823928833
6814,2022-01-20 12:01:54,517470,17.307188510894775
6815,2022-01-20 02:01:40,517471,17.174415588378906
6816,2022-01-20 02:01:41,517471,17.382140159606934
6817,2022-01-20 02:01:51,517471,17.370946407318115
6818,2022-01-20 02:01:53,517471,17.23806858062744
6819,2022-01-20 03:01:28,517471,17.325204610824585
6820,2022-01-20 03:01:38,517471,17.07967519760132
6821,2022-01-20 03:01:47,517471,17.055938243865967
6822,2022-01-20 03:01:51,517471,17.279949188232422
6823,2022-01-20 03:01:53,517471,17.30075716972351
6824,2022-01-20 03:01:12,517472,17.09362506866455
6825,2022-01-20 03:01:24,517473,17.203913927078247
6826,2022-01-20 04:01:43,517473,17.2895085811615
6827,2022-01-20 05:01:24,517473,17.15686559677124
6828,2022-01-20 04:01:20,517474,17.124675512313843
6829,2022-01-20 04:01:36,517474,17.318648099899292
6830,2022-01-20 05:01:20,517476,17.14385747909546
6831,2022-01-20 05:01:45,517476,17.269731760025024
6832,2022-01-20 06:01:13,517476,17.404215335845947
6833,2022-01-20 06:01:40,517476,17.361634969711304
6834,2022-01-20 07:01:09,517476,17.247450351715088
6835,2022-01-20 07:01:45,517476,17.4326229095459
6836,2022-01-20 06:01:03,517478,17.270541191101074
6837,2022-01-20 07:01:32,517478,17.286245822906494
6838,2022-01-20 07:01:24,517479,17.4218487739563
6839,2022-01-20 08:01:37,517479,17.326120138168335
6840,2022-01-20 09:01:36,517480,17.549734115600586
6841,2022-01-20 10:01:34,517480,17.49760389328003
6842,2022-01-20 08:01:53,517482,17.417534589767456
6843,2022-01-20 09:01:54,517482,17.32279062271118
6844,2022-01-20 09:01:09,517483,16.845473051071167
6845,2022-01-20 09:01:13,517483,17.33527898788452
6846,2022-01-20 10:01:21,517483,17.179758548736572
6847,2022-01-20 10:01:32,517483,17.176496982574463
6848,2022-01-20 11:01:29,517483,17.134162187576294
6849,2022-01-20 11:01:48,517483,17.209858894348145
6850,2022-01-20 09:01:46,517484,17.283400297164917
6851,2022-01-20 10:01:53,517485,17.31173038482666
6852,2022-01-20 11:01:53,517489,17.366137504577637
6853,2022-01-21 12:01:35,517489,17.34628915786743
6854,2022-01-20 11:01:21,517491,17.42954730987549
6855,2022-01-21 12:01:05,517491,17.329964637756348
6856,2022-01-21 12:01:18,517494,17.18334197998047
6857,2022-01-21 12:01:36,517494,17.341363430023193
6858,2022-01-21 12:01:37,517494,17.10542321205139
6859,2022-01-21 12:01:51,517494,17.225688695907593
6860,2022-01-21 01:01:29,517498,17.18677520751953
6861,2022-01-21 03:01:34,517498,17.285865545272827
6862,2022-01-21 01:01:06,517500,17.468520402908325
6863,2022-01-21 01:01:28,517500,17.43325710296631
6864,2022-01-21 03:01:09,517500,17.53632426261902
6865,2022-01-21 03:01:12,517500,17.37043261528015
6866,2022-01-21 04:01:13,517500,17.328728437423706
6867,2022-01-21 05:01:06,517500,17.469221353530884
6868,2022-01-21 06:01:08,517500,17.48381495475769
6869,2022-01-21 06:01:37,517500,17.59324312210083
6870,2022-01-21 07:01:43,517500,17.48356342315674
6871,2022-01-21 07:01:53,517500,17.321176528930664
6872,2022-01-21 07:01:53,517500,17.12020516395569
6873,2022-01-21 07:01:56,517500,17.222230434417725
6874,2022-01-21 07:01:59,517500,17.321242094039917
6875,2022-01-21 08:01:01,517500,17.163952589035034
6876,2022-01-21 08:01:57,517500,17.43814706802368
6877,2022-01-21 09:01:35,517500,17.281240224838257
6878,2022-01-21 10:01:37,517500,17.317742109298706
6879,2022-01-21 10:01:42,517500,17.449482679367065
6880,2022-01-21 10:01:51,517500,17.37900733947754
6881,2022-01-21 10:01:53,517500,17.511872053146362
6882,2022-01-21 11:01:09,517500,17.231180667877197
6883,2022-01-21 11:01:17,517500,17.32008934020996
6884,2022-01-21 11:01:22,517500,17.40639567375183
6885,2022-01-21 11:01:37,517500,17.26909041404724
6886,2022-01-21 11:01:40,517500,17.296518087387085
6887,2022-01-21 11:01:54,517500,17.527527809143066
6888,2022-01-21 12:01:06,517500,17.454363107681274
6889,2022-01-21 12:01:50,517500,17.191365957260132
6890,2022-01-21 01:01:03,517501,17.40178346633911
6891,2022-01-21 01:01:08,517501,17.2773015499115
6892,2022-01-21 02:01:59,517501,17.340643405914307
6893,2022-01-21 12:01:04,517501,17.35771894454956
6894,2022-01-21 01:01:19,517502,17.365453243255615
6895,2022-01-21 02:01:11,517502,17.40017056465149
6896,2022-01-21 02:01:14,517502,17.39343762397766
6897,2022-01-21 02:01:27,517502,17.346118688583374
6898,2022-01-21 02:01:49,517502,17.369039058685303
6899,2022-01-21 03:01:00,517502,17.49820828437805
6900,2022-01-21 03:01:21,517502,17.43343949317932
6901,2022-01-21 03:01:40,517502,17.397847175598145
6902,2022-01-21 04:01:00,517502,17.63806939125061
6903,2022-01-21 04:01:12,517502,17.12700366973877
6904,2022-01-21 04:01:45,517502,17.201223373413086
6905,2022-01-21 04:01:45,517502,17.215580940246582
6906,2022-01-21 05:01:06,517502,17.582926750183105
6907,2022-01-21 03:01:41,517503,17.434035539627075
6908,2022-01-21 03:01:39,517504,17.511686086654663
6909,2022-01-21 04:01:03,517504,17.290587425231934
6910,2022-01-21 04:01:24,517504,17.157739400863647
6911,2022-01-21 04:01:46,517504,17.462477684020996
6912,2022-01-21 05:01:12,517504,17.451988458633423
6913,2022-01-21 05:01:56,517504,17.358267307281494
6914,2022-01-21 06:01:41,517504,17.394107580184937
6915,2022-01-21 05:01:20,517505,17.236639261245728
6916,2022-01-21 05:01:27,517505,17.499537467956543
6917,2022-01-21 05:01:33,517505,17.278058528900146
6918,2022-01-21 06:01:10,517505,17.27986454963684
6919,2022-01-21 07:01:32,517505,17.356024980545044
6920,2022-01-21 05:01:32,517506,17.578296661376953
6921,2022-01-21 06:01:18,517506,17.601540088653564
6922,2022-01-21 05:01:56,517507,17.329741716384888
6923,2022-01-21 06:01:17,517508,17.38415241241455
6924,2022-01-21 07:01:19,517508,17.372655868530273
6925,2022-01-21 06:01:32,517510,17.681585550308228
6926,2022-01-21 06:01:45,517510,17.578924894332886
6927,2022-01-21 08:01:08,517510,17.123382091522217
6928,2022-01-21 08:01:27,517511,17.33652114868164
6929,2022-01-21 09:01:22,517511,17.506742477416992
6930,2022-01-21 09:01:27,517511,17.116317749023438
6931,2022-01-21 09:01:47,517511,17.251919507980347
6932,2022-01-21 08:01:18,517515,17.45112657546997
6933,2022-01-21 08:01:49,517515,17.41144061088562
6934,2022-01-21 09:01:10,517515,17.204084396362305
6935,2022-01-21 09:01:11,517515,17.348225116729736
6936,2022-01-21 09:01:13,517515,17.282572984695435
6937,2022-01-21 09:01:31,517515,17.07636833190918
6938,2022-01-21 09:01:42,517515,17.48487949371338
6939,2022-01-21 09:01:47,517515,17.147706747055054
6940,2022-01-21 08:01:47,517517,17.442365884780884
6941,2022-01-21 09:01:14,517517,17.22262978553772
6942,2022-01-21 09:01:48,517517,17.424392700195312
6943,2022-01-21 11:01:39,517517,17.427490949630737
6944,2022-01-21 10:01:54,517520,17.44766592979431
6945,2022-01-21 11:01:07,517520,17.375062704086304
6946,2022-01-21 11:01:53,517521,17.23366379737854
6947,2022-01-22 01:01:03,517521,17.266534566879272
6948,2022-01-22 01:01:22,517521,17.238082885742188
6949,2022-01-22 12:01:09,517521,17.215676307678223
6950,2022-01-22 12:01:27,517521,17.291131019592285
6951,2022-01-22 12:01:28,517521,17.417994737625122
6952,2022-01-22 01:01:57,517526,17.210041284561157
6953,2022-01-22 02:01:53,517526,17.26136088371277
6954,2022-01-22 04:01:09,517535,17.247878313064575
6955,2022-01-22 04:01:30,517535,17.057743072509766
6956,2022-01-22 07:01:16,517535,17.76037335395813
6957,2022-01-22 07:01:26,517535,17.404288053512573
6958,2022-01-22 10:01:19,517535,17.24841594696045
6959,2022-01-22 10:01:44,517535,17.30168581008911
6960,2022-01-22 08:01:26,517538,17.474045753479004
6961,2022-01-23 05:01:27,517539,17.3153555393219
6962,2022-01-23 09:01:05,517539,17.315263748168945
6963,2022-01-23 10:01:28,517539,17.493789196014404
6964,2022-01-23 02:01:00,517540,17.394875288009644
6965,2022-01-23 02:01:06,517540,17.2454833984375
6966,2022-01-23 02:01:13,517540,17.222434282302856
6967,2022-01-23 02:01:51,517540,17.497419118881226
6968,2022-01-23 03:01:09,517540,17.29577898979187
6969,2022-01-23 04:01:20,517541,17.259514331817627
6970,2022-01-23 05:01:25,517541,17.290210723876953
6971,2022-01-23 09:01:09,517543,17.285265922546387
6972,2022-01-23 09:01:33,517543,17.389564514160156
6973,2022-01-23 09:01:37,517543,17.329941987991333
6974,2022-01-23 10:01:09,517543,17.324273586273193
6975,2022-01-23 11:01:35,517543,17.185338735580444
6976,2022-01-24 12:01:23,517543,17.383211851119995
6977,2022-01-24 12:01:50,517543,17.461811304092407
6978,2022-01-24 05:01:26,517547,17.378560304641724
6979,2022-01-24 06:01:10,517547,17.354718446731567
6980,2022-01-24 07:01:18,517547,17.303203344345093
6981,2022-01-24 05:01:18,517548,17.37027883529663
6982,2022-01-24 06:01:45,517548,17.233966588974
6983,2022-01-24 06:01:08,517549,17.31000304222107
6984,2022-01-24 06:01:15,517549,17.40725874900818
6985,2022-01-24 08:01:33,517549,17.400670051574707
6986,2022-01-24 09:01:21,517549,17.289355993270874
6987,2022-01-24 10:01:36,517550,17.480658292770386
6988,2022-01-24 11:01:08,517550,17.244510650634766
6989,2022-01-24 11:01:08,517550,17.237329483032227
6990,2022-01-24 11:01:15,517550,17.18720316886902
6991,2022-01-24 11:01:50,517550,17.49411702156067
6992,2022-01-24 12:01:26,517550,17.540570497512817
6993,2022-01-24 11:01:26,517551,17.5721275806427
6994,2022-01-24 11:01:39,517551,17.419346570968628
6995,2022-01-24 12:01:02,517551,17.24437952041626
6996,2022-01-24 12:01:06,517551,17.446459531784058
6997,2022-01-24 01:01:19,517552,16.903443336486816
6998,2022-01-24 02:01:19,517552,17.478889226913452
6999,2022-01-24 12:01:00,517552,17.520289421081543
7000,2022-01-24 12:01:12,517552,17.365084886550903
7001,2022-01-24 12:01:19,517552,17.236533164978027
7002,2022-01-24 12:01:26,517552,17.36650824546814
7003,2022-01-24 12:01:41,517552,17.289434671401978
7004,2022-01-24 01:01:22,517553,17.34200954437256
7005,2022-01-24 02:01:40,517553,17.32324242591858
7006,2022-01-24 02:01:56,517554,17.37481117248535
7007,2022-01-24 03:01:05,517554,17.291405200958252
7008,2022-01-24 02:01:23,517555,17.116546630859375
7009,2022-01-24 02:01:26,517555,17.379367351531982
7010,2022-01-24 02:01:28,517555,17.399709224700928
7011,2022-01-24 03:01:12,517555,17.337645292282104
7012,2022-01-24 03:01:15,517555,17.14621901512146
7013,2022-01-24 03:01:45,517555,17.41284728050232
7014,2022-01-24 04:01:21,517555,17.407337427139282
7015,2022-01-24 04:01:26,517555,17.35257625579834
7016,2022-01-24 04:01:44,517555,17.220115661621094
7017,2022-01-24 04:01:57,517555,17.22492218017578
7018,2022-01-24 03:01:09,517556,17.35891342163086
7019,2022-01-24 03:01:30,517556,17.27181077003479
7020,2022-01-24 04:01:01,517556,17.228814363479614
7021,2022-01-24 04:01:04,517556,17.239140272140503
7022,2022-01-24 04:01:09,517556,17.29854702949524
7023,2022-01-24 04:01:26,517556,17.424330711364746
7024,2022-01-24 04:01:34,517556,17.384018898010254
7025,2022-01-24 04:01:35,517556,17.2489333152771
7026,2022-01-24 04:01:55,517556,17.299013137817383
7027,2022-01-24 05:01:37,517556,17.262548208236694
7028,2022-01-24 06:01:32,517556,16.78568124771118
7029,2022-01-24 06:01:40,517556,17.23422884941101
7030,2022-01-25 01:01:42,517556,17.14997410774231
7031,2022-01-24 05:01:10,517559,17.189167737960815
7032,2022-01-24 05:01:15,517559,17.300138473510742
7033,2022-01-24 07:01:24,517559,17.169126272201538
7034,2022-01-24 07:01:25,517561,17.274163961410522
7035,2022-01-24 07:01:51,517561,17.43966579437256
7036,2022-01-24 08:01:15,517561,17.42223620414734
7037,2022-01-24 09:01:16,517561,17.40146040916443
7038,2022-01-24 09:01:35,517561,17.127044200897217
7039,2022-01-24 10:01:42,517561,17.406939268112183
7040,2022-01-24 08:01:25,517562,17.63144850730896
7041,2022-01-24 09:01:16,517562,17.187963724136353
7042,2022-01-24 09:01:25,517563,17.214210033416748
7043,2022-01-24 10:01:47,517563,17.301504611968994
7044,2022-01-24 09:01:42,517564,17.339112758636475
7045,2022-01-24 09:01:57,517564,17.32226252555847
7046,2022-01-24 10:01:04,517564,17.424577474594116
7047,2022-01-24 10:01:09,517564,17.343413829803467
7048,2022-01-24 10:01:38,517564,17.2492516040802
7049,2022-01-24 11:01:51,517564,17.258001565933228
7050,2022-01-25 02:01:11,517568,17.421579360961914
7051,2022-01-25 02:01:29,517568,17.263290882110596
7052,2022-01-25 02:01:38,517568,17.318676710128784
7053,2022-01-25 02:01:50,517568,17.572225332260132
7054,2022-01-25 03:01:37,517568,17.304909229278564
7055,2022-01-25 04:01:04,517568,17.280980348587036
7056,2022-01-25 04:01:48,517568,17.11776852607727
7057,2022-01-25 04:01:55,517568,17.459226846694946
7058,2022-01-25 05:01:41,517573,17.04192876815796
7059,2022-01-25 06:01:01,517573,16.7641818523407
7060,2022-01-25 06:01:34,517573,17.325016260147095
7061,2022-01-25 07:01:36,517573,17.224037647247314
7062,2022-01-25 07:01:52,517573,16.984992027282715
7063,2022-01-25 08:01:01,517574,17.193257808685303
7064,2022-01-25 08:01:08,517574,17.021082639694214
7065,2022-01-25 08:01:27,517574,17.01486825942993
7066,2022-01-25 08:01:44,517574,16.978604793548584
7067,2022-01-25 09:01:01,517574,17.07310914993286
7068,2022-01-25 09:01:30,517574,17.05761194229126
7069,2022-01-25 10:01:28,517574,17.076314687728882
7070,2022-01-25 10:01:32,517574,16.65805220603943
7071,2022-01-25 12:01:41,517574,17.059246301651
7072,2022-01-25 11:01:14,517575,16.92350149154663
7073,2022-01-25 12:01:01,517575,16.979472637176514
7074,2022-01-25 02:01:16,517577,17.14363932609558
7075,2022-01-25 12:01:54,517577,17.342864274978638
7076,2022-01-25 01:01:40,517578,17.064095735549927
7077,2022-01-25 02:01:10,517578,16.68148398399353
7078,2022-01-25 02:01:35,517578,17.11006760597229
7079,2022-01-25 03:01:28,517578,17.110824584960938
7080,2022-01-25 03:01:37,517578,16.904767751693726
7081,2022-01-25 03:01:09,517580,17.03578472137451
7082,2022-01-25 03:01:28,517580,17.14165687561035
7083,2022-01-25 03:01:51,517580,16.876074075698853
7084,2022-01-25 04:01:01,517580,17.021362781524658
7085,2022-01-25 04:01:04,517580,17.09126114845276
7086,2022-01-25 04:01:12,517580,17.216596603393555
7087,2022-01-25 04:01:12,517580,17.194688320159912
7088,2022-01-25 04:01:39,517580,16.797208786010742
7089,2022-01-25 04:01:40,517580,17.50319480895996
7090,2022-01-25 04:01:41,517580,16.82841420173645
7091,2022-01-25 04:01:55,517580,17.365119457244873
7092,2022-01-25 05:01:13,517580,16.986355781555176
7093,2022-01-25 05:01:15,517580,17.15604543685913
7094,2022-01-25 05:01:21,517580,17.262076139450073
7095,2022-01-25 05:01:32,517580,17.077159881591797
7096,2022-01-25 05:01:43,517580,17.346417903900146
7097,2022-01-25 05:01:53,517580,17.06511616706848
7098,2022-01-25 05:01:58,517580,17.05681085586548
7099,2022-01-25 06:01:25,517580,16.960062980651855
7100,2022-01-25 06:01:29,517580,17.34029531478882
7101,2022-01-25 07:01:39,517580,16.949278116226196
7102,2022-01-25 06:01:00,517582,17.154982089996338
7103,2022-01-25 06:01:49,517582,17.124969959259033
7104,2022-01-25 07:01:22,517582,17.204705476760864
7105,2022-01-25 08:01:05,517582,17.202481031417847
7106,2022-01-25 08:01:32,517582,17.179147005081177
7107,2022-01-25 08:01:33,517582,17.249644994735718
7108,2022-01-25 08:01:58,517582,17.208951711654663
7109,2022-01-25 09:01:17,517582,16.9249427318573
7110,2022-01-25 09:01:25,517582,17.15994954109192
7111,2022-01-25 09:01:36,517582,17.204315662384033
7112,2022-01-25 09:01:49,517582,17.089134454727173
7113,2022-01-25 09:01:57,517582,17.086241245269775
7114,2022-01-25 08:01:42,517583,17.2819983959198
7115,2022-01-25 09:01:13,517583,17.117384672164917
7116,2022-01-25 09:01:18,517583,17.069971561431885
7117,2022-01-25 09:01:27,517583,17.1554172039032
7118,2022-01-25 10:01:25,517583,16.980825662612915
7119,2022-01-25 10:01:35,517583,17.152962684631348
7120,2022-01-25 10:01:39,517583,17.252144813537598
7121,2022-01-25 10:01:43,517583,16.98237419128418
7122,2022-01-25 10:01:51,517583,17.18429207801819
7123,2022-01-25 11:01:18,517583,17.05704092979431
7124,2022-01-25 11:01:45,517583,17.214720249176025
7125,2022-01-25 10:01:05,517584,17.000616788864136
7126,2022-01-25 10:01:41,517586,17.063984870910645
7127,2022-01-25 11:01:16,517586,17.04426407814026
7128,2022-01-26 01:01:17,517586,17.191162109375
7129,2022-01-25 11:01:35,517588,17.1258282661438
7130,2022-01-26 01:01:59,517588,17.209408283233643
7131,2022-01-26 02:01:05,517588,17.086381912231445
7132,2022-01-26 12:01:30,517588,17.235398292541504
7133,2022-01-26 02:01:15,517597,17.09190011024475
7134,2022-01-26 06:01:01,517597,16.960679292678833
7135,2022-01-26 07:01:42,517600,17.032227516174316
7136,2022-01-26 07:01:50,517600,17.107975482940674
7137,2022-01-26 08:01:03,517600,16.983637809753418
7138,2022-01-26 09:01:44,517600,17.10150718688965
7139,2022-01-26 09:01:46,517600,17.044010162353516
7140,2022-01-26 10:01:21,517600,16.965768337249756
7141,2022-01-26 10:01:26,517601,16.899079084396362
7142,2022-01-26 11:01:20,517601,16.94586753845215
7143,2022-01-26 10:01:41,517602,17.124749422073364
7144,2022-01-26 10:01:47,517602,17.149372100830078
7145,2022-01-26 11:01:01,517602,17.064746618270874
7146,2022-01-26 11:01:12,517602,17.078803777694702
7147,2022-01-26 11:01:16,517602,16.9140625
7148,2022-01-26 11:01:34,517602,17.060269117355347
7149,2022-01-26 11:01:41,517602,17.263314723968506
7150,2022-01-26 12:01:15,517602,16.89327597618103
7151,2022-01-26 12:01:19,517602,17.023733854293823
7152,2022-01-26 12:01:23,517602,16.769338846206665
7153,2022-01-26 12:01:29,517602,16.87415599822998
7154,2022-01-26 12:01:58,517602,16.89819574356079
7155,2022-01-26 01:01:07,517603,17.084907293319702
7156,2022-01-26 01:01:43,517603,17.13434338569641
7157,2022-01-26 12:01:00,517603,17.012568712234497
7158,2022-01-26 12:01:16,517603,17.078609466552734
7159,2022-01-26 01:01:07,517604,17.254797220230103
7160,2022-01-26 12:01:32,517604,17.01655387878418
7161,2022-01-26 01:01:00,517606,17.005075216293335
7162,2022-01-26 01:01:24,517606,17.279077768325806
7163,2022-01-26 01:01:42,517606,17.435113191604614
7164,2022-01-26 03:01:04,517606,17.044599056243896
7165,2022-01-26 03:01:35,517606,16.927083730697632
7166,2022-01-26 03:01:43,517606,17.184447050094604
7167,2022-01-26 12:01:06,517606,17.177345752716064
7168,2022-01-26 12:01:29,517606,17.316548824310303
7169,2022-01-26 12:01:59,517606,17.18822717666626
7170,2022-01-26 03:01:26,517607,17.134662866592407
7171,2022-01-26 03:01:27,517607,17.180557250976562
7172,2022-01-26 04:01:00,517608,17.129522562026978
7173,2022-01-26 04:01:50,517608,17.135061025619507
7174,2022-01-26 05:01:09,517608,17.06403136253357
7175,2022-01-26 04:01:49,517610,17.063379287719727
7176,2022-01-26 05:01:34,517610,17.13014245033264
7177,2022-01-26 04:01:13,517611,17.03180193901062
7178,2022-01-26 05:01:56,517611,16.95719599723816
7179,2022-01-26 07:01:56,517619,17.24947214126587
7180,2022-01-26 08:01:22,517619,17.30494976043701
7181,2022-01-26 08:01:42,517619,16.951555013656616
7182,2022-01-26 09:01:21,517619,17.08085060119629
7183,2022-01-26 09:01:16,517620,16.644482612609863
7184,2022-01-26 09:01:30,517620,16.98620319366455
7185,2022-01-27 03:01:09,517627,17.000279426574707
7186,2022-01-27 04:01:14,517627,17.242454290390015
7187,2022-01-27 05:01:20,517627,17.031980752944946
7188,2022-01-27 05:01:58,517627,16.924164295196533
7189,2022-01-27 01:01:37,517628,17.04888939857483
7190,2022-01-27 01:01:45,517628,16.974661350250244
7191,2022-01-27 01:01:48,517628,17.165807485580444
7192,2022-01-27 01:01:53,517628,17.12491273880005
7193,2022-01-27 02:01:07,517628,16.891825199127197
7194,2022-01-27 02:01:20,517628,17.187888622283936
7195,2022-01-27 02:01:25,517628,16.945923566818237
7196,2022-01-27 02:01:25,517628,16.86706781387329
7197,2022-01-27 02:01:33,517628,16.98816418647766
7198,2022-01-27 02:01:36,517628,16.518625020980835
7199,2022-01-27 02:01:42,517628,17.07757592201233
7200,2022-01-27 02:01:45,517628,17.064614295959473
7201,2022-01-27 03:01:03,517628,16.960774660110474
7202,2022-01-27 03:01:49,517628,17.187989950180054
7203,2022-01-27 03:01:56,517628,16.98234796524048
7204,2022-01-27 05:01:07,517628,17.204633951187134
7205,2022-01-27 05:01:13,517628,17.17432975769043
7206,2022-01-27 06:01:01,517628,16.764622926712036
7207,2022-01-27 06:01:06,517628,16.876274347305298
7208,2022-01-27 06:01:14,517628,16.951134204864502
7209,2022-01-27 06:01:20,517628,17.234758138656616
7210,2022-01-27 06:01:24,517628,17.233164310455322
7211,2022-01-27 06:01:28,517628,17.07941174507141
7212,2022-01-27 06:01:28,517628,16.946014165878296
7213,2022-01-27 06:01:43,517628,16.848526000976562
7214,2022-01-27 06:01:44,517628,17.097736597061157
7215,2022-01-27 06:01:47,517628,16.91872239112854
7216,2022-01-27 06:01:59,517628,16.871793270111084
7217,2022-01-27 07:01:06,517628,16.92511796951294
7218,2022-01-27 07:01:34,517628,17.09206223487854
7219,2022-01-27 07:01:44,517628,17.035109996795654
7220,2022-01-27 07:01:51,517628,16.86374545097351
7221,2022-01-27 07:01:55,517628,16.742141246795654
7222,2022-01-27 08:01:25,517628,17.233964204788208
7223,2022-01-27 08:01:38,517628,17.1550714969635
7224,2022-01-27 08:01:58,517628,17.08948850631714
7225,2022-01-27 09:01:11,517628,16.997679471969604
7226,2022-01-27 09:01:52,517628,17.168045043945312
7227,2022-01-27 10:01:49,517628,16.96239709854126
7228,2022-01-27 11:01:46,517628,17.126821279525757
7229,2022-01-27 11:01:55,517628,17.195066213607788
7230,2022-01-27 12:01:09,517628,17.01113224029541
7231,2022-01-27 12:01:12,517628,17.18585968017578
7232,2022-01-27 12:01:51,517628,17.230175733566284
7233,2022-01-27 03:01:08,517629,17.072291374206543
7234,2022-01-27 03:01:23,517629,17.00172781944275
7235,2022-01-27 03:01:34,517629,17.107417583465576
7236,2022-01-27 03:01:56,517629,17.20848560333252
7237,2022-01-27 06:01:00,517629,17.3728609085083
7238,2022-01-27 06:01:02,517629,16.898510456085205
7239,2022-01-27 06:01:27,517629,17.14675545692444
7240,2022-01-27 06:01:34,517629,17.051076889038086
7241,2022-01-27 03:01:47,517630,17.306095361709595
7242,2022-01-27 07:01:13,517630,16.966803073883057
7243,2022-01-27 07:01:40,517630,16.978015899658203
7244,2022-01-27 09:01:28,517630,17.122267484664917
7245,2022-01-27 10:01:32,517630,16.704484224319458
7246,2022-01-27 10:01:48,517630,16.638575792312622
7247,2022-01-27 07:01:51,517631,17.039705514907837
7248,2022-01-27 10:01:23,517631,16.712206602096558
7249,2022-01-27 07:01:34,517633,16.889889240264893
7250,2022-01-27 08:01:12,517633,16.999047994613647
7251,2022-01-27 08:01:30,517633,17.145615816116333
7252,2022-01-27 11:01:15,517633,17.071974277496338
7253,2022-01-27 09:01:31,517635,17.0788836479187
7254,2022-01-27 11:01:01,517635,16.998164653778076
7255,2022-01-27 11:01:03,517635,17.274415493011475
7256,2022-01-27 11:01:18,517635,17.232431173324585
7257,2022-01-27 11:01:36,517635,17.0413076877594
7258,2022-01-28 01:01:18,517635,17.086764574050903
7259,2022-01-28 12:01:51,517635,17.03259825706482
7260,2022-01-28 12:01:55,517635,17.021180391311646
7261,2022-01-28 01:01:32,517636,17.112730741500854
7262,2022-01-28 12:01:20,517636,17.41433024406433
7263,2022-01-28 01:01:43,517637,17.145819664001465
7264,2022-01-28 02:01:54,517637,17.151858806610107
7265,2022-01-28 02:01:00,517640,17.221879959106445
7266,2022-01-28 03:01:43,517640,16.62899136543274
7267,2022-01-28 03:01:57,517640,17.11735963821411
7268,2022-01-28 03:01:58,517640,17.132457494735718
7269,2022-01-28 02:01:37,517642,16.523995399475098
7270,2022-01-28 02:01:20,517643,17.096083164215088
7271,2022-01-28 03:01:00,517643,16.8153178691864
7272,2022-01-28 02:01:07,517644,17.09607720375061
7273,2022-01-28 03:01:27,517644,17.041351795196533
7274,2022-01-28 03:01:35,517645,17.11322784423828
7275,2022-01-28 03:01:50,517645,17.00562357902527
7276,2022-01-28 04:01:55,517646,17.056339979171753
7277,2022-01-28 05:01:03,517646,16.90470576286316
7278,2022-01-28 04:01:32,517647,17.12806224822998
7279,2022-01-28 07:01:10,517649,17.10011124610901
7280,2022-01-28 08:01:14,517649,16.927260160446167
7281,2022-01-28 08:01:19,517649,17.083840370178223
7282,2022-01-28 09:01:49,517649,17.183836698532104
7283,2022-01-28 08:01:36,517650,16.963493824005127
7284,2022-01-28 10:01:01,517651,16.901438236236572
7285,2022-01-28 10:01:10,517651,17.01417088508606
7286,2022-01-28 10:01:45,517651,17.113527059555054
7287,2022-01-28 10:01:53,517651,17.213692665100098
7288,2022-01-28 10:01:59,517651,17.29231357574463
7289,2022-01-28 11:01:00,517651,17.218409776687622
7290,2022-01-28 11:01:07,517651,17.118386030197144
7291,2022-01-28 11:01:23,517651,17.036678791046143
7292,2022-01-28 12:01:29,517651,17.142715454101562
7293,2022-01-28 01:01:09,517652,17.215304374694824
7294,2022-01-28 01:01:12,517652,17.295299768447876
7295,2022-01-28 01:01:56,517652,16.96632146835327
7296,2022-01-28 02:01:16,517652,17.10745334625244
7297,2022-01-28 11:01:25,517652,17.02252745628357
7298,2022-01-28 11:01:26,517652,16.982218027114868
7299,2022-01-28 12:01:06,517652,17.06150770187378
7300,2022-01-28 12:01:13,517652,16.995458602905273
7301,2022-01-28 12:01:23,517652,17.111631631851196
7302,2022-01-28 12:01:36,517652,17.156258821487427
7303,2022-01-28 12:01:41,517652,17.010873556137085
7304,2022-01-28 12:01:44,517652,17.26948857307434
7305,2022-01-28 03:01:57,517653,17.246633768081665
7306,2022-01-28 04:01:17,517653,17.103487253189087
7307,2022-01-28 02:01:13,517654,16.892967224121094
7308,2022-01-28 02:01:29,517654,17.163432836532593
7309,2022-01-28 03:01:21,517654,17.21823811531067
7310,2022-01-28 04:01:09,517654,17.16683268547058
7311,2022-01-28 03:01:09,517656,17.253124713897705
7312,2022-01-28 04:01:42,517656,17.075599431991577
7313,2022-01-28 06:01:21,517661,17.096662521362305
7314,2022-01-28 07:01:01,517661,16.93058490753174
7315,2022-01-28 07:01:14,517663,17.08446979522705
7316,2022-01-28 07:01:26,517663,17.18125820159912
7317,2022-01-28 08:01:10,517663,16.927807331085205
7318,2022-01-28 07:01:16,517664,17.179077863693237
7319,2022-01-28 08:01:06,517664,17.136495113372803
7320,2022-01-28 07:01:40,517665,17.018578052520752
7321,2022-01-28 08:01:39,517665,17.23939061164856
7322,2022-01-28 08:01:48,517665,17.04852819442749
7323,2022-01-28 09:01:17,517665,16.931123733520508
7324,2022-01-28 09:01:38,517665,17.146048545837402
7325,2022-01-28 09:01:56,517665,17.38584041595459
7326,2022-01-28 10:01:08,517665,17.02167272567749
7327,2022-01-28 10:01:16,517665,17.04452872276306
7328,2022-01-28 10:01:40,517665,17.210930585861206
7329,2022-01-28 10:01:42,517665,17.050422430038452
7330,2022-01-28 09:01:36,517667,17.19835877418518
7331,2022-01-28 10:01:06,517667,17.09183692932129
7332,2022-01-28 10:01:22,517668,17.231913805007935
7333,2022-01-28 10:01:09,517669,17.264137268066406
7334,2022-01-28 11:01:06,517669,17.347112894058228
7335,2022-01-28 11:01:51,517669,17.31932520866394
7336,2022-01-28 11:01:26,517670,17.277764081954956
7337,2022-01-29 12:01:19,517670,16.938201189041138
7338,2022-01-29 01:01:31,517673,17.353819608688354
7339,2022-01-29 02:01:41,517673,17.291065454483032
7340,2022-01-29 02:01:58,517673,16.897411346435547
7341,2022-01-29 03:01:33,517673,16.95105791091919
7342,2022-01-29 08:01:24,517676,16.98267102241516
7343,2022-01-29 09:01:45,517676,16.89702033996582
7344,2022-01-29 02:01:34,517677,17.14926838874817
7345,2022-01-29 02:01:36,517677,17.24271059036255
7346,2022-01-29 03:01:19,517677,17.086505889892578
7347,2022-01-30 01:01:00,517678,17.171659469604492
7348,2022-01-30 02:01:03,517678,17.177950143814087
7349,2022-01-30 04:01:28,517678,17.431111335754395
7350,2022-01-30 04:01:57,517678,17.270244359970093
7351,2022-01-30 05:01:02,517678,17.184343338012695
7352,2022-01-30 06:01:31,517678,17.007983922958374
7353,2022-01-30 06:01:39,517678,17.1796977519989
7354,2022-01-30 12:01:27,517678,17.497012615203857
7355,2022-01-30 01:01:30,517679,17.15772271156311
7356,2022-01-30 02:01:18,517679,17.216060161590576
7357,2022-01-30 12:01:08,517679,17.26656436920166
7358,2022-01-30 05:01:18,517680,17.078505754470825
7359,2022-01-30 06:01:49,517680,17.23796844482422
7360,2022-01-31 11:01:19,517686,17.481333017349243
7361,2022-01-31 11:01:50,517687,17.056891918182373
7362,2022-01-31 12:01:41,517687,17.21560835838318
7363,2022-01-31 01:01:36,517688,17.208229303359985
7364,2022-01-31 01:01:48,517688,17.298710346221924
7365,2022-01-31 01:01:49,517688,17.04738736152649
7366,2022-01-31 02:01:07,517688,17.263824939727783
7367,2022-01-31 02:01:18,517688,17.19486355781555
7368,2022-01-31 02:01:41,517688,17.34038472175598
7369,2022-01-31 05:01:17,517688,17.124563455581665
7370,2022-01-31 01:01:55,517689,17.232178449630737
7371,2022-01-31 02:01:01,517689,17.162407636642456
7372,2022-01-31 02:01:34,517689,17.266147136688232
7373,2022-01-31 02:01:49,517689,17.35224485397339
7374,2022-01-31 02:01:49,517689,17.130883932113647
7375,2022-01-31 03:01:11,517689,17.24713683128357
7376,2022-01-31 05:01:23,517689,17.153364419937134
7377,2022-01-31 05:01:47,517689,17.086304426193237
7378,2022-01-31 03:01:14,517690,17.071815729141235
7379,2022-01-31 03:01:56,517690,17.211413383483887
7380,2022-01-31 05:01:12,517690,17.25838541984558
7381,2022-01-31 05:01:38,517690,17.25441336631775
7382,2022-01-31 05:01:44,517690,17.281312942504883
7383,2022-01-31 05:01:49,517690,17.27607488632202
7384,2022-01-31 06:01:18,517690,17.30099081993103
7385,2022-01-31 06:01:31,517690,17.24555492401123
7386,2022-01-31 06:01:53,517690,17.282884120941162
7387,2022-01-31 06:01:54,517690,17.22488760948181
7388,2022-01-31 07:01:00,517690,17.02168345451355
7389,2022-01-31 07:01:08,517690,17.04111933708191
7390,2022-01-31 06:01:57,517691,17.366174459457397
7391,2022-01-31 07:01:42,517691,17.212263345718384
7392,2022-01-31 07:01:42,517691,17.178465127944946
7393,2022-01-31 08:01:12,517691,17.035847902297974
7394,2022-01-31 08:01:15,517691,17.157312631607056
7395,2022-01-31 09:01:03,517691,16.901429891586304
7396,2022-01-31 09:01:46,517691,17.21313714981079
7397,2022-01-31 07:01:54,517692,17.226325273513794
7398,2022-01-31 09:01:15,517692,17.18568444252014
7399,2022-01-31 09:01:09,517693,17.310138940811157
7400,2022-01-31 09:01:17,517693,17.07786798477173
7401,2022-01-31 10:01:24,517693,17.17621088027954
7402,2022-01-31 10:01:24,517693,16.991734504699707
7403,2022-01-31 10:01:32,517693,17.087595462799072
7404,2022-01-31 10:01:37,517693,17.18132257461548
7405,2022-01-31 10:01:47,517693,17.099860906600952
7406,2022-01-31 10:01:56,517693,17.067339420318604
7407,2022-01-31 11:01:20,517693,17.238337993621826
7408,2022-01-31 11:01:48,517693,17.192898988723755
7409,2022-01-31 10:01:22,517695,17.12653398513794
7410,2022-01-31 11:01:42,517695,17.117913961410522
7411,2022-02-01 01:02:34,517704,17.20884919166565
7412,2022-02-01 01:02:38,517704,17.297722101211548
7413,2022-02-01 01:02:43,517704,17.30137348175049
7414,2022-02-01 05:02:20,517704,17.27900743484497
7415,2022-02-01 07:02:39,517704,16.957720518112183
7416,2022-02-01 07:02:47,517704,17.117526531219482
7417,2022-02-01 08:02:19,517704,17.099027633666992
7418,2022-02-01 08:02:33,517704,17.222588062286377
7419,2022-02-01 09:02:28,517704,17.280791997909546
7420,2022-02-01 09:02:36,517704,17.086774110794067
7421,2022-02-01 09:02:37,517704,17.224602699279785
7422,2022-02-01 10:02:02,517704,17.23501443862915
7423,2022-02-01 10:02:10,517704,17.097429037094116
7424,2022-02-01 11:02:14,517704,16.662932634353638
7425,2022-02-01 11:02:15,517704,17.229714393615723
7426,2022-02-01 11:02:45,517704,17.203965187072754
7427,2022-02-01 11:02:54,517704,17.04973340034485
7428,2022-02-01 12:02:24,517704,17.16943860054016
7429,2022-02-01 12:02:52,517704,17.20274329185486
7430,2022-02-01 01:02:19,517705,16.985474824905396
7431,2022-02-01 01:02:56,517705,17.07207202911377
7432,2022-02-01 03:02:05,517705,17.148011922836304
7433,2022-02-01 03:02:46,517705,17.133485078811646
7434,2022-02-01 03:02:56,517705,16.96954846382141
7435,2022-02-01 03:02:58,517705,17.00841188430786
7436,2022-02-01 02:02:57,517706,17.34756112098694
7437,2022-02-01 03:02:04,517706,16.95807456970215
7438,2022-02-01 02:02:00,517707,16.954251527786255
7439,2022-02-01 04:02:37,517709,17.107423543930054
7440,2022-02-01 05:02:37,517710,17.13659644126892
7441,2022-02-01 08:02:31,517714,17.233552932739258
7442,2022-02-01 08:02:32,517714,16.966819763183594
7443,2022-02-01 09:02:12,517714,16.847280263900757
7444,2022-02-01 09:02:18,517714,16.86302900314331
7445,2022-02-01 08:02:29,517715,17.194831371307373
7446,2022-02-01 09:02:21,517715,17.068381309509277
7447,2022-02-01 08:02:35,517716,16.87187433242798
7448,2022-02-01 09:02:11,517716,17.124817371368408
7449,2022-02-01 09:02:18,517716,17.17280387878418
7450,2022-02-01 10:02:15,517716,16.839679479599
7451,2022-02-01 10:02:17,517719,17.021865844726562
7452,2022-02-01 11:02:53,517719,16.996561288833618
7453,2022-02-01 10:02:58,517720,17.17117190361023
7454,2022-02-01 11:02:59,517720,17.198952436447144
7455,2022-02-01 11:02:01,517721,17.106908559799194
7456,2022-02-01 11:02:24,517721,17.081925868988037
7457,2022-02-02 01:02:08,517721,17.001417875289917
7458,2022-02-02 02:02:50,517721,17.101022005081177
7459,2022-02-02 03:02:28,517722,17.283648252487183
7460,2022-02-02 04:02:06,517722,17.214208841323853
7461,2022-02-02 01:02:29,517723,17.086433172225952
7462,2022-02-02 01:02:41,517723,16.968677043914795
7463,2022-02-02 02:02:25,517723,17.105822563171387
7464,2022-02-02 02:02:34,517723,16.84903383255005
7465,2022-02-02 02:02:37,517723,16.971328258514404
7466,2022-02-02 02:02:48,517723,17.117966413497925
7467,2022-02-02 04:02:45,517723,17.03040361404419
7468,2022-02-02 06:02:03,517723,17.010504007339478
7469,2022-02-02 07:02:47,517723,17.123618125915527
7470,2022-02-02 07:02:49,517723,16.809277534484863
7471,2022-02-02 08:02:02,517723,17.092560529708862
7472,2022-02-02 10:02:38,517723,16.999263763427734
7473,2022-02-02 10:02:55,517723,16.774450540542603
7474,2022-02-02 11:02:13,517723,17.123011350631714
7475,2022-02-02 11:02:35,517723,17.155237197875977
7476,2022-02-02 11:02:45,517723,16.872568130493164
7477,2022-02-02 12:02:27,517723,16.694087982177734
7478,2022-02-02 12:02:32,517723,17.082830667495728
7479,2022-02-02 12:02:33,517723,16.696888208389282
7480,2022-02-02 01:02:17,517724,16.819064617156982
7481,2022-02-02 01:02:55,517724,16.920440196990967
7482,2022-02-02 02:02:41,517724,16.995410919189453
7483,2022-02-02 02:02:44,517724,16.977133750915527
7484,2022-02-02 01:02:13,517725,17.048256397247314
7485,2022-02-02 02:02:28,517725,17.031610012054443
7486,2022-02-02 03:02:14,517730,17.283107042312622
7487,2022-02-02 03:02:27,517730,17.21400022506714
7488,2022-02-02 04:02:44,517730,17.13568925857544
7489,2022-02-02 04:02:49,517730,17.088109254837036
7490,2022-02-02 05:02:42,517731,17.181860208511353
7491,2022-02-02 06:02:06,517731,16.842602491378784
7492,2022-02-02 06:02:18,517731,16.91357135772705
7493,2022-02-02 06:02:36,517731,16.989245414733887
7494,2022-02-02 06:02:51,517731,16.99136257171631
7495,2022-02-02 07:02:20,517731,17.126082181930542
7496,2022-02-02 07:02:43,517731,17.01175332069397
7497,2022-02-02 07:02:57,517731,17.031235694885254
7498,2022-02-02 08:02:03,517731,17.03817367553711
7499,2022-02-02 08:02:32,517731,17.14170813560486
7500,2022-02-02 06:02:17,517732,17.076414823532104
7501,2022-02-02 06:02:44,517732,17.03842520713806
7502,2022-02-02 07:02:49,517732,17.00346827507019
7503,2022-02-02 07:02:58,517733,16.980814933776855
7504,2022-02-02 09:02:06,517733,17.035863399505615
7505,2022-02-02 08:02:30,517736,17.18910813331604
7506,2022-02-02 09:02:31,517736,17.354592084884644
7507,2022-02-02 09:02:38,517736,17.212858200073242
7508,2022-02-02 10:02:38,517736,17.10143208503723
7509,2022-02-02 10:02:34,517738,16.868150234222412
7510,2022-02-02 10:02:56,517738,17.09222912788391
7511,2022-02-02 11:02:02,517738,17.12340474128723
7512,2022-02-02 11:02:40,517738,17.071266174316406
7513,2022-02-02 11:02:44,517738,16.931400299072266
7514,2022-02-02 11:02:44,517738,17.079395055770874
7515,2022-02-03 01:02:30,517738,17.046624422073364
7516,2022-02-03 12:02:11,517738,17.294000387191772
7517,2022-02-03 12:02:59,517738,16.76595687866211
7518,2022-02-03 02:02:49,517742,16.775726079940796
7519,2022-02-03 03:02:42,517742,17.130424976348877
7520,2022-02-03 01:02:25,517749,17.03766703605652
7521,2022-02-03 01:02:28,517749,17.1652090549469
7522,2022-02-03 01:02:58,517749,17.209994792938232
7523,2022-02-03 02:02:02,517749,17.281540632247925
7524,2022-02-03 02:02:25,517749,17.044602632522583
7525,2022-02-03 09:02:09,517749,17.019367218017578
7526,2022-02-03 09:02:26,517749,17.12752103805542
7527,2022-02-03 09:02:27,517749,17.144228219985962
7528,2022-02-03 09:02:41,517749,17.221884727478027
7529,2022-02-03 09:02:58,517749,17.25714683532715
7530,2022-02-03 10:02:23,517749,17.049235105514526
7531,2022-02-03 10:02:33,517749,17.161659002304077
7532,2022-02-03 10:02:34,517749,17.074365615844727
7533,2022-02-03 10:02:47,517749,17.041815519332886
7534,2022-02-03 11:02:07,517749,17.048624753952026
7535,2022-02-03 11:02:18,517749,17.12130904197693
7536,2022-02-03 11:02:58,517749,17.126615047454834
7537,2022-02-03 12:02:20,517749,17.082219123840332
7538,2022-02-03 12:02:23,517749,17.19649314880371
7539,2022-02-03 12:02:24,517749,17.06442952156067
7540,2022-02-03 02:02:22,517750,17.017983198165894
7541,2022-02-03 02:02:24,517750,17.093595266342163
7542,2022-02-03 02:02:50,517750,16.96391463279724
7543,2022-02-03 03:02:33,517750,16.907535791397095
7544,2022-02-03 03:02:47,517750,16.93913698196411
7545,2022-02-03 04:02:57,517750,16.95831537246704
7546,2022-02-03 02:02:23,517751,17.35334277153015
7547,2022-02-03 03:02:13,517751,17.211300134658813
7548,2022-02-03 02:02:05,517752,17.38877296447754
7549,2022-02-03 02:02:49,517752,17.255561351776123
7550,2022-02-03 03:02:00,517752,17.332907915115356
7551,2022-02-03 03:02:35,517752,16.889055967330933
7552,2022-02-03 05:02:39,517752,17.038079500198364
7553,2022-02-03 05:02:53,517752,17.32365846633911
7554,2022-02-03 03:02:10,517753,17.309540510177612
7555,2022-02-03 04:02:45,517753,17.114862203598022
7556,2022-02-03 04:02:14,517754,17.05376625061035
7557,2022-02-03 05:02:00,517754,16.966360807418823
7558,2022-02-03 04:02:25,517755,17.149276733398438
7559,2022-02-03 05:02:40,517755,17.140541076660156
7560,2022-02-03 06:02:40,517755,16.902194023132324
7561,2022-02-03 05:02:05,517756,17.285277843475342
7562,2022-02-03 05:02:21,517756,17.10810422897339
7563,2022-02-03 05:02:59,517756,17.236679792404175
7564,2022-02-03 06:02:01,517756,16.912118196487427
7565,2022-02-03 06:02:09,517756,17.296172380447388
7566,2022-02-03 06:02:31,517756,17.08948850631714
7567,2022-02-03 06:02:59,517756,17.265902757644653
7568,2022-02-03 06:02:59,517756,17.142579555511475
7569,2022-02-03 08:02:08,517760,17.31858253479004
7570,2022-02-03 09:02:50,517760,17.12158441543579
7571,2022-02-03 08:02:16,517761,16.881234645843506
7572,2022-02-03 09:02:03,517761,17.009721994400024
7573,2022-02-03 09:02:05,517763,17.16192364692688
7574,2022-02-03 09:02:50,517763,17.343602180480957
7575,2022-02-03 10:02:01,517763,17.0014750957489
7576,2022-02-03 10:02:11,517763,16.93103551864624
7577,2022-02-03 10:02:11,517763,16.984586715698242
7578,2022-02-03 10:02:29,517763,17.21855401992798
7579,2022-02-03 11:02:02,517765,17.273536920547485
7580,2022-02-04 03:02:48,517768,16.876660585403442
7581,2022-02-04 04:02:28,517768,17.05304741859436
7582,2022-02-04 05:02:09,517768,16.820991039276123
7583,2022-02-04 05:02:17,517768,16.930677890777588
7584,2022-02-04 04:02:29,517770,16.971298456192017
7585,2022-02-04 04:02:58,517770,17.261223793029785
7586,2022-02-04 05:02:54,517770,16.94598913192749
7587,2022-02-04 05:02:56,517770,16.921212673187256
7588,2022-02-04 05:02:03,517771,17.054812908172607
7589,2022-02-04 06:02:36,517771,16.814546585083008
7590,2022-02-04 07:02:27,517771,17.05445885658264
7591,2022-02-04 08:02:52,517771,16.94375991821289
7592,2022-02-04 09:02:16,517771,17.234944105148315
7593,2022-02-04 10:02:14,517771,17.374926805496216
7594,2022-02-04 10:02:11,517772,16.935371160507202
7595,2022-02-04 11:02:05,517773,17.068092823028564
7596,2022-02-04 11:02:18,517773,17.069711685180664
7597,2022-02-04 11:02:26,517773,17.04487919807434
7598,2022-02-04 11:02:59,517773,17.177029848098755
7599,2022-02-04 12:02:01,517773,17.017771005630493
7600,2022-02-04 12:02:24,517773,17.190241813659668
7601,2022-02-04 12:02:45,517773,16.968313455581665
7602,2022-02-04 01:02:33,517774,17.12019920349121
7603,2022-02-04 01:02:55,517774,16.758915185928345
7604,2022-02-04 02:02:25,517774,16.893314123153687
7605,2022-02-04 11:02:13,517774,17.185598611831665
7606,2022-02-04 12:02:01,517774,17.05511212348938
7607,2022-02-04 12:02:14,517774,17.106633186340332
7608,2022-02-04 12:02:24,517774,17.116957902908325
7609,2022-02-04 12:02:24,517774,16.70862317085266
7610,2022-02-04 12:02:29,517774,17.032461166381836
7611,2022-02-04 12:02:31,517774,17.00662136077881
7612,2022-02-04 01:02:04,517776,16.885695457458496
7613,2022-02-04 02:02:04,517776,17.05642342567444
7614,2022-02-04 02:02:26,517777,16.929473876953125
7615,2022-02-04 02:02:56,517777,17.187252044677734
7616,2022-02-04 03:02:30,517777,17.14444875717163
7617,2022-02-04 04:02:04,517777,17.02044367790222
7618,2022-02-04 04:02:05,517777,16.954339742660522
7619,2022-02-04 04:02:23,517777,17.157599925994873
7620,2022-02-04 02:02:42,517778,16.981836557388306
7621,2022-02-04 03:02:32,517778,17.202072143554688
7622,2022-02-04 03:02:15,517779,17.03340768814087
7623,2022-02-04 03:02:52,517779,17.067248821258545
7624,2022-02-04 03:02:59,517782,16.824302673339844
7625,2022-02-04 05:02:22,517782,17.21062183380127
7626,2022-02-04 05:02:35,517782,16.919606924057007
7627,2022-02-04 05:02:41,517782,17.176953554153442
7628,2022-02-04 05:02:44,517783,16.97677969932556
7629,2022-02-04 06:02:40,517783,17.154288291931152
7630,2022-02-04 06:02:47,517786,17.05643057823181
7631,2022-02-04 07:02:34,517786,17.015209197998047
7632,2022-02-04 06:02:18,517787,17.09334373474121
7633,2022-02-04 07:02:20,517787,17.053200006484985
7634,2022-02-04 07:02:20,517787,17.095558643341064
7635,2022-02-04 07:02:48,517787,17.091364860534668
7636,2022-02-04 08:02:08,517787,17.006518840789795
7637,2022-02-04 07:02:37,517788,16.883400678634644
7638,2022-02-04 09:02:46,517788,16.940187215805054
7639,2022-02-04 09:02:47,517788,17.042691707611084
7640,2022-02-04 09:02:56,517788,16.748344898223877
7641,2022-02-04 08:02:09,517789,17.03087329864502
7642,2022-02-04 08:02:31,517789,16.964313983917236
7643,2022-02-04 08:02:48,517789,17.3446786403656
7644,2022-02-04 09:02:13,517789,17.07470178604126
7645,2022-02-04 09:02:16,517789,17.134147882461548
7646,2022-02-04 09:02:26,517789,16.96229577064514
7647,2022-02-04 09:02:31,517789,16.86105489730835
7648,2022-02-04 09:02:34,517789,17.293802499771118
7649,2022-02-04 09:02:39,517789,17.098751068115234
7650,2022-02-04 09:02:40,517789,16.87182903289795
7651,2022-02-04 09:02:43,517789,17.07422137260437
7652,2022-02-04 10:02:56,517789,16.908035278320312
7653,2022-02-04 09:02:09,517790,16.918245553970337
7654,2022-02-04 09:02:41,517790,17.055683135986328
7655,2022-02-04 10:02:00,517790,16.970484256744385
7656,2022-02-04 10:02:48,517790,17.0308518409729
7657,2022-02-05 01:02:18,517792,17.16490149497986
7658,2022-02-05 12:02:18,517792,16.992911100387573
7659,2022-02-05 01:02:09,517795,16.820048093795776
7660,2022-02-05 02:02:27,517795,16.768540143966675
7661,2022-02-05 04:02:48,517799,16.914758682250977
7662,2022-02-05 05:02:21,517799,17.07925796508789
7663,2022-02-05 06:02:25,517800,17.03527569770813
7664,2022-02-05 07:02:59,517800,16.985081434249878
7665,2022-02-05 09:02:58,517800,17.127758264541626
7666,2022-02-05 10:02:09,517800,17.286733388900757
7667,2022-02-06 02:02:41,517801,17.199991941452026
7668,2022-02-06 03:02:14,517801,17.16372013092041
7669,2022-02-06 04:02:20,517801,17.079143524169922
7670,2022-02-06 04:02:57,517801,16.826725006103516
7671,2022-02-06 08:02:23,517801,17.08613634109497
7672,2022-02-06 09:02:18,517801,17.211772203445435
7673,2022-02-06 09:02:56,517801,17.1803879737854
7674,2022-02-06 10:02:13,517801,17.269859313964844
7675,2022-02-07 05:02:48,517801,17.16835618019104
7676,2022-02-07 06:02:11,517801,16.91456913948059
7677,2022-02-07 06:02:36,517801,17.045998573303223
7678,2022-02-07 06:02:59,517801,17.085788249969482
7679,2022-02-07 07:02:01,517801,16.872506141662598
7680,2022-02-07 07:02:36,517801,16.944044828414917
7681,2022-02-07 07:02:44,517801,16.84429407119751
7682,2022-02-07 07:02:50,517801,17.18692660331726
7683,2022-02-07 06:02:11,517802,16.987391710281372
7684,2022-02-07 06:02:28,517802,17.033995389938354
7685,2022-02-07 07:02:08,517802,17.010987997055054
7686,2022-02-07 07:02:20,517802,17.041081190109253
7687,2022-02-07 08:02:13,517802,16.92813277244568
7688,2022-02-07 09:02:10,517802,16.94596290588379
7689,2022-02-07 09:02:18,517802,16.94490075111389
7690,2022-02-07 09:02:21,517802,17.07897663116455
7691,2022-02-07 10:02:03,517802,16.910386085510254
7692,2022-02-07 10:02:15,517802,17.05227255821228
7693,2022-02-07 10:02:52,517802,16.939412355422974
7694,2022-02-07 11:02:17,517802,17.127076387405396
7695,2022-02-07 11:02:48,517802,17.023749351501465
7696,2022-02-07 01:02:02,517803,16.98482632637024
7697,2022-02-07 01:02:32,517803,17.010045051574707
7698,2022-02-07 02:02:11,517803,16.92463755607605
7699,2022-02-07 02:02:24,517803,16.679863929748535
7700,2022-02-07 02:02:58,517803,17.07023024559021
7701,2022-02-07 04:02:13,517803,16.756187677383423
7702,2022-02-07 04:02:14,517803,16.893845796585083
7703,2022-02-07 04:02:36,517803,16.838979721069336
7704,2022-02-07 04:02:41,517803,17.09062933921814
7705,2022-02-07 12:02:10,517803,17.105047702789307
7706,2022-02-07 01:02:44,517804,16.965490579605103
7707,2022-02-07 01:02:51,517804,17.019299268722534
7708,2022-02-07 02:02:12,517804,16.949371099472046
7709,2022-02-07 02:02:34,517804,17.005592584609985
7710,2022-02-07 02:02:35,517804,17.07289695739746
7711,2022-02-07 02:02:45,517804,16.848621368408203
7712,2022-02-07 02:02:57,517804,16.932519674301147
7713,2022-02-07 03:02:15,517804,17.025480270385742
7714,2022-02-07 03:02:53,517804,16.887608766555786
7715,2022-02-07 02:02:18,517805,17.221009731292725
7716,2022-02-07 03:02:10,517805,17.29904532432556
7717,2022-02-07 03:02:14,517805,16.95886492729187
7718,2022-02-07 03:02:28,517805,17.139997482299805
7719,2022-02-07 03:02:37,517805,17.36085057258606
7720,2022-02-07 04:02:04,517805,17.06935167312622
7721,2022-02-07 04:02:19,517805,17.146446704864502
7722,2022-02-07 04:02:27,517805,17.11222529411316
7723,2022-02-08 08:02:35,517805,17.06506848335266
7724,2022-02-08 09:02:18,517805,16.802878379821777
7725,2022-02-07 03:02:16,517806,16.888972520828247
7726,2022-02-07 03:02:19,517806,16.89324378967285
7727,2022-02-07 04:02:06,517806,17.081061601638794
7728,2022-02-07 04:02:53,517806,16.82231307029724
7729,2022-02-07 05:02:00,517806,17.014331817626953
7730,2022-02-07 05:02:33,517806,17.00460195541382
7731,2022-02-07 06:02:04,517806,17.14244842529297
7732,2022-02-07 06:02:10,517806,17.254396677017212
7733,2022-02-07 07:02:45,517806,17.07432985305786
7734,2022-02-07 07:02:48,517806,17.0098876953125
7735,2022-02-07 07:02:50,517806,17.09752321243286
7736,2022-02-07 08:02:32,517806,17.185158729553223
7737,2022-02-07 08:02:50,517806,17.087197303771973
7738,2022-02-07 08:02:58,517806,16.95566177368164
7739,2022-02-07 09:02:03,517806,16.722042560577393
7740,2022-02-07 09:02:06,517806,17.12247133255005
7741,2022-02-07 09:02:26,517806,17.010085582733154
7742,2022-02-07 09:02:28,517806,16.97851300239563
7743,2022-02-07 09:02:01,517807,16.987680196762085
7744,2022-02-07 10:02:26,517807,17.130920886993408
7745,2022-02-07 08:02:32,517809,17.062474489212036
7746,2022-02-07 09:02:39,517809,17.12355613708496
7747,2022-02-07 10:02:08,517809,16.98582649230957
7748,2022-02-07 10:02:17,517809,17.057535648345947
7749,2022-02-07 09:02:11,517810,17.18600630760193
7750,2022-02-07 10:02:47,517811,16.71333909034729
7751,2022-02-07 11:02:58,517811,16.954842805862427
7752,2022-02-07 10:02:57,517812,16.85152530670166
7753,2022-02-07 11:02:51,517812,17.20616579055786
7754,2022-02-07 11:02:59,517815,16.97741985321045
7755,2022-02-08 12:02:14,517815,17.06575870513916
7756,2022-02-07 11:02:54,517816,17.03416109085083
7757,2022-02-08 01:02:26,517816,16.994588375091553
7758,2022-02-08 01:02:30,517816,17.08046317100525
7759,2022-02-08 12:02:37,517816,16.9382107257843
7760,2022-02-08 01:02:59,517820,17.278404235839844
7761,2022-02-08 02:02:47,517820,17.02444076538086
7762,2022-02-08 03:02:02,517820,17.038646936416626
7763,2022-02-08 03:02:52,517820,16.903027296066284
7764,2022-02-08 03:02:41,517822,16.984806060791016
7765,2022-02-08 04:02:22,517822,17.23439931869507
7766,2022-02-08 05:02:23,517823,17.164030075073242
7767,2022-02-08 06:02:59,517823,17.11056351661682
7768,2022-02-08 05:02:00,517824,17.07245707511902
7769,2022-02-08 06:02:17,517824,17.08395004272461
7770,2022-02-08 06:02:30,517824,16.96237802505493
7771,2022-02-08 06:02:31,517824,17.033333778381348
7772,2022-02-08 06:02:20,517825,16.926203966140747
7773,2022-02-08 07:02:37,517825,16.98224425315857
7774,2022-02-08 08:02:31,517825,17.02245593070984
7775,2022-02-08 10:02:29,517831,17.162578105926514
7776,2022-02-08 12:02:58,517831,17.206605672836304
7777,2022-02-08 01:02:19,517832,16.988694667816162
7778,2022-02-08 01:02:30,517832,17.182332277297974
7779,2022-02-08 11:02:02,517832,17.157732248306274
7780,2022-02-08 11:02:31,517832,17.090582847595215
7781,2022-02-08 01:02:12,517833,17.16118812561035
7782,2022-02-08 02:02:28,517833,17.163594961166382
7783,2022-02-08 02:02:59,517833,16.921719312667847
7784,2022-02-08 03:02:41,517833,16.970133781433105
7785,2022-02-08 08:02:46,517835,17.05796241760254
7786,2022-02-08 09:02:21,517835,16.993454694747925
7787,2022-02-08 08:02:44,517836,16.944068670272827
7788,2022-02-08 09:02:12,517836,17.146008014678955
7789,2022-02-08 09:02:24,517836,17.32904076576233
7790,2022-02-08 09:02:34,517836,17.053343057632446
7791,2022-02-08 09:02:40,517836,17.111672163009644
7792,2022-02-08 09:02:58,517836,16.92846417427063
7793,2022-02-08 10:02:29,517836,17.01076865196228
7794,2022-02-08 10:02:38,517836,17.13272452354431
7795,2022-02-08 11:02:20,517836,16.766046285629272
7796,2022-02-08 11:02:29,517836,16.908665895462036
7797,2022-02-08 11:02:31,517836,16.869195699691772
7798,2022-02-08 11:02:42,517836,17.02863097190857
7799,2022-02-08 11:02:52,517836,17.193633317947388
7800,2022-02-09 12:02:38,517836,17.125983238220215
7801,2022-02-09 01:02:08,517837,16.991262435913086
7802,2022-02-09 01:02:51,517837,17.196013927459717
7803,2022-02-09 12:02:13,517837,17.1628999710083
7804,2022-02-09 12:02:41,517837,17.195574045181274
7805,2022-02-09 12:02:49,517837,17.039402723312378
7806,2022-02-09 01:02:03,517838,17.10504412651062
7807,2022-02-09 01:02:03,517838,17.004311084747314
7808,2022-02-09 01:02:32,517838,17.058322429656982
7809,2022-02-09 01:02:34,517838,17.165699005126953
7810,2022-02-09 02:02:06,517838,17.276718616485596
7811,2022-02-09 02:02:24,517838,17.129769325256348
7812,2022-02-09 02:02:31,517838,16.743080615997314
7813,2022-02-09 02:02:43,517838,17.091366052627563
7814,2022-02-09 02:02:45,517838,17.200136184692383
7815,2022-02-09 02:02:49,517838,17.19626784324646
7816,2022-02-09 03:02:08,517838,16.829124689102173
7817,2022-02-09 03:02:15,517838,17.203184366226196
7818,2022-02-09 03:02:17,517838,17.121580839157104
7819,2022-02-09 03:02:23,517838,17.167246341705322
7820,2022-02-09 03:02:49,517838,16.971263885498047
7821,2022-02-09 03:02:56,517838,17.18860626220703
7822,2022-02-09 03:02:58,517838,17.166695594787598
7823,2022-02-09 03:02:59,517838,16.983619928359985
7824,2022-02-09 12:02:40,517838,17.276771068572998
7825,2022-02-09 12:02:53,517838,17.05256938934326
7826,2022-02-09 02:02:19,517839,17.255433797836304
7827,2022-02-09 03:02:35,517839,16.985315084457397
7828,2022-02-09 03:02:02,517840,16.921377182006836
7829,2022-02-09 03:02:09,517840,17.051743268966675
7830,2022-02-09 03:02:24,517840,17.324483394622803
7831,2022-02-09 03:02:34,517840,17.181928157806396
7832,2022-02-09 03:02:58,517840,17.117053270339966
7833,2022-02-09 04:02:22,517840,17.138301134109497
7834,2022-02-09 04:02:27,517840,16.98836326599121
7835,2022-02-09 04:02:34,517840,17.056734561920166
7836,2022-02-09 04:02:39,517840,17.17275619506836
7837,2022-02-09 04:02:49,517840,17.196673154830933
7838,2022-02-09 05:02:02,517840,17.145415544509888
7839,2022-02-09 05:02:07,517840,16.816927194595337
7840,2022-02-09 05:02:09,517840,17.095247507095337
7841,2022-02-09 05:02:27,517840,16.91107153892517
7842,2022-02-09 04:02:53,517843,17.00111985206604
7843,2022-02-09 05:02:05,517843,17.432563304901123
7844,2022-02-09 05:02:12,517843,17.028470039367676
7845,2022-02-09 05:02:13,517843,17.061307430267334
7846,2022-02-09 05:02:34,517843,17.069227695465088
7847,2022-02-09 05:02:34,517843,16.991381645202637
7848,2022-02-09 05:02:48,517843,17.030632495880127
7849,2022-02-09 06:02:00,517843,17.25572109222412
7850,2022-02-09 06:02:18,517843,16.996742486953735
7851,2022-02-09 06:02:44,517843,17.16571569442749
7852,2022-02-09 06:02:10,517844,16.9082248210907
7853,2022-02-09 06:02:57,517844,17.484126091003418
7854,2022-02-09 07:02:24,517844,17.18594193458557
7855,2022-02-09 06:02:10,517845,17.1475613117218
7856,2022-02-09 07:02:03,517845,17.174547910690308
7857,2022-02-09 07:02:29,517845,16.934843063354492
7858,2022-02-09 07:02:55,517845,17.01098084449768
7859,2022-02-09 09:02:17,517850,17.096508741378784
7860,2022-02-09 09:02:29,517850,17.239125967025757
7861,2022-02-09 01:02:02,517851,17.012341022491455
7862,2022-02-09 11:02:08,517851,17.280194759368896
7863,2022-02-09 01:02:05,517852,17.209486961364746
7864,2022-02-09 01:02:42,517852,17.36903190612793
7865,2022-02-09 02:02:17,517852,17.43770956993103
7866,2022-02-09 03:02:38,517852,17.190706729888916
7867,2022-02-09 02:02:35,517853,17.106765508651733
7868,2022-02-09 03:02:59,517853,17.15843677520752
7869,2022-02-09 02:02:05,517855,16.99931502342224
7870,2022-02-09 04:02:55,517855,17.0504891872406
7871,2022-02-09 02:02:01,517856,17.11893916130066
7872,2022-02-09 02:02:02,517856,17.159221172332764
7873,2022-02-09 03:02:01,517856,17.092894315719604
7874,2022-02-09 05:02:53,517861,17.207493782043457
7875,2022-02-09 05:02:55,517861,17.146953344345093
7876,2022-02-09 06:02:56,517861,17.067325115203857
7877,2022-02-09 06:02:13,517863,17.198656797409058
7878,2022-02-09 08:02:03,517863,17.256897687911987
7879,2022-02-09 08:02:29,517863,16.88551425933838
7880,2022-02-09 08:02:38,517863,17.159204483032227
7881,2022-02-09 08:02:26,517864,17.060810327529907
7882,2022-02-09 09:02:55,517864,16.784846782684326
7883,2022-02-09 10:02:01,517868,17.317452430725098
7884,2022-02-09 10:02:03,517868,17.109780311584473
7885,2022-02-09 10:02:51,517868,17.035447359085083
7886,2022-02-09 11:02:06,517868,17.148369550704956
7887,2022-02-09 11:02:10,517868,17.03110933303833
7888,2022-02-09 11:02:34,517868,16.97919487953186
7889,2022-02-09 11:02:38,517869,17.145938873291016
7890,2022-02-10 12:02:07,517869,17.331568002700806
7891,2022-02-10 01:02:30,517872,17.21824884414673
7892,2022-02-10 02:02:31,517872,17.152587175369263
7893,2022-02-10 03:02:30,517872,17.069215774536133
7894,2022-02-10 04:02:35,517872,17.207257747650146
7895,2022-02-10 06:02:45,517873,17.139151096343994
7896,2022-02-10 06:02:17,517875,17.080479860305786
7897,2022-02-10 06:02:39,517875,17.189193964004517
7898,2022-02-10 07:02:12,517875,17.08696961402893
7899,2022-02-10 06:02:02,517876,16.912049055099487
7900,2022-02-10 06:02:09,517876,17.10402011871338
7901,2022-02-10 07:02:10,517876,17.03301191329956
7902,2022-02-10 07:02:13,517876,17.16180920600891
7903,2022-02-10 01:02:28,517878,17.243945598602295
7904,2022-02-10 01:02:31,517878,17.079802751541138
7905,2022-02-10 01:02:41,517878,17.340275049209595
7906,2022-02-10 09:02:42,517878,17.083555459976196
7907,2022-02-10 10:02:48,517878,17.05976963043213
7908,2022-02-10 11:02:41,517878,17.10828423500061
7909,2022-02-10 12:02:00,517878,17.322739362716675
7910,2022-02-10 12:02:54,517878,17.167669534683228
7911,2022-02-10 12:02:56,517878,16.936615705490112
7912,2022-02-10 01:02:04,517879,17.076261043548584
7913,2022-02-10 01:02:17,517879,17.05112934112549
7914,2022-02-10 01:02:46,517879,16.995617151260376
7915,2022-02-10 01:02:42,517881,16.948270797729492
7916,2022-02-10 02:02:48,517881,17.16980218887329
7917,2022-02-10 03:02:12,517881,17.02364444732666
7918,2022-02-10 03:02:29,517881,17.2181499004364
7919,2022-02-10 02:02:02,517882,17.120096683502197
7920,2022-02-10 03:02:16,517882,17.088913917541504
7921,2022-02-10 03:02:28,517883,17.32348084449768
7922,2022-02-10 04:02:19,517883,17.006208896636963
7923,2022-02-10 03:02:09,517885,17.243027687072754
7924,2022-02-10 03:02:51,517885,17.048473358154297
7925,2022-02-10 04:02:01,517885,17.109981775283813
7926,2022-02-10 04:02:58,517886,17.120649814605713
7927,2022-02-10 07:02:56,517888,17.14665174484253
7928,2022-02-10 08:02:11,517888,17.310898303985596
7929,2022-02-10 09:02:06,517888,17.373967170715332
7930,2022-02-10 09:02:31,517888,17.054163217544556
7931,2022-02-10 09:02:35,517888,17.220065593719482
7932,2022-02-10 10:02:54,517888,17.0449435710907
7933,2022-02-10 08:02:50,517890,16.966638565063477
7934,2022-02-10 08:02:56,517890,17.17914581298828
7935,2022-02-10 09:02:09,517890,16.920775175094604
7936,2022-02-10 08:02:49,517891,17.205885648727417
7937,2022-02-10 10:02:43,517891,17.074356079101562
7938,2022-02-10 08:02:59,517892,17.064900398254395
7939,2022-02-10 09:02:45,517892,17.08902359008789
7940,2022-02-10 09:02:31,517894,17.210341691970825
7941,2022-02-10 11:02:51,517894,17.00662851333618
7942,2022-02-10 11:02:24,517895,17.162686586380005
7943,2022-02-11 12:02:19,517895,17.13716983795166
7944,2022-02-10 11:02:32,517896,17.18415856361389
7945,2022-02-11 01:02:15,517896,17.05595374107361
7946,2022-02-11 12:02:53,517897,17.10373044013977
7947,2022-02-11 01:02:01,517898,17.356436252593994
7948,2022-02-11 02:02:10,517898,16.951797008514404
7949,2022-02-11 01:02:00,517902,17.119938135147095
7950,2022-02-11 01:02:18,517902,17.04456329345703
7951,2022-02-11 01:02:20,517902,17.211133241653442
7952,2022-02-11 01:02:37,517902,17.208832502365112
7953,2022-02-11 01:02:51,517902,16.83171510696411
7954,2022-02-11 01:02:58,517902,17.04377293586731
7955,2022-02-11 02:02:05,517902,17.000569105148315
7956,2022-02-11 02:02:26,517902,17.078673839569092
7957,2022-02-11 02:02:33,517902,17.075693607330322
7958,2022-02-11 03:02:26,517902,17.319401502609253
7959,2022-02-11 06:02:24,517902,17.04843044281006
7960,2022-02-11 07:02:20,517902,17.143001556396484
7961,2022-02-11 08:02:07,517902,16.96302890777588
7962,2022-02-11 08:02:20,517902,17.243698835372925
7963,2022-02-11 08:02:47,517902,16.96358323097229
7964,2022-02-11 09:02:13,517902,17.04582452774048
7965,2022-02-11 09:02:27,517902,17.428935766220093
7966,2022-02-11 09:02:45,517902,17.132623195648193
7967,2022-02-11 10:02:13,517902,17.250202894210815
7968,2022-02-11 10:02:18,517902,17.115306854248047
7969,2022-02-11 10:02:21,517902,17.008910179138184
7970,2022-02-11 10:02:27,517902,17.19291090965271
7971,2022-02-11 11:02:14,517902,17.171648740768433
7972,2022-02-11 11:02:21,517902,17.2568678855896
7973,2022-02-11 11:02:24,517902,17.16246485710144
7974,2022-02-11 11:02:31,517902,17.094422578811646
7975,2022-02-11 11:02:36,517902,17.089436054229736
7976,2022-02-11 11:02:56,517902,17.18173384666443
7977,2022-02-11 12:02:34,517902,17.135844230651855
7978,2022-02-11 12:02:37,517902,16.906235218048096
7979,2022-02-11 12:02:46,517902,16.962791681289673
7980,2022-02-11 02:02:10,517903,17.000652551651
7981,2022-02-11 03:02:15,517903,17.10504174232483
7982,2022-02-11 03:02:49,517904,17.03678846359253
7983,2022-02-11 03:02:12,517905,17.28142738342285
7984,2022-02-11 03:02:32,517905,17.093032598495483
7985,2022-02-11 03:02:40,517905,17.09829092025757
7986,2022-02-11 03:02:47,517905,17.012462615966797
7987,2022-02-11 04:02:20,517905,17.170995473861694
7988,2022-02-11 04:02:26,517905,17.24642515182495
7989,2022-02-11 04:02:31,517905,17.198225259780884
7990,2022-02-11 04:02:36,517905,17.26527452468872
7991,2022-02-11 04:02:43,517905,17.003666162490845
7992,2022-02-11 05:02:09,517905,16.984517574310303
7993,2022-02-11 05:02:23,517905,17.073122262954712
7994,2022-02-11 04:02:21,517906,17.181822061538696
7995,2022-02-11 05:02:19,517906,16.92554473876953
7996,2022-02-11 05:02:03,517910,16.9852614402771
7997,2022-02-11 05:02:09,517910,17.044649124145508
7998,2022-02-11 06:02:25,517910,17.156535387039185
7999,2022-02-11 07:02:08,517910,17.170486450195312
8000,2022-02-11 06:02:48,517912,16.95241928100586
8001,2022-02-11 07:02:47,517912,17.140965461730957
8002,2022-02-11 08:02:22,517912,17.04102396965027
8003,2022-02-11 08:02:28,517912,16.95993423461914
8004,2022-02-11 09:02:48,517914,17.289024591445923
8005,2022-02-11 09:02:15,517915,16.890958547592163
8006,2022-02-12 01:02:37,517919,17.141458988189697
8007,2022-02-12 01:02:45,517919,16.72744393348694
8008,2022-02-12 02:02:28,517919,17.187702655792236
8009,2022-02-12 02:02:59,517919,17.180511951446533
8010,2022-02-12 02:02:59,517919,16.896308660507202
8011,2022-02-12 12:02:15,517919,17.309134006500244
8012,2022-02-12 02:02:14,517920,17.251765727996826
8013,2022-02-12 02:02:44,517920,17.332738637924194
8014,2022-02-12 03:02:27,517920,17.12809920310974
8015,2022-02-12 03:02:34,517920,17.189146280288696
8016,2022-02-12 09:02:03,517922,17.220122814178467
8017,2022-02-12 10:02:02,517922,17.155088186264038
8018,2022-02-12 04:02:17,517924,17.190924882888794
8019,2022-02-12 05:02:31,517924,17.329496145248413
8020,2022-02-12 09:02:34,517924,17.02750563621521
8021,2022-02-13 04:02:42,517925,17.123870849609375
8022,2022-02-13 05:02:55,517925,17.047032117843628
8023,2022-02-13 01:02:43,517926,17.346960306167603
8024,2022-02-13 02:02:28,517926,17.33719229698181
8025,2022-02-13 04:02:22,517926,17.343133687973022
8026,2022-02-13 05:02:17,517926,17.08391785621643
8027,2022-02-13 06:02:48,517926,17.139081954956055
8028,2022-02-14 02:02:05,517928,16.97474956512451
8029,2022-02-14 02:02:43,517928,17.299572229385376
8030,2022-02-14 03:02:41,517928,17.13085412979126
8031,2022-02-14 04:02:12,517928,17.182633876800537
8032,2022-02-14 04:02:20,517928,17.1333646774292
8033,2022-02-14 04:02:28,517928,17.16170907020569
8034,2022-02-14 04:02:35,517928,16.875661611557007
8035,2022-02-14 04:02:37,517928,16.869704723358154
8036,2022-02-14 05:02:04,517928,17.11332082748413
8037,2022-02-14 05:02:09,517928,17.392916679382324
8038,2022-02-14 05:02:53,517928,17.177385091781616
8039,2022-02-14 06:02:03,517928,17.32656478881836
8040,2022-02-14 06:02:25,517928,17.095377445220947
8041,2022-02-14 06:02:39,517928,17.198909521102905
8042,2022-02-14 06:02:51,517928,16.96457266807556
8043,2022-02-14 06:02:57,517928,17.15128779411316
8044,2022-02-14 07:02:11,517928,17.206807136535645
8045,2022-02-14 07:02:50,517928,17.182739973068237
8046,2022-02-14 09:02:31,517929,16.782400608062744
8047,2022-02-14 09:02:41,517929,17.232160568237305
8048,2022-02-14 09:02:46,517929,17.05704927444458
8049,2022-02-14 03:02:29,517930,17.19180464744568
8050,2022-02-14 10:02:18,517930,17.182507514953613
8051,2022-02-14 02:02:21,517931,17.298600673675537
8052,2022-02-14 04:02:41,517931,17.097607851028442
8053,2022-02-14 02:02:44,517932,17.26689100265503
8054,2022-02-14 04:02:08,517932,17.318838834762573
8055,2022-02-14 04:02:19,517932,17.044615745544434
8056,2022-02-14 04:02:25,517932,17.22468614578247
8057,2022-02-14 04:02:40,517932,17.19583749771118
8058,2022-02-14 04:02:55,517932,17.008460760116577
8059,2022-02-14 05:02:08,517932,16.863316297531128
8060,2022-02-14 05:02:21,517932,17.24147081375122
8061,2022-02-14 05:02:26,517932,17.162379026412964
8062,2022-02-14 05:02:37,517932,17.225399017333984
8063,2022-02-14 06:02:57,517932,16.944875717163086
8064,2022-02-14 07:02:38,517932,17.11904525756836
8065,2022-02-14 07:02:43,517932,17.163692712783813
8066,2022-02-14 07:02:47,517932,16.942201852798462
8067,2022-02-14 08:02:00,517932,16.796019077301025
8068,2022-02-14 08:02:08,517932,17.209445238113403
8069,2022-02-14 08:02:18,517932,17.289987802505493
8070,2022-02-14 08:02:33,517932,17.257957458496094
8071,2022-02-14 08:02:36,517932,17.185635566711426
8072,2022-02-14 08:02:37,517932,17.00302481651306
8073,2022-02-14 08:02:51,517932,17.484008073806763
8074,2022-02-14 08:02:52,517932,16.99249029159546
8075,2022-02-14 09:02:16,517932,17.216947078704834
8076,2022-02-14 09:02:31,517932,17.20654845237732
8077,2022-02-14 09:02:50,517932,17.08199381828308
8078,2022-02-14 10:02:12,517932,17.589844465255737
8079,2022-02-14 10:02:24,517932,17.148889303207397
8080,2022-02-14 10:02:57,517932,17.328578233718872
8081,2022-02-14 11:02:36,517932,17.444783449172974
8082,2022-02-14 11:02:47,517932,17.28771448135376
8083,2022-02-14 10:02:07,517933,17.15904474258423
8084,2022-02-14 10:02:24,517933,17.183862924575806
8085,2022-02-14 11:02:26,517933,17.19789981842041
8086,2022-02-15 12:02:41,517933,17.381234169006348
8087,2022-02-14 10:02:23,517934,17.120286226272583
8088,2022-02-14 10:02:26,517936,17.53403067588806
8089,2022-02-14 11:02:16,517936,16.84431791305542
8090,2022-02-14 11:02:58,517936,17.025054693222046
8091,2022-02-15 01:02:10,517936,17.14761257171631
8092,2022-02-15 01:02:15,517936,17.10071086883545
8093,2022-02-15 01:02:18,517936,17.17012643814087
8094,2022-02-15 01:02:24,517936,16.904191970825195
8095,2022-02-15 12:02:08,517936,17.034077644348145
8096,2022-02-15 12:02:14,517936,17.294435501098633
8097,2022-02-15 12:02:14,517936,17.20877766609192
8098,2022-02-15 12:02:40,517936,17.203341722488403
8099,2022-02-15 12:02:45,517936,17.282339334487915
8100,2022-02-15 01:02:26,517937,17.078922986984253
8101,2022-02-15 01:02:43,517937,17.115553617477417
8102,2022-02-15 03:02:03,517937,17.154924869537354
8103,2022-02-15 03:02:05,517937,17.253037691116333
8104,2022-02-15 03:02:04,517939,17.324949502944946
8105,2022-02-15 05:02:20,517939,17.20304250717163
8106,2022-02-15 05:02:37,517939,17.130630016326904
8107,2022-02-15 05:02:37,517939,17.25936770439148
8108,2022-02-15 07:02:24,517939,16.915414333343506
8109,2022-02-15 07:02:47,517939,17.041536569595337
8110,2022-02-15 05:02:32,517940,16.86307191848755
8111,2022-02-15 06:02:35,517940,17.20508337020874
8112,2022-02-15 07:02:30,517940,17.27412700653076
8113,2022-02-15 07:02:54,517940,17.36017942428589
8114,2022-02-15 06:02:34,517941,17.18719720840454
8115,2022-02-15 08:02:33,517941,16.971460580825806
8116,2022-02-15 09:02:57,517941,17.01446294784546
8117,2022-02-15 09:02:59,517941,16.8735671043396
8118,2022-02-15 09:02:14,517948,17.106350660324097
8119,2022-02-15 10:02:23,517948,17.29165554046631
8120,2022-02-15 11:02:15,517948,17.07955241203308
8121,2022-02-15 11:02:26,517948,17.29312539100647
8122,2022-02-15 11:02:32,517948,17.124264240264893
8123,2022-02-15 10:02:05,517950,16.880117654800415
8124,2022-02-15 12:02:37,517950,17.00716733932495
8125,2022-02-15 10:02:18,517951,17.1698260307312
8126,2022-02-15 11:02:35,517951,17.187191247940063
8127,2022-02-15 01:02:43,517954,17.192381620407104
8128,2022-02-15 02:02:41,517954,17.332319021224976
8129,2022-02-15 02:02:44,517954,17.13845729827881
8130,2022-02-15 02:02:53,517954,17.37486243247986
8131,2022-02-15 03:02:42,517954,16.99736714363098
8132,2022-02-15 04:02:31,517954,16.96653723716736
8133,2022-02-15 12:02:11,517954,17.275983095169067
8134,2022-02-15 12:02:55,517954,17.16346025466919
8135,2022-02-15 06:02:08,517957,17.04471230506897
8136,2022-02-15 09:02:24,517957,17.139089107513428
8137,2022-02-15 09:02:24,517959,17.094485759735107
8138,2022-02-15 10:02:43,517959,17.191888093948364
8139,2022-02-15 10:02:52,517959,17.169489860534668
8140,2022-02-15 11:02:12,517959,17.07751750946045
8141,2022-02-15 11:02:47,517959,17.443950176239014
8142,2022-02-15 11:02:59,517959,17.318698167800903
8143,2022-02-16 12:02:22,517959,17.2733473777771
8144,2022-02-16 12:02:22,517959,17.25050926208496
8145,2022-02-15 11:02:33,517960,17.239151000976562
8146,2022-02-15 11:02:39,517960,16.9813871383667
8147,2022-02-16 01:02:05,517960,17.17028021812439
8148,2022-02-16 01:02:19,517960,17.1907639503479
8149,2022-02-16 01:02:32,517960,17.188968658447266
8150,2022-02-16 01:02:57,517960,16.994391679763794
8151,2022-02-16 02:02:37,517960,17.172354459762573
8152,2022-02-16 02:02:55,517960,17.035692930221558
8153,2022-02-16 12:02:20,517960,17.327440977096558
8154,2022-02-16 12:02:34,517960,17.079893350601196
8155,2022-02-16 01:02:45,517961,17.16579794883728
8156,2022-02-16 02:02:45,517961,17.252414226531982
8157,2022-02-16 12:02:06,517961,17.256603240966797
8158,2022-02-16 12:02:41,517961,17.323280572891235
8159,2022-02-16 01:02:48,517962,17.304309606552124
8160,2022-02-16 02:02:11,517962,17.393362522125244
8161,2022-02-16 02:02:12,517962,17.130062580108643
8162,2022-02-16 12:02:23,517962,17.31392502784729
8163,2022-02-16 05:02:25,517965,17.291381359100342
8164,2022-02-16 05:02:29,517965,17.31582760810852
8165,2022-02-16 06:02:38,517965,17.496052980422974
8166,2022-02-16 06:02:41,517965,17.379424571990967
8167,2022-02-16 06:02:57,517965,17.208410501480103
8168,2022-02-16 07:02:18,517965,17.266839742660522
8169,2022-02-16 06:02:02,517966,17.187471389770508
8170,2022-02-16 07:02:09,517966,17.3412024974823
8171,2022-02-16 06:02:05,517967,17.375880479812622
8172,2022-02-16 07:02:18,517967,17.104485034942627
8173,2022-02-16 07:02:40,517967,17.194966077804565
8174,2022-02-16 08:02:08,517967,17.299110889434814
8175,2022-02-16 09:02:02,517971,17.231106758117676
8176,2022-02-16 09:02:33,517971,17.31051206588745
8177,2022-02-16 09:02:41,517971,17.143261432647705
8178,2022-02-16 10:02:15,517971,17.124072313308716
8179,2022-02-16 10:02:22,517971,17.13253140449524
8180,2022-02-16 10:02:23,517971,17.08287239074707
8181,2022-02-16 10:02:40,517971,17.11060881614685
8182,2022-02-16 10:02:57,517971,17.523523569107056
8183,2022-02-16 11:02:42,517971,17.288858890533447
8184,2022-02-16 11:02:43,517971,17.24299430847168
8185,2022-02-16 01:02:00,517972,17.271562814712524
8186,2022-02-16 01:02:02,517972,17.263765335083008
8187,2022-02-16 12:02:09,517972,16.856001615524292
8188,2022-02-16 12:02:33,517972,17.200322151184082
8189,2022-02-16 12:02:53,517972,17.215980291366577
8190,2022-02-16 12:02:55,517972,17.345972061157227
8191,2022-02-16 12:02:58,517972,17.296838760375977
8192,2022-02-16 01:02:02,517974,17.309120893478394
8193,2022-02-16 01:02:11,517974,17.47205376625061
8194,2022-02-16 02:02:10,517974,17.32933282852173
8195,2022-02-16 02:02:26,517974,17.390801906585693
8196,2022-02-16 01:02:38,517975,17.186466455459595
8197,2022-02-16 02:02:32,517975,17.410705089569092
8198,2022-02-16 02:02:16,517976,17.46483564376831
8199,2022-02-16 03:02:28,517976,17.101380825042725
8200,2022-02-16 02:02:30,517977,17.17254877090454
8201,2022-02-16 02:02:52,517977,17.285739183425903
8202,2022-02-16 03:02:04,517977,17.28736639022827
8203,2022-02-16 03:02:10,517977,17.261308431625366
8204,2022-02-16 03:02:31,517977,17.46784210205078
8205,2022-02-16 04:02:49,517977,17.159420251846313
8206,2022-02-16 02:02:07,517978,17.34941601753235
8207,2022-02-16 05:02:09,517985,17.361525297164917
8208,2022-02-16 06:02:25,517985,17.158838510513306
8209,2022-02-16 06:02:11,517987,17.011053562164307
8210,2022-02-16 06:02:20,517987,17.22602605819702
8211,2022-02-16 07:02:13,517987,17.021313905715942
8212,2022-02-16 07:02:18,517987,17.235466241836548
8213,2022-02-16 07:02:55,517990,17.24580407142639
8214,2022-02-16 08:02:11,517990,17.18162178993225
8215,2022-02-16 09:02:21,517993,17.299206256866455
8216,2022-02-16 09:02:37,517993,17.2725772857666
8217,2022-02-16 09:02:10,517994,17.226399183273315
8218,2022-02-16 09:02:22,517994,17.242292165756226
8219,2022-02-16 09:02:37,517996,17.30469822883606
8220,2022-02-16 10:02:06,517996,17.092316150665283
8221,2022-02-16 10:02:14,517997,17.197463512420654
8222,2022-02-16 11:02:23,517997,17.38108992576599
8223,2022-02-17 02:02:23,518005,16.828906536102295
8224,2022-02-17 03:02:15,518005,17.202906608581543
8225,2022-02-17 03:02:58,518005,17.224348783493042
8226,2022-02-17 04:02:38,518005,17.305666208267212
8227,2022-02-17 05:02:49,518007,17.017072439193726
8228,2022-02-17 06:02:50,518007,17.23069429397583
8229,2022-02-17 06:02:51,518007,17.10683822631836
8230,2022-02-17 07:02:26,518007,17.213613986968994
8231,2022-02-17 09:02:18,518007,17.399362325668335
8232,2022-02-17 09:02:40,518007,17.3823344707489
8233,2022-02-17 10:02:51,518007,17.083632946014404
8234,2022-02-17 10:02:57,518007,17.186895608901978
8235,2022-02-17 01:02:01,518009,17.219374179840088
8236,2022-02-17 01:02:13,518009,17.069315910339355
8237,2022-02-17 01:02:20,518009,17.399795055389404
8238,2022-02-17 01:02:26,518009,17.086061239242554
8239,2022-02-17 01:02:48,518009,17.123548984527588
8240,2022-02-17 02:02:11,518009,17.11902141571045
8241,2022-02-17 12:02:03,518009,17.271857261657715
8242,2022-02-17 12:02:30,518009,17.24591612815857
8243,2022-02-17 01:02:52,518011,17.322914600372314
8244,2022-02-17 02:02:54,518011,17.281265258789062
8245,2022-02-17 03:02:20,518011,17.38443613052368
8246,2022-02-17 03:02:29,518011,17.288490533828735
8247,2022-02-17 03:02:51,518011,17.499632835388184
8248,2022-02-17 04:02:59,518011,17.307032346725464
8249,2022-02-17 05:02:00,518013,17.16849446296692
8250,2022-02-17 05:02:02,518013,17.303874492645264
8251,2022-02-17 05:02:24,518013,17.337597608566284
8252,2022-02-17 05:02:41,518013,17.279940843582153
8253,2022-02-17 05:02:51,518013,17.058879137039185
8254,2022-02-17 05:02:52,518013,17.363057136535645
8255,2022-02-17 05:02:57,518013,17.414101362228394
8256,2022-02-17 06:02:12,518013,17.313939332962036
8257,2022-02-17 06:02:23,518013,17.387596368789673
8258,2022-02-17 06:02:33,518013,17.115668058395386
8259,2022-02-17 06:02:40,518013,17.258747816085815
8260,2022-02-17 06:02:56,518013,17.243388891220093
8261,2022-02-17 07:02:46,518013,17.19066619873047
8262,2022-02-17 06:02:09,518014,16.73187017440796
8263,2022-02-17 07:02:05,518015,17.01187014579773
8264,2022-02-17 08:02:03,518015,17.201753854751587
8265,2022-02-17 08:02:04,518015,17.29839324951172
8266,2022-02-17 08:02:17,518015,17.336126565933228
8267,2022-02-17 08:02:17,518015,17.30900764465332
8268,2022-02-17 09:02:21,518015,17.269946336746216
8269,2022-02-17 09:02:59,518015,17.07248330116272
8270,2022-02-17 08:02:36,518018,17.288988828659058
8271,2022-02-17 10:02:12,518018,17.2361421585083
8272,2022-02-17 09:02:03,518019,16.794421672821045
8273,2022-02-17 09:02:17,518019,17.30703115463257
8274,2022-02-17 09:02:51,518019,17.108101844787598
8275,2022-02-17 10:02:33,518019,17.183923721313477
8276,2022-02-17 11:02:06,518019,17.096807956695557
8277,2022-02-17 11:02:18,518019,17.20455765724182
8278,2022-02-17 11:02:27,518019,17.01117753982544
8279,2022-02-17 11:02:41,518019,17.32350468635559
8280,2022-02-18 02:02:59,518021,17.194008827209473
8281,2022-02-18 12:02:18,518021,17.348140478134155
8282,2022-02-18 02:02:40,518022,17.267403602600098
8283,2022-02-18 12:02:18,518022,17.206568717956543
8284,2022-02-18 02:02:08,518026,17.251179218292236
8285,2022-02-18 03:02:01,518026,17.141200304031372
8286,2022-02-18 04:02:46,518029,17.319042682647705
8287,2022-02-18 05:02:27,518029,17.014561891555786
8288,2022-02-18 05:02:41,518029,17.35347270965576
8289,2022-02-18 06:02:51,518029,17.26189136505127
8290,2022-02-18 05:02:32,518030,17.270097732543945
8291,2022-02-18 06:02:42,518030,17.04319953918457
8292,2022-02-18 08:02:59,518033,17.321290969848633
8293,2022-02-18 09:02:52,518033,17.356407642364502
8294,2022-02-18 11:02:24,518033,17.203199863433838
8295,2022-02-18 12:02:30,518033,16.992192268371582
8296,2022-02-18 01:02:05,518034,17.399609088897705
8297,2022-02-18 01:02:36,518034,17.09295153617859
8298,2022-02-18 01:02:47,518034,17.254021167755127
8299,2022-02-18 03:02:55,518034,17.272859811782837
8300,2022-02-18 11:02:01,518034,17.078359127044678
8301,2022-02-18 12:02:30,518034,17.15213418006897
8302,2022-02-18 12:02:40,518034,17.162799835205078
8303,2022-02-18 12:02:54,518034,17.204333543777466
8304,2022-02-18 03:02:14,518036,17.192997932434082
8305,2022-02-18 04:02:34,518036,17.31468439102173
8306,2022-02-18 05:02:01,518036,17.339513301849365
8307,2022-02-18 03:02:03,518037,17.193350791931152
8308,2022-02-18 04:02:05,518038,17.173402309417725
8309,2022-02-18 05:02:48,518038,17.044239044189453
8310,2022-02-18 06:02:05,518039,17.089824676513672
8311,2022-02-18 06:02:58,518039,17.208791971206665
8312,2022-02-18 07:02:39,518039,17.188163995742798
8313,2022-02-18 08:02:42,518039,17.16150403022766
8314,2022-02-18 07:02:35,518041,17.22598910331726
8315,2022-02-18 09:02:45,518041,17.23942279815674
8316,2022-02-18 08:02:48,518042,17.03150749206543
8317,2022-02-18 09:02:40,518042,17.285125255584717
8318,2022-02-18 09:02:41,518042,17.375305891036987
8319,2022-02-18 09:02:55,518042,17.151042222976685
8320,2022-02-18 10:02:06,518042,17.125959396362305
8321,2022-02-18 11:02:23,518042,17.17029094696045
8322,2022-02-18 10:02:50,518043,17.152905464172363
8323,2022-02-19 02:02:11,518043,17.085922956466675
8324,2022-02-19 12:02:12,518043,17.249903678894043
8325,2022-02-19 12:02:46,518043,17.228403091430664
8326,2022-02-19 01:02:14,518044,17.23164677619934
8327,2022-02-19 01:02:29,518044,17.176533937454224
8328,2022-02-19 03:02:22,518044,17.06989884376526
8329,2022-02-19 03:02:32,518044,17.046295404434204
8330,2022-02-20 04:02:13,518049,17.151392698287964
8331,2022-02-20 05:02:13,518049,17.10846185684204
8332,2022-02-21 06:02:02,518049,17.030725479125977
8333,2022-02-21 07:02:02,518049,17.451401948928833
8334,2022-02-21 01:02:35,518050,17.163238525390625
8335,2022-02-21 07:02:35,518050,17.308210134506226
8336,2022-02-21 08:02:10,518050,17.19926118850708
8337,2022-02-21 08:02:55,518050,17.191181182861328
8338,2022-02-21 09:02:14,518050,17.520582675933838
8339,2022-02-21 10:02:40,518050,17.16673254966736
8340,2022-02-21 10:02:42,518050,17.25810408592224
8341,2022-02-21 11:02:04,518050,17.29379415512085
8342,2022-02-21 11:02:26,518050,17.207614183425903
8343,2022-02-21 11:02:32,518050,17.152639627456665
8344,2022-02-21 11:02:33,518050,16.925595998764038
8345,2022-02-21 12:02:31,518050,17.026766538619995
8346,2022-02-21 12:02:39,518050,17.057006359100342
8347,2022-02-21 12:02:45,518050,17.083863019943237
8348,2022-02-21 12:02:48,518050,17.184336185455322
8349,2022-02-21 01:02:09,518051,17.140114307403564
8350,2022-02-21 01:02:13,518051,17.145620584487915
8351,2022-02-21 01:02:53,518051,17.341861724853516
8352,2022-02-21 02:02:08,518051,16.855520009994507
8353,2022-02-21 02:02:22,518051,17.151129245758057
8354,2022-02-21 02:02:29,518051,17.325170040130615
8355,2022-02-21 02:02:30,518051,17.219791412353516
8356,2022-02-21 03:02:18,518051,17.035162448883057
8357,2022-02-21 03:02:27,518051,17.454055547714233
8358,2022-02-21 03:02:27,518051,17.193585634231567
8359,2022-02-21 03:02:29,518051,17.034084796905518
8360,2022-02-21 03:02:49,518051,17.0451819896698
8361,2022-02-21 04:02:12,518051,17.209445238113403
8362,2022-02-21 04:02:15,518051,17.364380359649658
8363,2022-02-21 05:02:39,518053,17.30276346206665
8364,2022-02-21 05:02:40,518053,17.126121520996094
8365,2022-02-21 05:02:47,518053,17.303091287612915
8366,2022-02-21 06:02:12,518053,17.058953046798706
8367,2022-02-21 06:02:23,518058,17.481632232666016
8368,2022-02-21 07:02:40,518058,17.138938903808594
8369,2022-02-21 07:02:59,518058,17.162083387374878
8370,2022-02-21 08:02:40,518058,17.249172925949097
8371,2022-02-21 08:02:27,518059,17.11090087890625
8372,2022-02-21 08:02:39,518059,17.094862461090088
8373,2022-02-21 09:02:16,518059,17.041484117507935
8374,2022-02-21 09:02:29,518059,17.270675897598267
8375,2022-02-21 09:02:39,518059,17.188130617141724
8376,2022-02-21 09:02:43,518059,17.295624017715454
8377,2022-02-22 01:02:17,518064,17.284148931503296
8378,2022-02-22 01:02:28,518064,17.111496925354004
8379,2022-02-22 09:02:12,518064,17.132976055145264
8380,2022-02-22 09:02:36,518064,17.449934482574463
8381,2022-02-22 09:02:44,518064,17.18229651451111
8382,2022-02-22 10:02:09,518064,17.21134066581726
8383,2022-02-22 10:02:10,518064,17.149791717529297
8384,2022-02-22 11:02:00,518064,17.194571495056152
8385,2022-02-22 11:02:03,518064,17.079325914382935
8386,2022-02-22 11:02:08,518064,17.04934000968933
8387,2022-02-22 11:02:09,518064,17.22770929336548
8388,2022-02-22 11:02:21,518064,17.25264549255371
8389,2022-02-22 11:02:22,518064,17.203716039657593
8390,2022-02-22 11:02:34,518064,17.313103675842285
8391,2022-02-22 11:02:48,518064,17.230350971221924
8392,2022-02-22 11:02:54,518064,17.35569953918457
8393,2022-02-22 12:02:13,518064,17.24438190460205
8394,2022-02-22 12:02:52,518064,17.259615659713745
8395,2022-02-22 01:02:31,518065,17.370893955230713
8396,2022-02-22 01:02:33,518065,17.31768488883972
8397,2022-02-22 02:02:11,518065,17.08254098892212
8398,2022-02-22 02:02:25,518065,17.17538833618164
8399,2022-02-22 02:02:31,518065,17.049916982650757
8400,2022-02-22 02:02:31,518065,17.21494436264038
8401,2022-02-22 02:02:44,518065,17.081376314163208
8402,2022-02-22 12:02:00,518065,17.439342737197876
8403,2022-02-22 02:02:05,518067,16.990225315093994
8404,2022-02-22 02:02:29,518067,17.043170928955078
8405,2022-02-22 03:02:15,518067,17.10776686668396
8406,2022-02-22 12:02:06,518067,17.213720083236694
8407,2022-02-22 01:02:02,518069,17.367722988128662
8408,2022-02-22 01:02:31,518069,17.4716055393219
8409,2022-02-22 02:02:05,518069,17.267239093780518
8410,2022-02-22 02:02:18,518069,16.981018781661987
8411,2022-02-22 02:02:37,518069,17.12956190109253
8412,2022-02-22 02:02:38,518069,17.13495373725891
8413,2022-02-22 01:02:09,518070,17.1903657913208
8414,2022-02-22 01:02:26,518070,17.340688705444336
8415,2022-02-22 01:02:55,518070,17.478100061416626
8416,2022-02-22 02:02:19,518070,17.15081810951233
8417,2022-02-22 02:02:58,518070,17.342886924743652
8418,2022-02-22 03:02:03,518070,17.23410964012146
8419,2022-02-22 03:02:37,518070,17.283231019973755
8420,2022-02-22 03:02:39,518070,17.297638654708862
8421,2022-02-22 03:02:57,518070,17.131694555282593
8422,2022-02-22 02:02:39,518071,17.124204635620117
8423,2022-02-22 04:02:23,518071,17.047123908996582
8424,2022-02-22 03:02:01,518072,17.034190893173218
8425,2022-02-22 03:02:15,518072,17.19976305961609
8426,2022-02-22 04:02:22,518072,17.212105989456177
8427,2022-02-22 06:02:18,518077,17.05098867416382
8428,2022-02-22 06:02:34,518077,17.230758666992188
8429,2022-02-22 08:02:28,518077,16.980013847351074
8430,2022-02-22 09:02:49,518077,17.33782172203064
8431,2022-02-22 08:02:22,518079,17.21187114715576
8432,2022-02-22 08:02:23,518079,17.15156316757202
8433,2022-02-22 08:02:53,518079,17.196531295776367
8434,2022-02-22 09:02:39,518079,17.535029649734497
8435,2022-02-22 10:02:38,518079,17.165794372558594
8436,2022-02-22 10:02:51,518079,17.210668325424194
8437,2022-02-22 08:02:32,518080,17.27142572402954
8438,2022-02-22 09:02:42,518080,17.289788722991943
8439,2022-02-22 10:02:19,518080,17.427656650543213
8440,2022-02-22 10:02:26,518080,17.30815052986145
8441,2022-02-23 12:02:19,518080,17.357407808303833
8442,2022-02-23 12:02:42,518080,17.160526514053345
8443,2022-02-22 09:02:03,518082,17.101001739501953
8444,2022-02-22 09:02:24,518082,17.53066062927246
8445,2022-02-22 09:02:30,518082,17.477147579193115
8446,2022-02-22 10:02:22,518082,17.036410570144653
8447,2022-02-22 11:02:06,518082,17.249395847320557
8448,2022-02-22 11:02:37,518082,17.14041233062744
8449,2022-02-22 09:02:02,518083,17.335622310638428
8450,2022-02-22 09:02:49,518083,16.839563846588135
8451,2022-02-22 11:02:31,518083,17.051938772201538
8452,2022-02-22 10:02:22,518086,17.085238695144653
8453,2022-02-22 11:02:59,518086,17.006402015686035
8454,2022-02-22 11:02:23,518088,17.23168134689331
8455,2022-02-23 12:02:33,518088,17.17668056488037
8456,2022-02-22 11:02:45,518089,17.227824926376343
8457,2022-02-23 12:02:35,518090,17.027302980422974
8458,2022-02-23 05:02:21,518098,17.342745065689087
8459,2022-02-23 06:02:29,518098,17.003395557403564
8460,2022-02-23 05:02:20,518099,17.065441608428955
8461,2022-02-23 06:02:16,518099,17.21670150756836
8462,2022-02-23 06:02:20,518099,16.975890398025513
8463,2022-02-23 07:02:14,518099,17.273179292678833
8464,2022-02-23 01:02:02,518100,16.889668703079224
8465,2022-02-23 01:02:06,518100,17.294952869415283
8466,2022-02-23 01:02:55,518100,17.222617864608765
8467,2022-02-23 03:02:27,518100,17.09847927093506
8468,2022-02-23 03:02:35,518100,16.857447624206543
8469,2022-02-23 03:02:57,518100,17.228983640670776
8470,2022-02-23 06:02:50,518100,17.448633909225464
8471,2022-02-23 07:02:09,518100,17.327240705490112
8472,2022-02-23 07:02:11,518100,17.240761518478394
8473,2022-02-23 07:02:18,518100,17.193669080734253
8474,2022-02-23 07:02:35,518100,17.212834358215332
8475,2022-02-23 07:02:50,518100,16.68015956878662
8476,2022-02-23 08:02:11,518100,16.9851016998291
8477,2022-02-23 08:02:17,518100,17.049390077590942
8478,2022-02-23 08:02:31,518100,17.131844758987427
8479,2022-02-23 09:02:08,518100,17.056771516799927
8480,2022-02-23 09:02:10,518100,17.10534930229187
8481,2022-02-23 09:02:23,518100,17.29774832725525
8482,2022-02-23 09:02:35,518100,17.104098796844482
8483,2022-02-23 10:02:07,518100,17.023885250091553
8484,2022-02-23 10:02:23,518100,17.2748601436615
8485,2022-02-23 10:02:34,518100,16.96485161781311
8486,2022-02-23 10:02:35,518100,17.19032645225525
8487,2022-02-23 10:02:39,518100,16.920725107192993
8488,2022-02-23 10:02:54,518100,17.166894674301147
8489,2022-02-23 10:02:55,518100,17.30849027633667
8490,2022-02-23 11:02:16,518100,17.00900912284851
8491,2022-02-23 11:02:33,518100,17.17602014541626
8492,2022-02-23 11:02:59,518100,16.9341778755188
8493,2022-02-23 12:02:28,518100,17.181639671325684
8494,2022-02-23 12:02:50,518100,17.2116482257843
8495,2022-02-23 01:02:11,518101,17.0927095413208
8496,2022-02-23 03:02:41,518101,17.186678647994995
8497,2022-02-23 02:02:07,518102,17.182583808898926
8498,2022-02-23 02:02:28,518102,17.009782791137695
8499,2022-02-23 02:02:46,518102,17.126049995422363
8500,2022-02-23 02:02:55,518102,17.23406195640564
8501,2022-02-23 03:02:04,518102,16.890088319778442
8502,2022-02-23 03:02:13,518102,17.209571599960327
8503,2022-02-23 03:02:15,518102,17.09081530570984
8504,2022-02-23 03:02:16,518102,17.03253149986267
8505,2022-02-23 05:02:06,518106,16.983139514923096
8506,2022-02-23 06:02:37,518106,17.239468097686768
8507,2022-02-23 06:02:57,518107,17.136396169662476
8508,2022-02-23 07:02:08,518107,17.03539252281189
8509,2022-02-23 07:02:54,518109,17.391916513442993
8510,2022-02-23 08:02:08,518109,17.22034454345703
8511,2022-02-23 08:02:17,518111,17.109962701797485
8512,2022-02-23 09:02:14,518111,17.25002408027649
8513,2022-02-23 10:02:38,518116,17.251300811767578
8514,2022-02-23 10:02:20,518117,17.146354913711548
8515,2022-02-24 12:02:26,518117,17.07647442817688
8516,2022-02-23 11:02:50,518119,17.058485746383667
8517,2022-02-24 01:02:59,518119,17.112243175506592
8518,2022-02-24 03:02:22,518122,17.006587982177734
8519,2022-02-24 04:02:26,518122,17.2128164768219
8520,2022-02-24 04:02:40,518122,17.14455485343933
8521,2022-02-24 05:02:45,518122,17.134225368499756
8522,2022-02-24 05:02:06,518123,17.100919485092163
8523,2022-02-24 05:02:09,518123,17.080799341201782
8524,2022-02-24 05:02:40,518123,17.017728090286255
8525,2022-02-24 06:02:25,518123,17.243852615356445
8526,2022-02-24 06:02:26,518123,16.923006772994995
8527,2022-02-24 06:02:37,518123,16.963990926742554
8528,2022-02-24 06:02:09,518124,17.09494709968567
8529,2022-02-24 06:02:10,518124,17.058736085891724
8530,2022-02-24 07:02:05,518124,17.34177589416504
8531,2022-02-24 07:02:59,518124,17.24455714225769
8532,2022-02-24 09:02:40,518125,17.226518392562866
8533,2022-02-24 11:02:02,518125,17.090200185775757
8534,2022-02-24 01:02:56,518126,17.031725645065308
8535,2022-02-24 11:02:15,518126,17.23127007484436
8536,2022-02-24 11:02:24,518126,17.1377432346344
8537,2022-02-24 12:02:59,518126,17.216603755950928
8538,2022-02-24 01:02:07,518127,17.184996604919434
8539,2022-02-24 01:02:16,518127,17.177696228027344
8540,2022-02-24 01:02:17,518127,17.12858557701111
8541,2022-02-24 01:02:51,518127,17.144030332565308
8542,2022-02-24 01:02:59,518127,17.02244520187378
8543,2022-02-24 02:02:01,518127,17.118791341781616
8544,2022-02-24 02:02:04,518127,17.02213764190674
8545,2022-02-24 02:02:05,518127,17.131154537200928
8546,2022-02-24 02:02:46,518127,16.985185146331787
8547,2022-02-24 02:02:59,518127,17.033109664916992
8548,2022-02-24 03:02:03,518127,16.965445280075073
8549,2022-02-24 03:02:41,518127,17.259622812271118
8550,2022-02-24 12:02:32,518127,17.00297713279724
8551,2022-02-24 12:02:53,518127,17.23863124847412
8552,2022-02-24 02:02:56,518128,17.49090313911438
8553,2022-02-24 03:02:11,518128,17.268261909484863
8554,2022-02-24 03:02:20,518128,17.184823751449585
8555,2022-02-24 03:02:24,518128,16.948282718658447
8556,2022-02-24 03:02:25,518128,17.23828911781311
8557,2022-02-24 03:02:26,518128,17.19962477684021
8558,2022-02-24 04:02:12,518128,17.249993085861206
8559,2022-02-24 04:02:18,518128,17.115861177444458
8560,2022-02-24 04:02:18,518128,16.909717321395874
8561,2022-02-24 04:02:27,518128,17.313828468322754
8562,2022-02-24 04:02:28,518128,17.036237716674805
8563,2022-02-24 05:02:23,518128,16.977845430374146
8564,2022-02-24 05:02:54,518128,17.117422819137573
8565,2022-02-24 05:02:57,518128,17.146188020706177
8566,2022-02-24 05:02:58,518128,16.965055465698242
8567,2022-02-24 06:02:02,518128,17.061879634857178
8568,2022-02-24 06:02:49,518131,17.065439224243164
8569,2022-02-24 06:02:57,518131,17.281644344329834
8570,2022-02-24 07:02:10,518131,16.969783306121826
8571,2022-02-24 07:02:28,518131,16.96008563041687
8572,2022-02-24 06:02:02,518132,17.162286043167114
8573,2022-02-24 08:02:35,518132,17.017621994018555
8574,2022-02-24 08:02:07,518134,17.10834264755249
8575,2022-02-24 09:02:15,518134,17.151668071746826
8576,2022-02-24 09:02:14,518135,17.14324116706848
8577,2022-02-24 10:02:11,518135,17.21223473548889
8578,2022-02-24 09:02:51,518136,17.33669400215149
8579,2022-02-24 11:02:05,518136,17.17107892036438
8580,2022-02-24 10:02:33,518137,17.249016761779785
8581,2022-02-24 11:02:43,518137,17.266535758972168
8582,2022-02-25 03:02:36,518143,17.04088568687439
8583,2022-02-25 04:02:42,518143,17.08588719367981
8584,2022-02-25 03:02:25,518144,17.372010946273804
8585,2022-02-25 05:02:48,518144,17.059296369552612
8586,2022-02-25 05:02:12,518145,17.183332443237305
8587,2022-02-25 06:02:04,518145,16.961638927459717
8588,2022-02-25 01:02:20,518147,17.243348360061646
8589,2022-02-25 01:02:24,518147,17.128634452819824
8590,2022-02-25 01:02:36,518147,17.369465827941895
8591,2022-02-25 01:02:37,518147,17.0772385597229
8592,2022-02-25 01:02:44,518147,17.047191858291626
8593,2022-02-25 01:02:48,518147,17.11887240409851
8594,2022-02-25 01:02:49,518147,17.00117588043213
8595,2022-02-25 02:02:14,518147,17.20834493637085
8596,2022-02-25 02:02:15,518147,16.88375473022461
8597,2022-02-25 02:02:16,518147,17.019097805023193
8598,2022-02-25 02:02:25,518147,17.02967882156372
8599,2022-02-25 02:02:35,518147,17.118852138519287
8600,2022-02-25 06:02:27,518147,16.99439764022827
8601,2022-02-25 06:02:44,518147,17.11313009262085
8602,2022-02-25 06:02:51,518147,17.07939624786377
8603,2022-02-25 07:02:14,518147,17.07772135734558
8604,2022-02-25 08:02:30,518147,17.14695692062378
8605,2022-02-25 08:02:50,518147,17.20606565475464
8606,2022-02-25 10:02:06,518147,17.37355351448059
8607,2022-02-25 10:02:18,518147,17.064470052719116
8608,2022-02-25 10:02:41,518147,17.001500129699707
8609,2022-02-25 11:02:06,518147,16.882094144821167
8610,2022-02-25 11:02:34,518147,17.089104652404785
8611,2022-02-25 12:02:01,518147,16.97999358177185
8612,2022-02-25 12:02:27,518147,16.96058750152588
8613,2022-02-25 12:02:27,518147,17.02739119529724
8614,2022-02-25 12:02:36,518147,16.910395622253418
8615,2022-02-25 02:02:17,518149,17.116353511810303
8616,2022-02-25 03:02:01,518149,17.280739545822144
8617,2022-02-25 03:02:53,518149,17.04540729522705
8618,2022-02-25 04:02:15,518149,17.44679570198059
8619,2022-02-25 04:02:22,518149,16.90091848373413
8620,2022-02-25 04:02:27,518149,17.33838677406311
8621,2022-02-25 04:02:40,518149,17.215880155563354
8622,2022-02-25 05:02:47,518149,17.188291549682617
8623,2022-02-25 06:02:10,518149,17.124063968658447
8624,2022-02-25 04:02:02,518150,17.026729583740234
8625,2022-02-25 05:02:16,518150,17.017279863357544
8626,2022-02-25 05:02:22,518152,17.080700397491455
8627,2022-02-25 05:02:56,518152,17.096035480499268
8628,2022-02-25 06:02:15,518152,17.08877444267273
8629,2022-02-25 06:02:28,518152,17.25943922996521
8630,2022-02-25 06:02:28,518152,17.316501140594482
8631,2022-02-25 07:02:25,518152,16.99129581451416
8632,2022-02-25 06:02:51,518153,17.064216136932373
8633,2022-02-25 08:02:10,518153,17.056684494018555
8634,2022-02-25 07:02:13,518155,17.13590979576111
8635,2022-02-25 08:02:49,518158,17.093424797058105
8636,2022-02-25 09:02:35,518158,17.17558741569519
8637,2022-02-25 10:02:10,518158,16.914384365081787
8638,2022-02-25 10:02:20,518158,16.887272596359253
8639,2022-02-25 09:02:39,518159,17.05381155014038
8640,2022-02-25 10:02:55,518159,16.930476427078247
8641,2022-02-25 10:02:33,518161,17.095519304275513
8642,2022-02-25 11:02:26,518161,17.03608512878418
8643,2022-02-25 11:02:21,518162,17.174164056777954
8644,2022-02-26 12:02:29,518162,17.28878617286682
8645,2022-02-25 11:02:15,518163,17.047609090805054
8646,2022-02-26 01:02:22,518163,17.12831974029541
8647,2022-02-26 12:02:59,518163,17.041261196136475
8648,2022-02-26 02:02:25,518168,17.26057529449463
8649,2022-02-26 05:02:15,518168,16.96931481361389
8650,2022-02-26 06:02:11,518168,17.05675959587097
8651,2022-02-26 06:02:53,518168,17.21897006034851
8652,2022-02-26 06:02:17,518170,17.16516375541687
8653,2022-02-27 04:02:14,518170,16.90587282180786
8654,2022-02-27 05:02:45,518170,17.22876787185669
8655,2022-02-28 05:02:08,518171,17.200506925582886
8656,2022-02-28 05:02:20,518171,17.169514894485474
8657,2022-02-28 05:02:36,518171,16.966174840927124
8658,2022-02-28 06:02:38,518171,17.201675176620483
8659,2022-02-28 06:02:40,518171,17.030006647109985
8660,2022-02-28 06:02:55,518171,17.220990657806396
8661,2022-02-28 07:02:04,518171,17.081925868988037
8662,2022-02-28 08:02:59,518171,16.840856075286865
8663,2022-02-28 01:02:03,518173,17.10631251335144
8664,2022-02-28 01:02:34,518173,16.796408891677856
8665,2022-02-28 01:02:38,518173,17.144908905029297
8666,2022-02-28 01:02:45,518173,16.749441623687744
8667,2022-02-28 01:02:47,518173,16.768198013305664
8668,2022-02-28 02:02:49,518173,17.113118171691895
8669,2022-02-28 11:02:31,518173,17.292064428329468
8670,2022-02-28 12:02:55,518173,17.190555334091187
8671,2022-02-28 01:02:11,518174,17.206000089645386
8672,2022-02-28 01:02:53,518174,16.876368522644043
8673,2022-02-28 02:02:36,518174,17.07233190536499
8674,2022-02-28 02:02:37,518174,17.139171361923218
8675,2022-02-28 02:02:56,518174,17.289706468582153
8676,2022-02-28 03:02:33,518174,17.00186252593994
8677,2022-02-28 02:02:07,518175,17.09876298904419
8678,2022-02-28 03:02:34,518175,16.866461038589478
8679,2022-02-28 03:02:59,518175,17.163890600204468
8680,2022-02-28 04:02:41,518175,17.02241063117981
8681,2022-02-28 05:02:13,518175,17.046961784362793
8682,2022-02-28 05:02:27,518175,17.00950860977173
8683,2022-02-28 05:02:31,518175,17.26418972015381
8684,2022-02-28 05:02:43,518175,17.219631671905518
8685,2022-02-28 05:02:43,518175,16.93244457244873
8686,2022-02-28 06:02:38,518175,17.220269441604614
8687,2022-02-28 06:02:46,518175,17.26994037628174
8688,2022-02-28 06:02:58,518175,17.119537591934204
8689,2022-02-28 07:02:25,518175,17.04507827758789
8690,2022-02-28 07:02:51,518175,17.22363591194153
8691,2022-02-28 07:02:23,518177,17.11700439453125
8692,2022-02-28 08:02:32,518177,16.529680490493774
8693,2022-02-28 08:02:58,518177,17.054471969604492
8694,2022-02-28 09:02:14,518177,17.321572303771973
8695,2022-02-28 09:02:22,518181,16.98373317718506
8696,2022-02-28 09:02:39,518181,17.145873308181763
8697,2022-02-28 10:02:21,518181,16.994856595993042
8698,2022-02-28 10:02:37,518181,16.968055963516235
8699,2022-02-28 11:02:33,518182,17.170339822769165