index_1based,timestamp,sut_version,value
1,2021-09-01 12:09:33,515218,3114.7890090942383
2,2021-09-01 01:09:26,515219,3179.3510913848877
3,2021-09-01 01:09:51,515219,3082.3261737823486
4,2021-09-01 02:09:05,515219,3054.4509887695312
5,2021-09-01 02:09:43,515219,3177.9239177703857
6,2021-09-01 12:09:04,515219,3039.3409729003906
7,2021-09-01 12:09:23,515219,3020.2999114990234
8,2021-09-01 12:09:41,515219,2997.878074645996
9,2021-09-01 03:09:43,515220,3072.587013244629
10,2021-09-01 04:09:29,515220,3244.935989379883
11,2021-09-01 04:09:57,515220,3257.755994796753
12,2021-09-01 05:09:20,515220,3155.593156814575
13,2021-09-01 06:09:44,515220,3226.383924484253
14,2021-09-01 07:09:56,515220,3085.4270458221436
15,2021-09-01 08:09:36,515222,3162.921905517578
16,2021-09-01 01:09:03,515224,3110.236883163452
17,2021-09-01 01:09:11,515224,3223.818063735962
18,2021-09-01 01:09:20,515224,3170.253038406372
19,2021-09-01 01:09:46,515224,3132.9150199890137
20,2021-09-01 01:09:56,515224,3216.541051864624
21,2021-09-01 02:09:09,515224,3074.0740299224854
22,2021-09-01 02:09:42,515224,3066.288948059082
23,2021-09-01 10:09:04,515224,3060.616970062256
24,2021-09-01 10:09:54,515224,3262.1419429779053
25,2021-09-01 11:09:01,515224,3026.8189907073975
26,2021-09-01 11:09:08,515224,3488.123893737793
27,2021-09-01 11:09:11,515224,2996.962070465088
28,2021-09-01 11:09:51,515224,3167.7329540252686
29,2021-09-01 12:09:04,515224,3170.1579093933105
30,2021-09-01 12:09:05,515224,3166.1081314086914
31,2021-09-01 12:09:17,515224,3103.8269996643066
32,2021-09-01 12:09:26,515224,3088.1330966949463
33,2021-09-01 12:09:31,515224,3045.0639724731445
34,2021-09-01 12:09:50,515224,3095.010995864868
35,2021-09-01 01:09:24,515225,3096.885919570923
36,2021-09-01 01:09:31,515225,3192.556858062744
37,2021-09-01 01:09:49,515225,3177.39200592041
38,2021-09-01 02:09:22,515225,3130.016088485718
39,2021-09-01 02:09:41,515225,3168.64013671875
40,2021-09-01 03:09:36,515228,3123.35205078125
41,2021-09-01 04:09:06,515228,3141.7019367218018
42,2021-09-01 04:09:50,515230,3110.45503616333
43,2021-09-01 05:09:11,515230,3071.4640617370605
44,2021-09-01 09:09:31,515238,3056.285858154297
45,2021-09-01 10:09:01,515238,3157.4079990386963
46,2021-09-01 11:09:54,515240,3148.03409576416
47,2021-09-02 05:09:21,515242,3123.5029697418213
48,2021-09-02 05:09:31,515242,3050.9819984436035
49,2021-09-02 05:09:52,515242,3133.0618858337402
50,2021-09-02 06:09:17,515242,3151.005983352661
51,2021-09-02 07:09:23,515242,3092.771053314209
52,2021-09-02 07:09:47,515242,3237.38694190979
53,2021-09-02 08:09:06,515243,3230.720043182373
54,2021-09-02 09:09:14,515243,3152.9340744018555
55,2021-09-02 09:09:31,515243,3168.803930282593
56,2021-09-02 09:09:45,515243,3105.5121421813965
57,2021-09-02 11:09:19,515243,3053.187847137451
58,2021-09-02 11:09:34,515243,3000.728130340576
59,2021-09-02 12:09:13,515243,3199.910879135132
60,2021-09-02 01:09:06,515244,3030.129909515381
61,2021-09-02 01:09:09,515244,3085.097074508667
62,2021-09-02 01:09:15,515244,3140.2018070220947
63,2021-09-02 01:09:17,515244,3212.570905685425
64,2021-09-02 01:09:28,515244,3105.046033859253
65,2021-09-02 11:09:52,515244,3171.220064163208
66,2021-09-02 12:09:01,515244,3002.491235733032
67,2021-09-02 12:09:07,515244,3094.651937484741
68,2021-09-02 12:09:11,515244,3223.726987838745
69,2021-09-02 12:09:41,515244,3233.8850498199463
70,2021-09-02 02:09:59,515246,3100.3928184509277
71,2021-09-02 03:09:46,515246,3329.2949199676514
72,2021-09-02 03:09:47,515246,3155.8377742767334
73,2021-09-02 03:09:53,515246,3064.357042312622
74,2021-09-02 02:09:37,515247,3256.031036376953
75,2021-09-02 03:09:56,515248,3092.3829078674316
76,2021-09-02 04:09:04,515248,3161.5149974823
77,2021-09-02 05:09:01,515251,3212.3610973358154
78,2021-09-02 05:09:22,515251,3110.1927757263184
79,2021-09-02 06:09:26,515251,3111.7501258850098
80,2021-09-02 07:09:47,515251,3010.9078884124756
81,2021-09-02 06:09:16,515252,3103.1999588012695
82,2021-09-02 07:09:40,515254,3234.0500354766846
83,2021-09-02 08:09:51,515254,3026.618003845215
84,2021-09-02 08:09:50,515257,3279.276132583618
85,2021-09-02 09:09:35,515257,3113.4259700775146
86,2021-09-03 01:09:40,515260,3064.7799968719482
87,2021-09-03 02:09:12,515260,3128.3209323883057
88,2021-09-03 12:09:09,515260,3245.6300258636475
89,2021-09-03 12:09:42,515260,3143.0089473724365
90,2021-09-03 05:09:26,515262,3112.920045852661
91,2021-09-03 07:09:51,515262,3032.0780277252197
92,2021-09-03 09:09:15,515263,3248.1281757354736
93,2021-09-03 09:09:22,515263,3162.4069213867188
94,2021-09-03 09:09:27,515263,3253.730058670044
95,2021-09-03 09:09:55,515263,3167.15407371521
96,2021-09-03 10:09:04,515263,3202.9011249542236
97,2021-09-03 10:09:09,515263,3284.040927886963
98,2021-09-03 09:09:47,515264,3066.559076309204
99,2021-09-03 10:09:24,515264,3007.4830055236816
100,2021-09-03 01:09:06,515265,3068.521022796631
101,2021-09-03 12:09:25,515265,3342.4830436706543
102,2021-09-03 01:09:28,515266,3224.210023880005
103,2021-09-03 02:09:25,515266,3140.5248641967773
104,2021-09-03 03:09:28,515266,2992.75803565979
105,2021-09-03 03:09:34,515266,3076.338052749634
106,2021-09-03 12:09:47,515266,3026.1151790618896
107,2021-09-03 03:09:11,515268,3022.9339599609375
108,2021-09-03 03:09:51,515268,3078.3851146698
109,2021-09-03 04:09:09,515268,3108.3459854125977
110,2021-09-03 04:09:56,515269,3092.942953109741
111,2021-09-03 05:09:33,515272,3044.080972671509
112,2021-09-03 06:09:27,515272,3180.321216583252
113,2021-09-03 10:09:19,515275,3099.4369983673096
114,2021-09-03 11:09:09,515277,3232.71107673645
115,2021-09-03 11:09:10,515277,3177.5619983673096
116,2021-09-04 01:09:00,515277,3044.51584815979
117,2021-09-04 01:09:04,515277,3038.5799407958984
118,2021-09-04 01:09:50,515277,3034.7208976745605
119,2021-09-04 02:09:02,515277,3288.5851860046387
120,2021-09-04 12:09:08,515277,3188.2359981536865
121,2021-09-04 12:09:24,515277,3291.2111282348633
122,2021-09-04 02:09:46,515278,3007.934093475342
123,2021-09-04 03:09:17,515278,3267.009973526001
124,2021-09-04 05:09:02,515279,3091.0980701446533
125,2021-09-04 05:09:35,515279,3254.6849250793457
126,2021-09-04 06:09:11,515279,3127.5289058685303
127,2021-09-04 10:09:08,515281,3294.8551177978516
128,2021-09-04 11:09:32,515281,3151.4651775360107
129,2021-09-05 04:09:13,515282,3223.288059234619
130,2021-09-05 07:09:19,515282,3143.1658267974854
131,2021-09-05 08:09:02,515282,3088.012933731079
132,2021-09-05 08:09:38,515282,3194.2989826202393
133,2021-09-05 08:09:59,515282,3286.3879203796387
134,2021-09-06 01:09:05,515282,3111.624002456665
135,2021-09-06 05:09:13,515282,3254.9540996551514
136,2021-09-06 08:09:05,515282,3070.1279640197754
137,2021-09-06 08:09:19,515282,3186.167001724243
138,2021-09-06 08:09:44,515282,3236.130952835083
139,2021-09-06 09:09:02,515282,3120.2170848846436
140,2021-09-06 10:09:55,515282,3147.7651596069336
141,2021-09-06 11:09:18,515282,3171.4189052581787
142,2021-09-06 11:09:18,515282,3234.147071838379
143,2021-09-06 11:09:35,515282,3202.1639347076416
144,2021-09-06 11:09:52,515282,3265.565872192383
145,2021-09-06 12:09:37,515282,3101.059913635254
146,2021-09-06 12:09:50,515282,3077.720880508423
147,2021-09-06 01:09:21,515283,3057.2991371154785
148,2021-09-06 02:09:12,515283,3256.3719749450684
149,2021-09-06 02:09:47,515283,2960.45184135437
150,2021-09-06 12:09:01,515283,3336.552858352661
151,2021-09-06 01:09:46,515284,3081.7079544067383
152,2021-09-06 02:09:26,515284,3052.536964416504
153,2021-09-06 01:09:21,515285,3276.0848999023438
154,2021-09-06 03:09:24,515286,3021.3370323181152
155,2021-09-06 03:09:49,515286,3196.229934692383
156,2021-09-06 03:09:58,515286,3195.3978538513184
157,2021-09-06 04:09:11,515286,3004.481792449951
158,2021-09-06 04:09:14,515286,3176.121950149536
159,2021-09-06 04:09:17,515286,3112.7688884735107
160,2021-09-06 06:09:12,515290,3098.2489585876465
161,2021-09-06 06:09:28,515290,3049.813985824585
162,2021-09-06 06:09:39,515290,3296.926975250244
163,2021-09-06 07:09:42,515290,3185.4279041290283
164,2021-09-06 07:09:46,515290,3082.0670127868652
165,2021-09-06 07:09:59,515291,3024.631977081299
166,2021-09-06 08:09:28,515291,3308.842897415161
167,2021-09-06 08:09:34,515292,3305.7541847229004
168,2021-09-06 09:09:17,515292,3123.8150596618652
169,2021-09-06 08:09:43,515293,3132.7810287475586
170,2021-09-06 09:09:42,515293,3266.4990425109863
171,2021-09-06 09:09:21,515294,3257.9379081726074
172,2021-09-06 09:09:25,515294,3161.1328125
173,2021-09-06 09:09:37,515294,3149.4839191436768
174,2021-09-06 10:09:09,515294,3117.2640323638916
175,2021-09-06 10:09:57,515294,3046.372890472412
176,2021-09-06 10:09:36,515295,3215.94500541687
177,2021-09-06 11:09:22,515295,3186.6989135742188
178,2021-09-06 11:09:42,515295,3108.7779998779297
179,2021-09-07 12:09:57,515295,3237.6739978790283
180,2021-09-07 01:09:05,515296,3218.411922454834
181,2021-09-07 12:09:02,515296,3331.7971229553223
182,2021-09-07 02:09:02,515297,3052.933931350708
183,2021-09-07 04:09:02,515303,3047.2400188446045
184,2021-09-07 05:09:08,515304,3172.307014465332
185,2021-09-07 06:09:10,515304,2996.4170455932617
186,2021-09-07 06:09:53,515304,3102.614164352417
187,2021-09-07 08:09:27,515304,3115.718126296997
188,2021-09-07 08:09:56,515304,3117.7501678466797
189,2021-09-07 10:09:05,515308,3192.3210620880127
190,2021-09-07 10:09:47,515308,3080.054998397827
191,2021-09-07 11:09:14,515308,3106.7121028900146
192,2021-09-07 11:09:32,515308,3141.7272090911865
193,2021-09-07 01:09:16,515309,3022.8960514068604
194,2021-09-07 01:09:35,515309,3192.1210289001465
195,2021-09-07 01:09:40,515309,3174.527883529663
196,2021-09-07 01:09:59,515309,3149.4221687316895
197,2021-09-07 02:09:19,515309,3061.034917831421
198,2021-09-07 02:09:24,515309,3112.082004547119
199,2021-09-07 12:09:28,515309,3200.9589672088623
200,2021-09-07 02:09:18,515310,3134.4220638275146
201,2021-09-07 02:09:35,515310,3238.801956176758
202,2021-09-07 02:09:20,515311,3286.4389419555664
203,2021-09-07 02:09:55,515311,3298.4578609466553
204,2021-09-07 03:09:17,515311,3292.633056640625
205,2021-09-07 03:09:30,515311,3039.3929481506348
206,2021-09-07 03:09:42,515311,3035.9411239624023
207,2021-09-07 04:09:02,515311,3152.1098613739014
208,2021-09-07 04:09:45,515311,3185.804843902588
209,2021-09-07 04:09:21,515313,3367.5758838653564
210,2021-09-07 05:09:16,515313,3145.534038543701
211,2021-09-07 05:09:57,515313,3109.6880435943604
212,2021-09-07 06:09:17,515313,3189.167022705078
213,2021-09-07 06:09:38,515313,3134.64093208313
214,2021-09-07 07:09:12,515313,3130.2120685577393
215,2021-09-07 07:09:34,515313,3162.040948867798
216,2021-09-07 07:09:46,515313,3284.885883331299
217,2021-09-07 07:09:57,515313,3180.91082572937
218,2021-09-07 08:09:29,515313,2930.3221702575684
219,2021-09-07 07:09:28,515314,3106.1148643493652
220,2021-09-07 08:09:15,515314,2979.3708324432373
221,2021-09-07 08:09:41,515314,3227.961778640747
222,2021-09-07 08:09:58,515314,3146.470069885254
223,2021-09-07 09:09:21,515314,3029.984951019287
224,2021-09-07 10:09:21,515314,3039.689064025879
225,2021-09-07 10:09:23,515314,3130.7270526885986
226,2021-09-07 11:09:22,515317,3201.986074447632
227,2021-09-08 12:09:50,515317,3259.989023208618
228,2021-09-08 01:09:15,515318,3295.26686668396
229,2021-09-08 01:09:47,515318,3136.352062225342
230,2021-09-08 01:09:51,515318,3105.668067932129
231,2021-09-08 02:09:08,515318,3146.2268829345703
232,2021-09-08 02:09:13,515318,3055.7470321655273
233,2021-09-08 02:09:20,515318,3237.2350692749023
234,2021-09-08 02:09:36,515318,3124.24898147583
235,2021-09-08 05:09:11,515318,3323.8401412963867
236,2021-09-08 06:09:04,515318,3224.514961242676
237,2021-09-08 06:09:16,515318,3039.249897003174
238,2021-09-08 06:09:31,515318,3175.2729415893555
239,2021-09-08 06:09:51,515318,3178.5690784454346
240,2021-09-08 07:09:05,515318,3164.741039276123
241,2021-09-08 07:09:22,515318,3124.692916870117
242,2021-09-08 07:09:29,515318,3015.9759521484375
243,2021-09-08 08:09:22,515318,3111.8810176849365
244,2021-09-08 08:09:34,515318,3123.2259273529053
245,2021-09-08 08:09:46,515318,3175.441026687622
246,2021-09-08 10:09:24,515318,3223.8430976867676
247,2021-09-08 11:09:04,515318,3228.6767959594727
248,2021-09-08 11:09:14,515318,3135.232925415039
249,2021-09-08 11:09:41,515318,3362.4069690704346
250,2021-09-08 11:09:42,515318,3140.5391693115234
251,2021-09-08 11:09:45,515318,3331.8541049957275
252,2021-09-08 11:09:49,515318,3166.440010070801
253,2021-09-08 12:09:15,515318,3113.1339073181152
254,2021-09-08 12:09:22,515318,3047.919988632202
255,2021-09-08 12:09:34,515318,3220.348119735718
256,2021-09-08 12:09:41,515318,3246.767044067383
257,2021-09-08 12:09:42,515318,3102.979898452759
258,2021-09-08 12:09:55,515318,3012.7909183502197
259,2021-09-08 02:09:22,515320,3193.9399242401123
260,2021-09-08 02:09:36,515320,3207.9999446868896
261,2021-09-08 02:09:16,515321,3217.2298431396484
262,2021-09-08 02:09:18,515321,3179.6350479125977
263,2021-09-08 02:09:19,515321,3224.7231006622314
264,2021-09-08 02:09:50,515321,3204.1358947753906
265,2021-09-08 03:09:24,515321,3265.233039855957
266,2021-09-08 03:09:56,515321,3216.9039249420166
267,2021-09-08 04:09:01,515321,3245.8739280700684
268,2021-09-08 04:09:37,515321,3219.761848449707
269,2021-09-08 04:09:07,515323,3220.2091217041016
270,2021-09-08 04:09:55,515323,3128.131866455078
271,2021-09-08 05:09:20,515323,3213.909864425659
272,2021-09-08 04:09:19,515324,3068.2458877563477
273,2021-09-08 05:09:53,515324,3223.036050796509
274,2021-09-08 05:09:58,515324,3099.0519523620605
275,2021-09-08 06:09:04,515325,3310.86802482605
276,2021-09-08 09:09:29,515325,3297.8949546813965
277,2021-09-08 10:09:02,515325,3128.213882446289
278,2021-09-08 10:09:18,515325,3260.4379653930664
279,2021-09-08 10:09:27,515325,3226.253032684326
280,2021-09-08 10:09:33,515325,3046.1039543151855
281,2021-09-08 11:09:17,515325,3128.702163696289
282,2021-09-08 11:09:18,515325,3144.7339057922363
283,2021-09-09 12:09:33,515325,3166.588068008423
284,2021-09-09 12:09:39,515325,3187.8929138183594
285,2021-09-08 11:09:05,515326,3140.617847442627
286,2021-09-08 11:09:19,515326,3231.2591075897217
287,2021-09-09 12:09:19,515326,3104.094982147217
288,2021-09-08 11:09:31,515327,3182.111978530884
289,2021-09-09 01:09:12,515327,3222.092866897583
290,2021-09-09 02:09:11,515334,3202.178955078125
291,2021-09-09 02:09:59,515335,3291.4960384368896
292,2021-09-09 04:09:29,515335,3247.8530406951904
293,2021-09-09 03:09:02,515336,3112.6441955566406
294,2021-09-09 03:09:25,515336,3102.8919219970703
295,2021-09-09 04:09:02,515336,3248.3150959014893
296,2021-09-09 05:09:23,515336,3180.5429458618164
297,2021-09-09 05:09:37,515336,3096.5380668640137
298,2021-09-09 05:09:51,515337,3186.2828731536865
299,2021-09-09 07:09:56,515337,3329.5440673828125
300,2021-09-09 07:09:48,515338,3283.9629650115967
301,2021-09-09 01:09:15,515341,3182.5640201568604
302,2021-09-09 09:09:04,515341,3019.7830200195312
303,2021-09-09 09:09:33,515341,3112.85400390625
304,2021-09-09 09:09:35,515341,3082.211971282959
305,2021-09-09 10:09:17,515341,3167.8779125213623
306,2021-09-09 10:09:22,515341,3145.4238891601562
307,2021-09-09 11:09:03,515341,3217.7488803863525
308,2021-09-09 11:09:12,515341,3068.7310695648193
309,2021-09-09 11:09:17,515341,3108.441114425659
310,2021-09-09 11:09:21,515341,3108.3109378814697
311,2021-09-09 11:09:58,515341,3071.9900131225586
312,2021-09-09 12:09:00,515341,3121.5450763702393
313,2021-09-09 12:09:22,515341,3090.1939868927
314,2021-09-09 12:09:31,515341,3108.9398860931396
315,2021-09-09 12:09:58,515341,3233.379125595093
316,2021-09-09 01:09:01,515342,3168.3218479156494
317,2021-09-09 02:09:04,515342,3107.4399948120117
318,2021-09-09 03:09:53,515344,3094.621181488037
319,2021-09-09 04:09:18,515344,3047.139883041382
320,2021-09-09 04:09:34,515344,3133.443832397461
321,2021-09-09 04:09:38,515344,3191.3440227508545
322,2021-09-09 05:09:03,515344,3099.7519493103027
323,2021-09-09 05:09:30,515345,3059.3619346618652
324,2021-09-09 06:09:53,515345,3259.971857070923
325,2021-09-09 07:09:06,515347,3130.584955215454
326,2021-09-09 08:09:25,515347,3065.0360584259033
327,2021-09-09 08:09:26,515348,3081.9361209869385
328,2021-09-09 10:09:00,515350,3224.6460914611816
329,2021-09-09 10:09:29,515350,3348.6058712005615
330,2021-09-09 11:09:30,515350,3189.6069049835205
331,2021-09-09 11:09:07,515351,3271.800994873047
332,2021-09-09 11:09:16,515351,3054.1698932647705
333,2021-09-09 11:09:34,515351,3211.951971054077
334,2021-09-10 01:09:07,515351,3362.9300594329834
335,2021-09-10 01:09:18,515351,2997.11012840271
336,2021-09-10 01:09:22,515351,3133.9030265808105
337,2021-09-10 01:09:58,515351,3103.834867477417
338,2021-09-10 12:09:08,515351,3137.392997741699
339,2021-09-10 12:09:21,515351,3150.303840637207
340,2021-09-10 12:09:32,515351,3197.556972503662
341,2021-09-10 01:09:58,515352,3148.1950283050537
342,2021-09-10 12:09:07,515352,3053.1399250030518
343,2021-09-10 12:09:32,515352,3185.565948486328
344,2021-09-10 12:09:37,515352,3169.818878173828
345,2021-09-10 02:09:44,515356,3106.821060180664
346,2021-09-10 03:09:42,515356,3013.5750770568848
347,2021-09-10 03:09:47,515356,3173.0151176452637
348,2021-09-10 03:09:57,515356,3202.791929244995
349,2021-09-10 04:09:01,515356,3181.9591522216797
350,2021-09-10 04:09:29,515357,3011.254072189331
351,2021-09-10 05:09:21,515357,3118.8228130340576
352,2021-09-10 05:09:14,515358,3066.9209957122803
353,2021-09-10 06:09:23,515358,3175.150156021118
354,2021-09-10 06:09:34,515362,3207.413911819458
355,2021-09-10 07:09:51,515362,3142.0938968658447
356,2021-09-10 06:09:06,515364,3157.766819000244
357,2021-09-10 07:09:34,515364,3165.771961212158
358,2021-09-10 08:09:54,515364,3315.147876739502
359,2021-09-10 01:09:00,515366,3156.010150909424
360,2021-09-10 01:09:05,515366,3178.6699295043945
361,2021-09-10 01:09:24,515366,3150.9928703308105
362,2021-09-10 01:09:26,515366,3196.3951587677
363,2021-09-10 01:09:46,515366,3211.0040187835693
364,2021-09-10 01:09:53,515366,3120.082139968872
365,2021-09-10 01:09:57,515366,3094.5889949798584
366,2021-09-10 02:09:03,515366,3194.390058517456
367,2021-09-10 02:09:05,515366,3255.7930946350098
368,2021-09-10 02:09:22,515366,3154.176950454712
369,2021-09-10 02:09:33,515366,3174.2351055145264
370,2021-09-10 02:09:34,515366,3162.2719764709473
371,2021-09-10 02:09:43,515366,3035.799026489258
372,2021-09-10 03:09:18,515366,3191.633939743042
373,2021-09-10 03:09:50,515366,3156.7208766937256
374,2021-09-10 03:09:58,515366,3052.9768466949463
375,2021-09-10 04:09:33,515366,3115.58198928833
376,2021-09-10 04:09:50,515366,3129.6188831329346
377,2021-09-10 08:09:25,515366,3216.9148921966553
378,2021-09-10 09:09:48,515366,3134.7169876098633
379,2021-09-10 09:09:50,515366,3158.7889194488525
380,2021-09-10 10:09:13,515366,3303.9259910583496
381,2021-09-10 10:09:21,515366,3206.1188220977783
382,2021-09-10 10:09:49,515366,3113.2888793945312
383,2021-09-10 10:09:52,515366,3241.335868835449
384,2021-09-10 02:09:23,515367,3182.8999519348145
385,2021-09-10 02:09:48,515367,3034.7070693969727
386,2021-09-10 02:09:51,515367,3219.2461490631104
387,2021-09-10 03:09:31,515367,3066.2739276885986
388,2021-09-10 04:09:42,515367,3045.5050468444824
389,2021-09-10 03:09:57,515368,3224.4551181793213
390,2021-09-10 04:09:12,515368,3212.2890949249268
391,2021-09-10 04:09:38,515369,3195.9149837493896
392,2021-09-10 06:09:02,515369,2939.9189949035645
393,2021-09-10 05:09:20,515371,3163.884162902832
394,2021-09-10 06:09:46,515371,3173.1691360473633
395,2021-09-10 05:09:33,515373,3166.1481857299805
396,2021-09-13 04:09:12,515375,3221.435070037842
397,2021-09-13 05:09:20,515375,3200.886011123657
398,2021-09-10 09:09:41,515377,3280.550956726074
399,2021-09-10 10:09:15,515377,3254.534959793091
400,2021-09-10 11:09:35,515378,3084.3729972839355
401,2021-09-10 11:09:51,515379,3359.2491149902344
402,2021-09-11 12:09:34,515379,3293.7839031219482
403,2021-09-11 12:09:47,515379,3346.628189086914
404,2021-09-11 01:09:22,515380,3091.6969776153564
405,2021-09-11 01:09:55,515380,3070.1701641082764
406,2021-09-11 12:09:48,515380,3379.4729709625244
407,2021-09-11 01:09:16,515381,3216.693878173828
408,2021-09-11 01:09:48,515381,3304.16202545166
409,2021-09-11 02:09:03,515381,3075.291872024536
410,2021-09-13 04:09:02,515381,3319.5738792419434
411,2021-09-13 05:09:09,515381,3201.6069889068604
412,2021-09-13 09:09:21,515381,3111.912965774536
413,2021-09-13 09:09:22,515381,3205.188035964966
414,2021-09-13 06:09:20,515382,3327.755928039551
415,2021-09-13 07:09:41,515382,3107.748031616211
416,2021-09-11 02:09:30,515385,3121.1400032043457
417,2021-09-11 06:09:04,515387,3187.648057937622
418,2021-09-11 01:09:06,515388,3112.015962600708
419,2021-09-11 01:09:09,515388,3184.0810775756836
420,2021-09-11 01:09:35,515388,3056.9589138031006
421,2021-09-11 12:09:51,515388,3292.809009552002
422,2021-09-11 08:09:11,515389,3191.765069961548
423,2021-09-11 09:09:18,515389,3225.7468700408936
424,2021-09-11 09:09:46,515389,3226.555109024048
425,2021-09-11 09:09:57,515389,3176.090955734253
426,2021-09-12 05:09:15,515390,3307.123899459839
427,2021-09-12 03:09:49,515391,3048.9048957824707
428,2021-09-13 04:09:54,515391,2999.4637966156006
429,2021-09-13 05:09:00,515391,3177.5569915771484
430,2021-09-13 05:09:11,515391,3126.4429092407227
431,2021-09-13 05:09:58,515391,3082.5908184051514
432,2021-09-13 06:09:15,515391,3096.812963485718
433,2021-09-13 06:09:18,515391,3130.581855773926
434,2021-09-13 06:09:46,515391,3260.201930999756
435,2021-09-13 06:09:50,515391,3032.317876815796
436,2021-09-13 07:09:24,515391,3207.0891857147217
437,2021-09-13 07:09:57,515391,3194.707155227661
438,2021-09-13 08:09:04,515391,3140.0279998779297
439,2021-09-13 08:09:22,515391,3215.001106262207
440,2021-09-13 09:09:04,515391,3077.5229930877686
441,2021-09-13 09:09:41,515391,3171.9658374786377
442,2021-09-13 01:09:04,515393,3078.019142150879
443,2021-09-13 01:09:10,515393,3221.8258380889893
444,2021-09-13 10:09:16,515393,3085.987091064453
445,2021-09-13 11:09:13,515393,3301.642894744873
446,2021-09-13 11:09:20,515393,3053.133964538574
447,2021-09-13 01:09:04,515394,3150.1259803771973
448,2021-09-13 01:09:54,515394,3175.0800609588623
449,2021-09-13 11:09:11,515394,3178.9309978485107
450,2021-09-13 11:09:48,515394,3118.318796157837
451,2021-09-14 09:09:22,515394,2949.540853500366
452,2021-09-14 09:09:37,515394,3152.6830196380615
453,2021-09-14 12:09:26,515394,3087.8820419311523
454,2021-09-14 12:09:30,515394,3254.8580169677734
455,2021-09-14 12:09:53,515394,3002.6538372039795
456,2021-09-13 01:09:29,515396,3129.8580169677734
457,2021-09-14 11:09:09,515396,3116.956949234009
458,2021-09-14 11:09:10,515396,3168.0569648742676
459,2021-09-14 11:09:21,515396,3219.512939453125
460,2021-09-14 12:09:57,515396,3253.142833709717
461,2021-09-14 01:09:16,515397,3258.0270767211914
462,2021-09-14 02:09:13,515397,3183.116912841797
463,2021-09-14 08:09:37,515397,3165.278911590576
464,2021-09-14 08:09:40,515397,3165.492057800293
465,2021-09-14 11:09:30,515397,3226.6619205474854
466,2021-09-14 11:09:54,515397,3187.3269081115723
467,2021-09-13 02:09:26,515398,3107.815980911255
468,2021-09-14 07:09:11,515398,3143.6309814453125
469,2021-09-14 11:09:46,515398,3134.5608234405518
470,2021-09-14 09:09:56,515399,3174.931049346924
471,2021-09-14 12:09:03,515399,3154.8380851745605
472,2021-09-14 12:09:36,515399,3172.672986984253
473,2021-09-14 12:09:57,515399,3130.5389404296875
474,2021-09-14 11:09:05,515401,3260.029077529907
475,2021-09-14 12:09:54,515401,3236.7780208587646
476,2021-09-14 01:09:01,515403,3153.5677909851074
477,2021-09-14 01:09:05,515403,3133.012056350708
478,2021-09-14 02:09:11,515403,3172.168016433716
479,2021-09-14 03:09:22,515403,3161.947011947632
480,2021-09-14 03:09:35,515403,3273.4498977661133
481,2021-09-14 03:09:45,515403,3088.7720584869385
482,2021-09-14 03:09:47,515403,2983.881950378418
483,2021-09-14 03:09:56,515403,3259.1640949249268
484,2021-09-14 03:09:59,515403,3144.674062728882
485,2021-09-14 05:09:27,515403,3185.230016708374
486,2021-09-14 06:09:09,515403,2998.5570907592773
487,2021-09-14 06:09:19,515403,3052.1891117095947
488,2021-09-14 08:09:28,515403,3270.2319622039795
489,2021-09-14 08:09:44,515403,3211.87686920166
490,2021-09-14 09:09:10,515403,3146.796941757202
491,2021-09-14 09:09:30,515403,3239.8369312286377
492,2021-09-14 11:09:18,515403,3195.9550380706787
493,2021-09-14 11:09:21,515403,3139.0838623046875
494,2021-09-14 11:09:52,515403,3199.873924255371
495,2021-09-14 12:09:03,515403,3050.9068965911865
496,2021-09-14 12:09:06,515403,3219.691038131714
497,2021-09-14 12:09:41,515403,3164.5660400390625
498,2021-09-14 12:09:49,515403,3098.984956741333
499,2021-09-14 12:09:53,515403,3223.4950065612793
500,2021-09-14 12:09:57,515403,3245.799779891968
501,2021-09-14 12:09:58,515403,2985.6460094451904
502,2021-09-15 10:09:07,515403,3192.271947860718
503,2021-09-15 10:09:39,515403,3085.4649543762207
504,2021-09-14 05:09:24,515405,3086.7910385131836
505,2021-09-14 05:09:52,515405,3256.7930221557617
506,2021-09-14 06:09:22,515405,3228.008031845093
507,2021-09-14 06:09:45,515405,3257.997989654541
508,2021-09-14 06:09:54,515405,3194.0319538116455
509,2021-09-14 07:09:56,515405,3183.548927307129
510,2021-09-14 07:09:58,515405,3053.3270835876465
511,2021-09-14 08:09:02,515405,3297.032117843628
512,2021-09-14 08:09:11,515405,3302.79278755188
513,2021-09-14 08:09:19,515405,3118.274211883545
514,2021-09-14 08:09:23,515405,3033.6999893188477
515,2021-09-14 08:09:54,515405,3116.92214012146
516,2021-09-14 09:09:27,515405,3258.4259510040283
517,2021-09-14 08:09:13,515406,3262.7151012420654
518,2021-09-14 09:09:10,515406,3200.222969055176
519,2021-09-14 09:09:23,515406,3248.267889022827
520,2021-09-14 09:09:25,515406,3334.512948989868
521,2021-09-14 09:09:43,515406,3134.307861328125
522,2021-09-14 09:09:47,515406,3291.490077972412
523,2021-09-14 10:09:13,515406,3173.3009815216064
524,2021-09-14 10:09:29,515406,3082.587957382202
525,2021-09-14 10:09:46,515406,3098.8550186157227
526,2021-09-14 10:09:56,515406,3256.528854370117
527,2021-09-14 11:09:06,515406,3244.8248863220215
528,2021-09-14 11:09:17,515406,3183.439016342163
529,2021-09-14 11:09:21,515406,2994.745969772339
530,2021-09-14 11:09:23,515406,3310.230016708374
531,2021-09-14 11:09:30,515406,3163.2490158081055
532,2021-09-14 11:09:50,515406,3302.790880203247
533,2021-09-15 12:09:03,515406,3091.3689136505127
534,2021-09-15 12:09:35,515406,3157.5331687927246
535,2021-09-14 11:09:06,515407,3079.694986343384
536,2021-09-14 07:09:56,515409,3188.133955001831
537,2021-09-14 09:09:12,515409,2938.8821125030518
538,2021-09-14 11:09:20,515410,3211.2960815429688
539,2021-09-14 11:09:34,515410,3323.4219551086426
540,2021-09-14 11:09:35,515410,3059.321880340576
541,2021-09-14 11:09:42,515410,3211.8029594421387
542,2021-09-14 11:09:46,515410,3326.5700340270996
543,2021-09-15 12:09:07,515410,3240.731954574585
544,2021-09-15 12:09:32,515410,3110.6131076812744
545,2021-09-15 12:09:47,515410,2952.73494720459
546,2021-09-15 02:09:39,515412,3148.9949226379395
547,2021-09-15 12:09:16,515412,3254.5571327209473
548,2021-09-15 02:09:03,515415,3130.57804107666
549,2021-09-15 03:09:04,515415,3273.390054702759
550,2021-09-15 04:09:10,515415,3265.6090259552
551,2021-09-15 04:09:36,515415,2971.834897994995
552,2021-09-15 03:09:12,515416,3150.7530212402344
553,2021-09-15 03:09:18,515416,3340.1198387145996
554,2021-09-15 03:09:40,515416,3001.716136932373
555,2021-09-15 03:09:58,515416,3120.779037475586
556,2021-09-15 04:09:07,515416,2999.695062637329
557,2021-09-15 06:09:01,515416,3222.770929336548
558,2021-09-15 06:09:02,515416,3091.8169021606445
559,2021-09-15 06:09:09,515416,3168.231964111328
560,2021-09-15 06:09:11,515416,3150.876998901367
561,2021-09-15 06:09:27,515416,3197.230815887451
562,2021-09-15 06:09:58,515416,2963.7789726257324
563,2021-09-15 07:09:58,515416,3196.3021755218506
564,2021-09-15 01:09:23,515418,3196.6490745544434
565,2021-09-15 01:09:31,515418,3198.9400386810303
566,2021-09-15 02:09:16,515418,3079.245090484619
567,2021-09-15 02:09:22,515418,3156.6720008850098
568,2021-09-15 02:09:28,515418,3176.9490242004395
569,2021-09-15 02:09:57,515418,3081.39705657959
570,2021-09-15 08:09:12,515418,3100.6019115448
571,2021-09-15 08:09:57,515418,3121.371030807495
572,2021-09-15 09:09:35,515418,3166.5079593658447
573,2021-09-15 02:09:12,515420,3116.3671016693115
574,2021-09-15 05:09:40,515422,3181.7221641540527
575,2021-09-15 04:09:00,515423,3120.5458641052246
576,2021-09-15 06:09:47,515424,3205.665111541748
577,2021-09-15 07:09:10,515428,3200.3819942474365
578,2021-09-15 07:09:14,515428,3068.956136703491
579,2021-09-15 07:09:37,515428,3131.312847137451
580,2021-09-15 08:09:20,515428,3185.616970062256
581,2021-09-15 08:09:58,515428,3080.5699825286865
582,2021-09-15 08:09:15,515429,3366.144895553589
583,2021-09-15 08:09:17,515429,3086.153984069824
584,2021-09-15 09:09:29,515429,3093.996047973633
585,2021-09-15 09:09:54,515429,3274.070978164673
586,2021-09-15 09:09:10,515430,3128.577947616577
587,2021-09-15 09:09:10,515430,3217.6060676574707
588,2021-09-15 09:09:53,515431,3142.375946044922
589,2021-09-15 09:09:44,515432,3068.6540603637695
590,2021-09-16 01:09:50,515432,3230.1430702209473
591,2021-09-16 01:09:54,515434,3223.504066467285
592,2021-09-16 01:09:22,515435,3148.2651233673096
593,2021-09-16 01:09:54,515435,3070.185899734497
594,2021-09-16 01:09:15,515436,3148.545980453491
595,2021-09-16 02:09:58,515436,3134.4220638275146
596,2021-09-16 02:09:58,515436,3201.3368606567383
597,2021-09-16 02:09:05,515438,3130.831003189087
598,2021-09-16 05:09:05,515442,2959.34796333313
599,2021-09-16 05:09:08,515442,2947.9660987854004
600,2021-09-16 06:09:41,515444,3174.4208335876465
601,2021-09-16 08:09:13,515446,3251.0459423065186
602,2021-09-16 08:09:16,515446,3164.6568775177
603,2021-09-16 08:09:54,515446,3109.6279621124268
604,2021-09-16 09:09:11,515446,3001.4400482177734
605,2021-09-16 09:09:48,515446,3139.558792114258
606,2021-09-16 09:09:56,515446,3151.120901107788
607,2021-09-16 12:09:52,515446,3166.8779850006104
608,2021-09-16 01:09:18,515449,3066.0948753356934
609,2021-09-16 01:09:50,515449,3030.066967010498
610,2021-09-16 05:09:04,515449,3171.923875808716
611,2021-09-16 05:09:24,515449,3200.369119644165
612,2021-09-16 05:09:25,515449,3083.0390453338623
613,2021-09-16 05:09:29,515449,3051.6529083251953
614,2021-09-16 05:09:42,515449,3104.06494140625
615,2021-09-16 05:09:49,515449,3168.510913848877
616,2021-09-16 10:09:29,515449,3053.1420707702637
617,2021-09-16 10:09:54,515449,3018.3839797973633
618,2021-09-16 06:09:00,515451,3028.486967086792
619,2021-09-16 06:09:06,515451,3080.641984939575
620,2021-09-16 06:09:25,515451,3151.210069656372
621,2021-09-16 06:09:57,515451,3135.955810546875
622,2021-09-16 08:09:39,515451,3199.8209953308105
623,2021-09-16 08:09:53,515451,3036.454916000366
624,2021-09-16 11:09:21,515451,3182.6939582824707
625,2021-09-17 12:09:35,515451,3072.7219581604004
626,2021-09-16 09:09:03,515452,3241.8298721313477
627,2021-09-16 11:09:09,515452,3148.343086242676
628,2021-09-16 09:09:40,515453,3026.660919189453
629,2021-09-16 11:09:38,515453,3276.592016220093
630,2021-09-17 02:09:08,515453,3055.079936981201
631,2021-09-16 09:09:38,515454,3039.184093475342
632,2021-09-16 11:09:51,515455,3212.817907333374
633,2021-09-17 12:09:07,515456,3148.595094680786
634,2021-09-16 11:09:47,515457,3215.1150703430176
635,2021-09-17 12:09:29,515458,3189.175844192505
636,2021-09-17 12:09:03,515459,3186.9049072265625
637,2021-09-17 12:09:30,515460,3104.717016220093
638,2021-09-17 04:09:19,515461,3144.641160964966
639,2021-09-17 12:09:48,515461,3081.2160968780518
640,2021-09-17 04:09:28,515467,3254.7059059143066
641,2021-09-17 06:09:55,515467,3272.444009780884
642,2021-09-17 07:09:30,515469,3307.649850845337
643,2021-09-17 07:09:41,515469,3166.783094406128
644,2021-09-17 08:09:55,515469,3180.229902267456
645,2021-09-17 01:09:32,515470,3177.2549152374268
646,2021-09-17 01:09:35,515470,3248.3129501342773
647,2021-09-17 09:09:56,515470,3093.269109725952
648,2021-09-17 10:09:22,515470,3321.457862854004
649,2021-09-17 10:09:27,515470,3117.4609661102295
650,2021-09-17 11:09:01,515470,3170.4559326171875
651,2021-09-17 11:09:13,515470,3217.170000076294
652,2021-09-17 12:09:23,515470,3168.7190532684326
653,2021-09-17 12:09:28,515470,3125.9567737579346
654,2021-09-17 12:09:44,515470,3106.6160202026367
655,2021-09-17 01:09:03,515471,3125.3929138183594
656,2021-09-17 01:09:02,515472,3228.7938594818115
657,2021-09-17 01:09:40,515472,3198.436975479126
658,2021-09-17 02:09:19,515472,3267.6899433135986
659,2021-09-17 02:09:19,515472,3156.667947769165
660,2021-09-17 02:09:25,515472,3137.4738216400146
661,2021-09-17 02:09:28,515472,2965.1129245758057
662,2021-09-17 02:09:39,515472,3072.8659629821777
663,2021-09-17 03:09:07,515472,3257.469892501831
664,2021-09-17 04:09:10,515472,3293.268918991089
665,2021-09-17 04:09:26,515472,3165.7462120056152
666,2021-09-17 04:09:56,515472,3097.8190898895264
667,2021-09-17 03:09:57,515473,3153.17702293396
668,2021-09-17 04:09:11,515474,3224.835157394409
669,2021-09-17 05:09:16,515475,3155.506134033203
670,2021-09-17 05:09:37,515475,3080.5468559265137
671,2021-09-17 05:09:41,515475,3180.4990768432617
672,2021-09-17 06:09:08,515475,3077.5668621063232
673,2021-09-17 06:09:52,515475,3104.923963546753
674,2021-09-17 05:09:41,515476,3086.1499309539795
675,2021-09-17 05:09:20,515478,3162.198066711426
676,2021-09-17 05:09:38,515478,3106.022834777832
677,2021-09-17 07:09:39,515481,3223.9699363708496
678,2021-09-17 09:09:31,515481,3252.8531551361084
679,2021-09-17 09:09:57,515482,3207.1619033813477
680,2021-09-17 10:09:21,515482,3095.088005065918
681,2021-09-18 03:09:24,515487,3227.247953414917
682,2021-09-18 12:09:15,515487,3283.8189601898193
683,2021-09-18 12:09:27,515487,3138.780117034912
684,2021-09-18 01:09:26,515489,3022.336959838867
685,2021-09-18 01:09:28,515489,3195.3210830688477
686,2021-09-18 02:09:56,515491,3281.4838886260986
687,2021-09-18 03:09:00,515491,3149.3752002716064
688,2021-09-18 02:09:37,515492,3299.459218978882
689,2021-09-18 06:09:52,515499,3192.573070526123
690,2021-09-18 08:09:17,515503,3171.7019081115723
691,2021-09-18 12:09:55,515503,3025.259017944336
692,2021-09-19 01:09:07,515504,3261.1889839172363
693,2021-09-19 01:09:15,515505,3110.504150390625
694,2021-09-19 02:09:57,515505,3141.5557861328125
695,2021-09-19 08:09:52,515507,3271.1570262908936
696,2021-09-19 09:09:17,515507,3088.564157485962
697,2021-09-20 06:09:27,515507,3153.312921524048
698,2021-09-20 08:09:27,515507,3176.0380268096924
699,2021-09-20 10:09:14,515507,3245.0289726257324
700,2021-09-20 11:09:01,515507,3175.262928009033
701,2021-09-20 11:09:56,515507,3264.0509605407715
702,2021-09-20 12:09:02,515507,3167.6180362701416
703,2021-09-20 12:09:17,515507,3171.823024749756
704,2021-09-20 12:09:59,515507,3205.138921737671
705,2021-09-20 01:09:25,515508,3188.1279945373535
706,2021-09-20 01:09:50,515510,3074.432849884033
707,2021-09-20 02:09:31,515510,3180.8149814605713
708,2021-09-20 03:09:21,515510,3151.810884475708
709,2021-09-20 03:09:02,515511,3088.7651443481445
710,2021-09-20 03:09:02,515511,3196.492910385132
711,2021-09-20 03:09:07,515511,3165.1129722595215
712,2021-09-20 03:09:54,515511,3154.559850692749
713,2021-09-20 06:09:57,515511,3108.0620288848877
714,2021-09-20 07:09:05,515514,3209.91587638855
715,2021-09-20 07:09:35,515514,3099.170923233032
716,2021-09-20 08:09:17,515514,3091.007947921753
717,2021-09-20 08:09:28,515514,3168.0781841278076
718,2021-09-20 09:09:49,515514,3194.782018661499
719,2021-09-20 09:09:34,515515,3168.2779788970947
720,2021-09-21 01:09:06,515515,3258.988857269287
721,2021-09-21 07:09:21,515519,3157.5868129730225
722,2021-09-21 08:09:38,515519,3255.18798828125
723,2021-09-21 08:09:46,515519,3172.347068786621
724,2021-09-21 09:09:27,515519,3267.3861980438232
725,2021-09-21 10:09:05,515519,3206.7999839782715
726,2021-09-21 11:09:53,515519,3132.689952850342
727,2021-09-21 01:09:14,515520,3094.212055206299
728,2021-09-21 01:09:32,515520,3111.7169857025146
729,2021-09-21 02:09:03,515520,3158.447027206421
730,2021-09-21 10:09:45,515520,3200.220823287964
731,2021-09-21 02:09:27,515522,3145.271062850952
732,2021-09-21 04:09:33,515523,3301.0659217834473
733,2021-09-21 02:09:12,515524,3218.7340259552
734,2021-09-21 03:09:44,515524,2989.1610145568848
735,2021-09-21 04:09:23,515524,3016.568899154663
736,2021-09-21 05:09:06,515524,3126.6860961914062
737,2021-09-21 05:09:10,515525,3319.793939590454
738,2021-09-21 07:09:02,515525,3210.1669311523438
739,2021-09-21 06:09:48,515526,3035.3341102600098
740,2021-09-21 05:09:11,515527,3273.266077041626
741,2021-09-21 06:09:45,515528,3274.847984313965
742,2021-09-21 07:09:42,515528,3188.8198852539062
743,2021-09-21 07:09:23,515529,3144.3569660186768
744,2021-09-21 06:09:37,515530,3024.225950241089
745,2021-09-21 08:09:26,515530,3160.2160930633545
746,2021-09-21 08:09:30,515530,3157.0370197296143
747,2021-09-21 08:09:39,515530,3089.799165725708
748,2021-09-21 08:09:02,515531,3119.9419498443604
749,2021-09-21 10:09:42,515531,3162.1360778808594
750,2021-09-21 09:09:08,515532,3285.478115081787
751,2021-09-21 10:09:26,515532,3113.474130630493
752,2021-09-21 11:09:21,515536,3097.4390506744385
753,2021-09-22 02:09:01,515538,3239.752769470215
754,2021-09-22 05:09:20,515538,3254.615068435669
755,2021-09-22 06:09:15,515538,3215.325117111206
756,2021-09-22 06:09:57,515538,3197.327136993408
757,2021-09-22 07:09:57,515538,3249.2129802703857
758,2021-09-22 09:09:51,515539,3118.433952331543
759,2021-09-22 10:09:28,515539,3229.645013809204
760,2021-09-22 10:09:39,515539,3338.2439613342285
761,2021-09-22 10:09:42,515539,3276.26895904541
762,2021-09-22 10:09:54,515539,3119.525909423828
763,2021-09-22 12:09:16,515539,3084.7928524017334
764,2021-09-22 12:09:57,515540,3149.907112121582
765,2021-09-22 01:09:16,515541,3172.0829010009766
766,2021-09-22 12:09:10,515541,3167.0429706573486
767,2021-09-22 12:09:16,515541,3210.914134979248
768,2021-09-22 12:09:37,515541,3182.722806930542
769,2021-09-22 03:09:46,515543,3195.1749324798584
770,2021-09-22 03:09:48,515543,3065.207004547119
771,2021-09-22 03:09:18,515544,3207.420825958252
772,2021-09-22 04:09:07,515545,3082.442045211792
773,2021-09-22 05:09:06,515545,3230.3340435028076
774,2021-09-22 06:09:12,515546,3605.3898334503174
775,2021-09-22 07:09:48,515546,3306.2222003936768
776,2021-09-22 04:09:35,515547,3222.1548557281494
777,2021-09-22 04:09:40,515547,3244.71116065979
778,2021-09-22 05:09:15,515547,3109.3509197235107
779,2021-09-22 06:09:06,515549,3070.2600479125977
780,2021-09-22 07:09:28,515549,3258.579969406128
781,2021-09-22 07:09:12,515551,3072.5040435791016
782,2021-09-22 08:09:56,515553,3129.261016845703
783,2021-09-23 12:09:27,515559,2971.8639850616455
784,2021-09-23 05:09:01,515562,3191.3349628448486
785,2021-09-23 05:09:23,515562,3480.8690547943115
786,2021-09-23 06:09:43,515562,3327.5749683380127
787,2021-09-23 06:09:43,515562,3074.5749473571777
788,2021-09-23 06:09:57,515562,3182.2519302368164
789,2021-09-23 07:09:07,515562,3051.6440868377686
790,2021-09-23 07:09:30,515562,3017.941951751709
791,2021-09-23 08:09:08,515562,3122.5709915161133
792,2021-09-23 08:09:12,515562,3087.9368782043457
793,2021-09-23 08:09:43,515562,3167.006015777588
794,2021-09-23 10:09:02,515562,3022.2840309143066
795,2021-09-23 11:09:22,515563,3077.056884765625
796,2021-09-23 01:09:56,515564,3011.279821395874
797,2021-09-23 11:09:02,515564,3166.063070297241
798,2021-09-23 12:09:40,515564,3140.4240131378174
799,2021-09-23 12:09:57,515564,3124.0031719207764
800,2021-09-23 02:09:59,515565,3204.094886779785
801,2021-09-23 03:09:03,515565,3374.3062019348145
802,2021-09-23 03:09:22,515565,3101.781129837036
803,2021-09-23 04:09:49,515565,3265.420913696289
804,2021-09-23 02:09:36,515566,3164.3660068511963
805,2021-09-23 02:09:53,515566,3287.179946899414
806,2021-09-23 03:09:39,515566,3251.7600059509277
807,2021-09-23 03:09:05,515567,3268.202066421509
808,2021-09-23 04:09:29,515567,3154.876947402954
809,2021-09-23 05:09:02,515569,3044.977903366089
810,2021-09-23 06:09:02,515570,3198.961019515991
811,2021-09-23 06:09:11,515570,3153.5849571228027
812,2021-09-23 07:09:06,515570,3174.4189262390137
813,2021-09-23 07:09:10,515570,3262.557029724121
814,2021-09-23 07:09:11,515570,3237.1819019317627
815,2021-09-23 07:09:38,515570,3230.5591106414795
816,2021-09-23 08:09:06,515570,3361.1719608306885
817,2021-09-23 08:09:15,515570,3082.998037338257
818,2021-09-23 08:09:58,515570,3308.40802192688
819,2021-09-23 07:09:51,515571,3204.3769359588623
820,2021-09-23 07:09:53,515571,3209.7320556640625
821,2021-09-23 08:09:13,515571,3151.73602104187
822,2021-09-23 08:09:44,515573,3269.623041152954
823,2021-09-23 10:09:19,515575,3250.675916671753
824,2021-09-23 10:09:38,515575,3128.7989616394043
825,2021-09-23 11:09:30,515575,3212.067127227783
826,2021-09-23 11:09:58,515575,3153.5561084747314
827,2021-09-24 12:09:34,515575,3174.8228073120117
828,2021-09-23 11:09:36,515576,3280.5838584899902
829,2021-09-24 12:09:21,515576,3117.192029953003
830,2021-09-24 12:09:37,515576,3136.3890171051025
831,2021-09-24 12:09:41,515576,3138.1990909576416
832,2021-09-24 12:09:53,515576,3221.1239337921143
833,2021-09-24 01:09:24,515577,3087.48197555542
834,2021-09-24 02:09:44,515577,3257.607936859131
835,2021-09-24 02:09:48,515577,3212.966203689575
836,2021-09-24 04:09:01,515578,3180.021047592163
837,2021-09-24 05:09:48,515580,3047.8451251983643
838,2021-09-24 06:09:01,515580,2974.189043045044
839,2021-09-24 07:09:07,515581,3294.5361137390137
840,2021-09-24 07:09:16,515582,3190.335988998413
841,2021-09-24 09:09:58,515582,3073.9238262176514
842,2021-09-24 08:09:01,515583,3139.1890048980713
843,2021-09-24 08:09:15,515583,3085.6409072875977
844,2021-09-24 09:09:54,515583,3151.5591144561768
845,2021-09-24 10:09:07,515583,3135.0021362304688
846,2021-09-24 01:09:29,515586,3139.289140701294
847,2021-09-24 01:09:38,515586,3132.122039794922
848,2021-09-24 01:09:40,515586,3092.372179031372
849,2021-09-24 01:09:47,515586,3089.750051498413
850,2021-09-24 02:09:06,515586,3081.9599628448486
851,2021-09-24 02:09:12,515586,3238.42716217041
852,2021-09-24 12:09:18,515586,3036.5309715270996
853,2021-09-24 12:09:29,515586,3137.7220153808594
854,2021-09-24 01:09:13,515587,3082.1871757507324
855,2021-09-24 02:09:55,515588,3248.326063156128
856,2021-09-24 03:09:33,515589,3231.113910675049
857,2021-09-24 03:09:38,515589,3080.994129180908
858,2021-09-24 04:09:01,515590,3215.970039367676
859,2021-09-24 04:09:19,515590,3203.889846801758
860,2021-09-24 04:09:31,515590,3207.180976867676
861,2021-09-24 05:09:14,515591,3212.873935699463
862,2021-09-24 06:09:40,515591,3218.6830043792725
863,2021-09-24 06:09:23,515592,3093.395948410034
864,2021-09-24 07:09:39,515592,3405.243158340454
865,2021-09-24 08:09:22,515594,3124.199151992798
866,2021-09-24 08:09:22,515594,3102.5400161743164
867,2021-09-24 09:09:40,515594,3236.0968589782715
868,2021-09-24 08:09:33,515595,3082.4429988861084
869,2021-09-24 09:09:25,515596,3177.6649951934814
870,2021-09-24 08:09:54,515597,3258.998155593872
871,2021-09-24 09:09:13,515597,3164.2889976501465
872,2021-09-24 11:09:07,515597,3152.169942855835
873,2021-09-25 01:09:23,515602,3069.2081451416016
874,2021-09-25 12:09:57,515602,3249.281883239746
875,2021-09-25 12:09:58,515602,3124.4049072265625
876,2021-09-25 01:09:44,515603,3220.2699184417725
877,2021-09-25 01:09:45,515603,3203.5698890686035
878,2021-09-25 01:09:47,515603,3298.9649772644043
879,2021-09-25 02:09:49,515603,3361.3269329071045
880,2021-09-25 03:09:50,515603,3168.1501865386963
881,2021-09-25 02:09:35,515605,3103.480100631714
882,2021-09-25 03:09:15,515607,3206.266164779663
883,2021-09-25 03:09:50,515607,3303.3440113067627
884,2021-09-25 03:09:54,515607,3237.4730110168457
885,2021-09-25 04:09:06,515607,3053.2119274139404
886,2021-09-25 04:09:11,515607,3252.3751258850098
887,2021-09-25 04:09:35,515607,3288.57684135437
888,2021-09-25 04:09:45,515607,3208.232879638672
889,2021-09-25 04:09:52,515607,3056.0038089752197
890,2021-09-25 05:09:05,515607,3245.728015899658
891,2021-09-25 05:09:48,515607,3022.7138996124268
892,2021-09-25 05:09:55,515607,3247.3371028900146
893,2021-09-25 05:09:59,515607,3217.133045196533
894,2021-09-25 06:09:37,515607,3188.6279582977295
895,2021-09-25 07:09:42,515607,3177.1159172058105
896,2021-09-25 09:09:36,515608,3175.602912902832
897,2021-09-25 10:09:30,515608,3111.0570430755615
898,2021-09-25 01:09:03,515609,3066.2429332733154
899,2021-09-25 01:09:31,515609,3386.3370418548584
900,2021-09-25 02:09:39,515609,2990.0729656219482
901,2021-09-25 04:09:13,515609,3079.1049003601074
902,2021-09-25 12:09:26,515609,3155.9529304504395
903,2021-09-25 05:09:50,515611,3129.4219493865967
904,2021-09-25 07:09:45,515615,3167.556047439575
905,2021-09-25 08:09:46,515615,3308.3760738372803
906,2021-09-25 08:09:47,515615,3101.490020751953
907,2021-09-26 04:09:36,515616,3123.889923095703
908,2021-09-26 05:09:52,515616,3151.6778469085693
909,2021-09-26 01:09:00,515617,3165.170907974243
910,2021-09-26 02:09:59,515617,3179.8319816589355
911,2021-09-26 03:09:15,515617,3139.1210556030273
912,2021-09-26 04:09:32,515617,3188.621997833252
913,2021-09-26 04:09:38,515617,3183.2518577575684
914,2021-09-26 05:09:01,515617,3175.567865371704
915,2021-09-26 06:09:04,515617,3170.938014984131
916,2021-09-26 06:09:15,515617,3193.2389736175537
917,2021-09-26 06:09:58,515617,3178.591012954712
918,2021-09-26 07:09:52,515617,3220.3989028930664
919,2021-09-26 12:09:23,515617,3055.803060531616
920,2021-09-26 11:09:01,515618,3115.863084793091
921,2021-09-27 04:09:12,515618,3142.0459747314453
922,2021-09-27 04:09:25,515618,3225.0170707702637
923,2021-09-27 04:09:36,515618,3188.8890266418457
924,2021-09-27 05:09:05,515618,3091.315984725952
925,2021-09-27 05:09:12,515618,3067.149877548218
926,2021-09-27 05:09:44,515618,3092.0169353485107
927,2021-09-27 05:09:51,515618,3160.4559421539307
928,2021-09-27 06:09:08,515618,3167.387008666992
929,2021-09-27 06:09:27,515618,3238.3599281311035
930,2021-09-27 06:09:27,515618,3164.130926132202
931,2021-09-27 06:09:41,515618,3149.935007095337
932,2021-09-27 07:09:18,515618,3133.239984512329
933,2021-09-27 07:09:25,515618,3241.6741847991943
934,2021-09-27 08:09:38,515618,3043.505907058716
935,2021-09-27 08:09:43,515618,3101.6998291015625
936,2021-09-27 01:09:05,515619,3078.67693901062
937,2021-09-27 08:09:45,515619,3139.772891998291
938,2021-09-27 10:09:17,515619,3222.9011058807373
939,2021-09-27 11:09:40,515619,3095.5770015716553
940,2021-09-27 11:09:55,515619,3151.7510414123535
941,2021-09-27 11:09:57,515619,3180.461883544922
942,2021-09-27 12:09:44,515619,3201.317071914673
943,2021-09-27 01:09:47,515620,3132.689952850342
944,2021-09-27 02:09:18,515620,3038.576126098633
945,2021-09-27 12:09:43,515620,3240.6599521636963
946,2021-09-27 12:09:55,515620,3107.440948486328
947,2021-09-27 12:09:59,515620,3200.018882751465
948,2021-09-27 03:09:25,515621,3058.5098266601562
949,2021-09-27 03:09:44,515621,3271.074056625366
950,2021-09-27 03:09:23,515622,3269.416093826294
951,2021-09-27 04:09:45,515622,3080.687999725342
952,2021-09-27 05:09:23,515622,3156.9340229034424
953,2021-09-27 04:09:44,515623,3298.774003982544
954,2021-09-27 05:09:27,515623,3111.5071773529053
955,2021-09-27 05:09:13,515624,3242.5389289855957
956,2021-09-27 06:09:31,515624,3070.411205291748
957,2021-09-27 05:09:04,515625,3124.497890472412
958,2021-09-27 06:09:01,515626,3271.9109058380127
959,2021-09-27 07:09:59,515627,3225.8429527282715
960,2021-09-27 08:09:18,515627,3044.617176055908
961,2021-09-27 08:09:43,515627,3161.8950366973877
962,2021-09-27 09:09:37,515628,2959.4039916992188
963,2021-09-27 11:09:09,515628,3284.1219902038574
964,2021-09-27 10:09:06,515630,3267.132043838501
965,2021-09-27 11:09:28,515632,3171.5140342712402
966,2021-09-28 01:09:34,515633,3174.7970581054688
967,2021-09-28 01:09:53,515633,3200.457811355591
968,2021-09-28 02:09:34,515633,3083.272933959961
969,2021-09-28 12:09:02,515633,3049.1859912872314
970,2021-09-28 12:09:40,515633,3003.493070602417
971,2021-09-28 01:09:52,515634,3273.952007293701
972,2021-09-28 02:09:06,515634,3208.5299491882324
973,2021-09-28 02:09:26,515634,3277.3988246917725
974,2021-09-28 03:09:00,515634,3168.804168701172
975,2021-09-28 03:09:41,515634,3313.5311603546143
976,2021-09-28 05:09:13,515634,3093.9719676971436
977,2021-09-28 05:09:29,515634,3068.2640075683594
978,2021-09-28 05:09:34,515634,2980.8340072631836
979,2021-09-28 05:09:35,515634,3232.2230339050293
980,2021-09-28 06:09:36,515634,3109.0400218963623
981,2021-09-28 06:09:57,515634,3132.028102874756
982,2021-09-28 07:09:02,515634,3564.688205718994
983,2021-09-28 07:09:07,515634,3131.016969680786
984,2021-09-28 07:09:10,515634,3039.522886276245
985,2021-09-28 07:09:22,515634,3152.2350311279297
986,2021-09-28 07:09:25,515634,2969.542980194092
987,2021-09-28 07:09:42,515634,3071.7408657073975
988,2021-09-28 08:09:19,515634,3140.9058570861816
989,2021-09-28 08:09:30,515634,3204.4060230255127
990,2021-09-28 08:09:35,515634,3233.5660457611084
991,2021-09-28 09:09:06,515634,3112.7829551696777
992,2021-09-28 09:09:02,515635,3253.8390159606934
993,2021-09-28 10:09:55,515635,3256.270170211792
994,2021-09-28 10:09:55,515635,3197.575092315674
995,2021-09-28 11:09:12,515635,3084.8729610443115
996,2021-09-28 11:09:23,515635,3167.832136154175
997,2021-09-28 11:09:34,515635,3151.589870452881
998,2021-09-28 12:09:27,515635,3083.604097366333
999,2021-09-28 01:09:44,515636,3160.777807235718
1000,2021-09-28 12:09:33,515636,3372.96199798584
1001,2021-09-28 01:09:01,515637,3026.8988609313965
1002,2021-09-28 02:09:20,515637,3163.9580726623535
1003,2021-09-28 02:09:27,515637,3147.2339630126953
1004,2021-09-28 02:09:09,515638,3145.8120346069336
1005,2021-09-28 03:09:07,515639,3159.4839096069336
1006,2021-09-28 03:09:20,515639,3253.664016723633
1007,2021-09-28 03:09:21,515639,3308.6559772491455
1008,2021-09-28 04:09:34,515639,3133.1839561462402
1009,2021-09-28 03:09:43,515640,3071.8209743499756
1010,2021-09-28 04:09:58,515640,3139.8839950561523
1011,2021-09-28 05:09:14,515640,3069.3650245666504
1012,2021-09-28 05:09:36,515640,3057.460069656372
1013,2021-09-28 05:09:47,515641,3171.6809272766113
1014,2021-09-28 05:09:24,515642,3130.048990249634
1015,2021-09-28 05:09:50,515642,3232.654094696045
1016,2021-09-28 07:09:24,515642,3095.5770015716553
1017,2021-09-28 06:09:05,515643,3106.036901473999
1018,2021-09-28 07:09:34,515643,3283.327102661133
1019,2021-09-28 07:09:31,515644,3138.225793838501
1020,2021-09-28 08:09:28,515645,3024.49893951416
1021,2021-09-28 08:09:31,515645,3152.549982070923
1022,2021-09-28 08:09:33,515645,3352.4930477142334
1023,2021-09-28 08:09:38,515645,3296.008825302124
1024,2021-09-28 09:09:26,515645,3268.0740356445312
1025,2021-09-28 09:09:52,515646,3231.64701461792
1026,2021-09-28 09:09:57,515646,3146.3260650634766
1027,2021-09-28 10:09:08,515646,3006.9661140441895
1028,2021-09-28 10:09:24,515647,3180.708169937134
1029,2021-09-28 11:09:37,515647,3144.0019607543945
1030,2021-09-28 11:09:36,515648,3181.7519664764404
1031,2021-09-28 11:09:45,515650,3194.2710876464844
1032,2021-09-29 03:09:36,515657,3124.061107635498
1033,2021-09-29 04:09:21,515657,3156.574010848999
1034,2021-09-29 05:09:10,515661,3100.156784057617
1035,2021-09-29 06:09:09,515662,3156.033992767334
1036,2021-09-29 06:09:20,515662,3055.134057998657
1037,2021-09-29 08:09:15,515662,3154.927968978882
1038,2021-09-29 01:09:39,515666,3283.561944961548
1039,2021-09-29 09:09:09,515666,3180.0389289855957
1040,2021-09-29 09:09:29,515666,3012.7060413360596
1041,2021-09-29 11:09:04,515666,3022.536039352417
1042,2021-09-29 11:09:38,515666,3092.0839309692383
1043,2021-09-29 12:09:15,515667,3001.631021499634
1044,2021-09-29 12:09:26,515667,2992.2759532928467
1045,2021-09-29 01:09:19,515668,3158.32781791687
1046,2021-09-29 02:09:15,515668,3184.865951538086
1047,2021-09-29 01:09:28,515669,3043.7800884246826
1048,2021-09-29 02:09:41,515669,3182.126998901367
1049,2021-09-29 04:09:40,515669,3188.4989738464355
1050,2021-09-29 04:09:44,515669,3132.641077041626
1051,2021-09-29 04:09:52,515669,3210.3540897369385
1052,2021-09-29 05:09:01,515672,3257.2450637817383
1053,2021-09-29 05:09:37,515672,3223.926067352295
1054,2021-09-29 05:09:57,515672,3213.9968872070312
1055,2021-09-29 06:09:21,515673,3212.9111289978027
1056,2021-09-29 07:09:39,515673,3204.990863800049
1057,2021-09-29 07:09:43,515674,3254.966974258423
1058,2021-09-29 08:09:13,515675,3088.2678031921387
1059,2021-09-29 08:09:28,515675,3164.0641689300537
1060,2021-09-29 08:09:36,515675,3137.387990951538
1061,2021-09-29 08:09:43,515675,3349.655866622925
1062,2021-09-29 08:09:51,515675,3229.9609184265137
1063,2021-09-29 09:09:46,515675,3220.5069065093994
1064,2021-09-29 09:09:50,515675,3099.2910861968994
1065,2021-09-29 09:09:59,515675,3363.6889457702637
1066,2021-09-29 10:09:51,515675,3062.8559589385986
1067,2021-09-29 10:09:12,515676,3161.659002304077
1068,2021-09-30 01:09:49,515679,3226.25994682312
1069,2021-09-30 02:09:23,515679,3158.2741737365723
1070,2021-09-30 12:09:51,515679,3137.1068954467773
1071,2021-09-30 01:09:57,515680,3161.6129875183105
1072,2021-09-30 03:09:24,515682,3230.1769256591797
1073,2021-09-30 04:09:36,515684,3282.038927078247
1074,2021-09-30 04:09:43,515685,3155.103921890259
1075,2021-09-30 06:09:00,515687,3153.639793395996
1076,2021-09-30 06:09:41,515687,3183.9687824249268
1077,2021-09-30 06:09:51,515687,3037.6040935516357
1078,2021-09-30 07:09:22,515687,3076.9500732421875
1079,2021-09-30 11:09:19,515693,3250.365972518921
1080,2021-09-30 10:09:16,515694,3328.2179832458496
1081,2021-09-30 10:09:37,515694,3193.263053894043
1082,2021-09-30 11:09:58,515694,3178.241968154907
1083,2021-09-30 11:09:32,515695,3134.596824645996
1084,2021-09-30 01:09:00,515696,3131.4468383789062
1085,2021-09-30 12:09:44,515696,3115.1180267333984
1086,2021-09-30 01:09:05,515697,3365.864038467407
1087,2021-09-30 01:09:59,515697,3181.2360286712646
1088,2021-09-30 02:09:01,515697,3289.186954498291
1089,2021-09-30 12:09:09,515697,2985.5499267578125
1090,2021-09-30 02:09:09,515698,3235.774040222168
1091,2021-09-30 02:09:44,515698,3200.2618312835693
1092,2021-09-30 02:09:26,515699,3202.316999435425
1093,2021-09-30 03:09:25,515700,3122.318983078003
1094,2021-09-30 04:09:29,515701,3132.7569484710693
1095,2021-09-30 05:09:52,515701,2996.177911758423
1096,2021-09-30 05:09:18,515702,3162.539005279541
1097,2021-09-30 06:09:34,515704,3182.8620433807373
1098,2021-09-30 06:09:42,515704,3282.5870513916016
1099,2021-09-30 06:09:46,515704,2977.436065673828
1100,2021-09-30 07:09:24,515704,3217.879056930542
1101,2021-09-30 07:09:56,515705,3226.5501022338867
1102,2021-09-30 08:09:55,515705,3152.679920196533
1103,2021-09-30 09:09:11,515707,3255.6591033935547
1104,2021-09-30 11:09:25,515710,3211.7321491241455
1105,2021-09-30 11:09:38,515710,3226.0959148406982
1106,2021-09-30 11:09:57,515710,3213.9620780944824
1107,2021-10-01 01:10:42,515711,3114.1669750213623
1108,2021-10-01 12:10:22,515711,3046.6041564941406
1109,2021-10-01 11:10:20,515713,3217.2861099243164
1110,2021-10-01 12:10:43,515713,3110.4021072387695
1111,2021-10-01 05:10:23,515717,3214.9858474731445
1112,2021-10-01 05:10:20,515718,3116.209030151367
1113,2021-10-01 10:10:01,515728,3106.7121028900146
1114,2021-10-01 02:10:35,515730,3149.712085723877
1115,2021-10-01 04:10:15,515730,3161.1690521240234
1116,2021-10-01 05:10:34,515730,3184.14306640625
1117,2021-10-01 11:10:16,515730,3127.8929710388184
1118,2021-10-01 11:10:31,515730,3234.1010570526123
1119,2021-10-01 11:10:50,515730,3193.9518451690674
1120,2021-10-01 11:10:51,515730,3176.499128341675
1121,2021-10-01 12:10:04,515730,3278.2108783721924
1122,2021-10-01 12:10:54,515730,3170.283079147339
1123,2021-10-01 04:10:42,515731,3114.680051803589
1124,2021-10-01 07:10:00,515732,3034.4958305358887
1125,2021-10-01 07:10:22,515732,3173.7611293792725
1126,2021-10-01 07:10:43,515733,3069.6871280670166
1127,2021-10-01 11:10:07,515735,3236.7849349975586
1128,2021-10-02 01:10:02,515735,3085.495948791504
1129,2021-10-02 01:10:41,515735,3145.749092102051
1130,2021-10-02 02:10:59,515735,3229.0918827056885
1131,2021-10-02 01:10:48,515736,3260.735034942627
1132,2021-10-02 02:10:16,515736,3228.172779083252
1133,2021-10-02 03:10:21,515736,3081.7270278930664
1134,2021-10-02 04:10:47,515736,3118.5882091522217
1135,2021-10-02 07:10:17,515736,3241.2819862365723
1136,2021-10-02 07:10:32,515736,3048.830032348633
1137,2021-10-02 08:10:15,515736,2998.3630180358887
1138,2021-10-02 08:10:36,515736,3329.798936843872
1139,2021-10-02 09:10:01,515736,3229.4349670410156
1140,2021-10-02 09:10:41,515736,2948.6899375915527
1141,2021-10-02 12:10:15,515736,3134.2060565948486
1142,2021-10-02 12:10:22,515736,3193.187952041626
1143,2021-10-03 01:10:30,515737,3161.440849304199
1144,2021-10-03 02:10:47,515737,3153.6998748779297
1145,2021-10-03 07:10:18,515737,3314.275026321411
1146,2021-10-03 12:10:13,515737,3244.6248531341553
1147,2021-10-03 03:10:00,515738,3089.7488594055176
1148,2021-10-03 03:10:16,515738,3067.539930343628
1149,2021-10-03 03:10:26,515738,3137.4459266662598
1150,2021-10-03 03:10:33,515738,3288.6219024658203
1151,2021-10-03 03:10:34,515738,3022.8099822998047
1152,2021-10-03 03:10:51,515738,3136.75594329834
1153,2021-10-03 04:10:07,515738,3290.8809185028076
1154,2021-10-03 05:10:18,515738,3099.6267795562744
1155,2021-10-03 03:10:27,515739,3198.112964630127
1156,2021-10-03 08:10:23,515739,3121.783971786499
1157,2021-10-03 09:10:24,515739,3042.5000190734863
1158,2021-10-04 01:10:29,515741,3048.945188522339
1159,2021-10-04 01:10:35,515741,3065.661907196045
1160,2021-10-04 01:10:54,515741,3338.421106338501
1161,2021-10-04 02:10:25,515741,3189.1911029815674
1162,2021-10-04 03:10:08,515741,3239.5689487457275
1163,2021-10-04 03:10:26,515741,3099.3809700012207
1164,2021-10-04 09:10:15,515741,3290.1740074157715
1165,2021-10-04 10:10:45,515741,3118.8747882843018
1166,2021-10-04 11:10:45,515741,3094.120979309082
1167,2021-10-04 12:10:14,515741,3204.9760818481445
1168,2021-10-04 03:10:55,515743,3060.285806655884
1169,2021-10-04 04:10:18,515743,3136.551856994629
1170,2021-10-04 04:10:43,515745,3058.166980743408
1171,2021-10-04 05:10:19,515747,3138.597011566162
1172,2021-10-04 06:10:46,515747,3134.5419883728027
1173,2021-10-04 06:10:56,515747,3036.087989807129
1174,2021-10-04 07:10:33,515747,3143.8190937042236
1175,2021-10-04 07:10:47,515747,3157.356023788452
1176,2021-10-04 08:10:59,515747,3212.9909992218018
1177,2021-10-04 07:10:14,515748,3248.837947845459
1178,2021-10-04 08:10:55,515748,3240.8862113952637
1179,2021-10-04 09:10:01,515748,3247.437000274658
1180,2021-10-04 09:10:18,515748,3335.319995880127
1181,2021-10-04 09:10:31,515748,3198.7340450286865
1182,2021-10-04 10:10:26,515748,3206.615924835205
1183,2021-10-04 10:10:27,515748,3250.8528232574463
1184,2021-10-04 10:10:28,515748,3222.296953201294
1185,2021-10-04 10:10:56,515748,3200.5419731140137
1186,2021-10-05 01:10:35,515748,3052.1059036254883
1187,2021-10-05 12:10:52,515748,3266.5789127349854
1188,2021-10-05 12:10:06,515749,3071.492910385132
1189,2021-10-05 12:10:13,515749,3143.653154373169
1190,2021-10-05 01:10:02,515750,3198.961019515991
1191,2021-10-05 02:10:07,515750,3024.332046508789
1192,2021-10-05 02:10:49,515750,3123.918056488037
1193,2021-10-05 12:10:30,515750,3199.376106262207
1194,2021-10-05 06:10:33,515753,3412.724018096924
1195,2021-10-05 06:10:49,515753,3139.087915420532
1196,2021-10-05 07:10:58,515753,3135.0650787353516
1197,2021-10-05 07:10:48,515754,3134.11021232605
1198,2021-10-05 07:10:50,515754,3144.9220180511475
1199,2021-10-05 07:10:50,515754,3167.293071746826
1200,2021-10-05 07:10:59,515754,3082.108974456787
1201,2021-10-05 09:10:52,515754,3276.777982711792
1202,2021-10-05 01:10:18,515757,3145.7650661468506
1203,2021-10-05 01:10:25,515757,3108.525037765503
1204,2021-10-05 01:10:33,515757,3237.761974334717
1205,2021-10-05 02:10:17,515757,3140.9947872161865
1206,2021-10-05 03:10:25,515757,3147.495985031128
1207,2021-10-05 03:10:39,515757,3254.5828819274902
1208,2021-10-05 09:10:07,515757,3194.9968338012695
1209,2021-10-05 09:10:39,515757,3180.8369159698486
1210,2021-10-05 09:10:47,515757,3119.904041290283
1211,2021-10-05 10:10:21,515757,3135.0080966949463
1212,2021-10-05 10:10:40,515757,3292.5169467926025
1213,2021-10-05 12:10:10,515757,3061.383008956909
1214,2021-10-05 12:10:10,515757,3193.979024887085
1215,2021-10-05 12:10:12,515757,3202.6500701904297
1216,2021-10-05 12:10:25,515757,3208.1351280212402
1217,2021-10-05 12:10:57,515757,3056.9748878479004
1218,2021-10-05 02:10:51,515758,3100.353956222534
1219,2021-10-05 02:10:56,515758,3109.6808910369873
1220,2021-10-05 03:10:22,515759,3211.2390995025635
1221,2021-10-05 05:10:56,515760,3103.6651134490967
1222,2021-10-05 06:10:00,515760,3255.275011062622
1223,2021-10-05 07:10:45,515761,3093.2419300079346
1224,2021-10-05 07:10:53,515764,3024.808883666992
1225,2021-10-05 10:10:40,515768,3152.5700092315674
1226,2021-10-05 10:10:48,515768,3167.1900749206543
1227,2021-10-05 11:10:52,515769,3180.325984954834
1228,2021-10-06 12:10:05,515770,3167.112112045288
1229,2021-10-06 01:10:51,515772,3232.240915298462
1230,2021-10-06 01:10:13,515779,3236.5760803222656
1231,2021-10-06 01:10:13,515779,3141.839027404785
1232,2021-10-06 01:10:45,515779,3054.503917694092
1233,2021-10-06 01:10:53,515779,3214.5378589630127
1234,2021-10-06 02:10:04,515779,3254.1110515594482
1235,2021-10-06 02:10:09,515779,3222.0120429992676
1236,2021-10-06 06:10:08,515779,3372.5509643554688
1237,2021-10-06 06:10:45,515779,3088.1190299987793
1238,2021-10-06 07:10:13,515779,3249.629020690918
1239,2021-10-06 07:10:53,515779,3313.8859272003174
1240,2021-10-06 07:10:58,515779,3203.7220001220703
1241,2021-10-06 08:10:57,515779,3285.269021987915
1242,2021-10-06 09:10:43,515779,3205.9710025787354
1243,2021-10-06 10:10:07,515779,3134.3889236450195
1244,2021-10-06 11:10:01,515779,3170.290946960449
1245,2021-10-06 11:10:17,515779,3362.545967102051
1246,2021-10-06 11:10:28,515779,3236.1528873443604
1247,2021-10-06 11:10:34,515779,3234.746217727661
1248,2021-10-06 11:10:45,515779,3154.2980670928955
1249,2021-10-06 12:10:03,515779,3320.742130279541
1250,2021-10-06 02:10:00,515780,3076.9150257110596
1251,2021-10-06 03:10:03,515780,3088.8779163360596
1252,2021-10-06 03:10:09,515780,3257.627010345459
1253,2021-10-06 03:10:17,515780,3171.5049743652344
1254,2021-10-06 03:10:48,515780,3175.266981124878
1255,2021-10-06 04:10:17,515780,3226.661205291748
1256,2021-10-06 04:10:24,515780,3116.4331436157227
1257,2021-10-06 04:10:31,515780,3112.1318340301514
1258,2021-10-06 04:10:33,515781,3231.86993598938
1259,2021-10-06 05:10:12,515781,3202.8491497039795
1260,2021-10-06 05:10:33,515781,3244.8039054870605
1261,2021-10-06 06:10:10,515781,3138.4599208831787
1262,2021-10-06 06:10:21,515783,3040.8270359039307
1263,2021-10-06 07:10:29,515783,3307.8598976135254
1264,2021-10-06 09:10:08,515783,3126.758098602295
1265,2021-10-06 09:10:22,515784,3302.119016647339
1266,2021-10-07 04:10:16,515785,3183.4168434143066
1267,2021-10-07 05:10:37,515785,3099.133014678955
1268,2021-10-07 06:10:28,515785,3072.782039642334
1269,2021-10-07 06:10:35,515787,3061.332941055298
1270,2021-10-07 07:10:58,515787,3201.8990516662598
1271,2021-10-07 12:10:29,515791,3223.644018173218
1272,2021-10-07 12:10:52,515791,3140.665054321289
1273,2021-10-07 04:10:53,515797,3291.2418842315674
1274,2021-10-07 05:10:19,515797,3077.564001083374
1275,2021-10-07 06:10:04,515797,3114.6810054779053
1276,2021-10-07 06:10:31,515797,3177.9379844665527
1277,2021-10-07 06:10:32,515797,3223.879098892212
1278,2021-10-07 06:10:41,515797,3122.6260662078857
1279,2021-10-07 06:10:49,515797,3127.333164215088
1280,2021-10-07 07:10:33,515797,3206.135034561157
1281,2021-10-07 07:10:46,515797,3131.0179233551025
1282,2021-10-07 10:10:14,515797,3220.750093460083
1283,2021-10-07 09:10:57,515798,3227.673053741455
1284,2021-10-07 10:10:41,515798,3196.1309909820557
1285,2021-10-08 12:10:07,515798,3351.167917251587
1286,2021-10-07 10:10:26,515799,3216.853141784668
1287,2021-10-07 11:10:13,515799,3034.7089767456055
1288,2021-10-07 11:10:27,515799,3077.810049057007
1289,2021-10-08 01:10:15,515799,3079.8988342285156
1290,2021-10-08 01:10:26,515800,3198.9400386810303
1291,2021-10-08 01:10:44,515800,3022.3381519317627
1292,2021-10-08 03:10:12,515800,3188.35186958313
1293,2021-10-08 12:10:02,515800,3207.4661254882812
1294,2021-10-08 03:10:02,515801,3284.613847732544
1295,2021-10-08 04:10:14,515801,3201.5719413757324
1296,2021-10-08 04:10:28,515801,3419.0878868103027
1297,2021-10-08 04:10:38,515801,3140.2008533477783
1298,2021-10-08 04:10:47,515801,3191.570997238159
1299,2021-10-08 04:10:52,515801,3102.081060409546
1300,2021-10-08 05:10:03,515801,3136.030912399292
1301,2021-10-08 05:10:16,515801,3109.386920928955
1302,2021-10-08 07:10:57,515802,3085.8190059661865
1303,2021-10-08 08:10:10,515802,3130.6121349334717
1304,2021-10-08 08:10:21,515802,3239.9768829345703
1305,2021-10-08 09:10:04,515802,3172.9869842529297
1306,2021-10-08 09:10:04,515802,3112.8439903259277
1307,2021-10-08 09:10:28,515802,3201.7791271209717
1308,2021-10-08 09:10:30,515802,3257.427930831909
1309,2021-10-08 11:10:25,515802,3214.050769805908
1310,2021-10-08 02:10:07,515803,3173.365831375122
1311,2021-10-08 02:10:10,515803,3096.0988998413086
1312,2021-10-08 02:10:18,515803,3369.6348667144775
1313,2021-10-08 02:10:30,515803,3067.1849250793457
1314,2021-10-08 03:10:31,515803,3107.4788570404053
1315,2021-10-08 03:10:52,515803,3127.4149417877197
1316,2021-10-08 04:10:13,515803,3115.52095413208
1317,2021-10-08 04:10:53,515803,3175.016164779663
1318,2021-10-08 06:10:34,515803,3217.0050144195557
1319,2021-10-08 08:10:48,515803,3200.5579471588135
1320,2021-10-08 09:10:45,515803,3217.806100845337
1321,2021-10-08 10:10:07,515803,3252.9280185699463
1322,2021-10-08 10:10:11,515803,3216.732978820801
1323,2021-10-08 11:10:32,515803,2969.9831008911133
1324,2021-10-08 12:10:04,515803,3278.362989425659
1325,2021-10-08 12:10:17,515803,3067.2318935394287
1326,2021-10-08 12:10:17,515803,3209.407091140747
1327,2021-10-08 12:10:25,515803,3104.0120124816895
1328,2021-10-08 12:10:51,515803,3159.7249507904053
1329,2021-10-08 02:10:21,515804,3303.344964981079
1330,2021-10-08 03:10:15,515804,3056.662082672119
1331,2021-10-08 01:10:13,515805,3181.4889907836914
1332,2021-10-08 04:10:18,515806,3264.5552158355713
1333,2021-10-08 07:10:00,515806,3182.6369762420654
1334,2021-10-09 02:10:37,515806,3113.6109828948975
1335,2021-10-08 06:10:57,515808,3256.606101989746
1336,2021-10-08 07:10:00,515808,3139.496088027954
1337,2021-10-08 07:10:18,515808,3174.515962600708
1338,2021-10-08 09:10:17,515808,3247.6449012756348
1339,2021-10-09 05:10:35,515808,3325.849771499634
1340,2021-10-08 08:10:53,515809,3227.3600101470947
1341,2021-10-09 04:10:10,515811,3153.13720703125
1342,2021-10-09 07:10:48,515811,3138.8070583343506
1343,2021-10-09 10:10:47,515811,3294.7959899902344
1344,2021-10-09 10:10:49,515811,3228.3730506896973
1345,2021-10-09 10:10:56,515811,3231.3709259033203
1346,2021-10-09 11:10:28,515813,3269.1900730133057
1347,2021-10-09 11:10:29,515813,3170.9868907928467
1348,2021-10-09 02:10:34,515814,3066.390037536621
1349,2021-10-09 05:10:07,515814,3207.9639434814453
1350,2021-10-09 02:10:46,515816,3037.4650955200195
1351,2021-10-09 08:10:00,515818,3225.6429195404053
1352,2021-10-09 08:10:07,515818,3076.2557983398438
1353,2021-10-09 09:10:10,515819,3083.8170051574707
1354,2021-10-09 09:10:19,515819,3175.6751537323
1355,2021-10-10 09:10:48,515819,3084.0001106262207
1356,2021-10-09 10:10:15,515820,3150.604009628296
1357,2021-10-09 10:10:40,515820,3117.8770065307617
1358,2021-10-10 01:10:05,515820,3089.8120403289795
1359,2021-10-10 01:10:05,515820,3152.987003326416
1360,2021-10-10 11:10:11,515820,3287.281036376953
1361,2021-10-09 10:10:54,515822,3232.485055923462
1362,2021-10-10 09:10:46,515822,3227.220058441162
1363,2021-10-09 11:10:09,515825,3180.9818744659424
1364,2021-10-10 03:10:51,515825,3301.877975463867
1365,2021-10-10 05:10:41,515827,3247.3649978637695
1366,2021-10-10 11:10:04,515827,3089.951992034912
1367,2021-10-10 11:10:36,515827,3242.988109588623
1368,2021-10-10 11:10:41,515827,3233.996868133545
1369,2021-10-10 01:10:01,515829,3282.4060916900635
1370,2021-10-10 04:10:42,515829,3302.6750087738037
1371,2021-10-10 10:10:12,515829,3130.3460597991943
1372,2021-10-10 05:10:27,515830,3137.6631259918213
1373,2021-10-10 06:10:25,515830,3046.276092529297
1374,2021-10-10 09:10:30,515830,3116.0809993743896
1375,2021-10-10 09:10:31,515832,3180.3369522094727
1376,2021-10-10 09:10:43,515832,3200.453996658325
1377,2021-10-11 01:10:51,515832,3175.772190093994
1378,2021-10-11 02:10:34,515835,3269.8981761932373
1379,2021-10-11 04:10:12,515836,3029.21199798584
1380,2021-10-11 09:10:04,515837,3059.7240924835205
1381,2021-10-11 09:10:11,515837,3235.672950744629
1382,2021-10-11 09:10:57,515837,3261.5180015563965
1383,2021-10-11 11:10:52,515837,3170.728921890259
1384,2021-10-11 01:10:13,515838,3193.1629180908203
1385,2021-10-11 01:10:19,515838,3012.9101276397705
1386,2021-10-11 02:10:41,515838,3062.92986869812
1387,2021-10-11 11:10:26,515838,3178.6959171295166
1388,2021-10-11 11:10:48,515839,3121.4559078216553
1389,2021-10-12 05:10:07,515840,3114.8951053619385
1390,2021-10-12 07:10:42,515841,3211.1170291900635
1391,2021-10-13 01:10:06,515841,3277.4291038513184
1392,2021-10-12 04:10:47,515843,3020.9338665008545
1393,2021-10-12 05:10:36,515843,3179.3930530548096
1394,2021-10-12 10:10:02,515843,3094.8140621185303
1395,2021-10-12 11:10:08,515843,3132.767915725708
1396,2021-10-12 11:10:45,515843,3176.306962966919
1397,2021-10-12 12:10:22,515843,3244.91286277771
1398,2021-10-13 02:10:19,515843,3240.427017211914
1399,2021-10-14 07:10:35,515843,3094.4581031799316
1400,2021-10-12 04:10:59,515846,3103.1970977783203
1401,2021-10-13 02:10:23,515846,3258.646011352539
1402,2021-10-13 02:10:39,515846,3144.8559761047363
1403,2021-10-13 06:10:48,515846,3418.23410987854
1404,2021-10-14 06:10:15,515846,3238.3768558502197
1405,2021-10-14 06:10:29,515846,3124.4921684265137
1406,2021-10-14 06:10:40,515846,3133.0950260162354
1407,2021-10-14 08:10:22,515846,3269.209861755371
1408,2021-10-14 08:10:24,515846,3091.707944869995
1409,2021-10-13 05:10:02,515852,3246.4051246643066
1410,2021-10-13 05:10:19,515852,3179.338216781616
1411,2021-10-13 05:10:41,515852,3106.0328483581543
1412,2021-10-13 05:10:56,515852,3208.812952041626
1413,2021-10-13 05:10:57,515852,3084.3429565429688
1414,2021-10-14 06:10:05,515852,3095.5920219421387
1415,2021-10-14 06:10:09,515852,3277.7810096740723
1416,2021-10-14 06:10:30,515852,3062.045097351074
1417,2021-10-14 07:10:09,515852,3140.455961227417
1418,2021-10-14 07:10:48,515852,3059.3409538269043
1419,2021-10-14 08:10:28,515852,3014.400005340576
1420,2021-10-14 09:10:16,515852,3181.9047927856445
1421,2021-10-14 09:10:28,515852,3124.444007873535
1422,2021-10-14 09:10:49,515852,3202.425003051758
1423,2021-10-14 09:10:56,515852,3230.8030128479004
1424,2021-10-14 09:10:57,515852,3367.7470684051514
1425,2021-10-14 10:10:29,515852,3163.4631156921387
1426,2021-10-14 10:10:41,515852,3218.756914138794
1427,2021-10-14 11:10:02,515852,3075.8681297302246
1428,2021-10-14 11:10:26,515852,3157.254934310913
1429,2021-10-14 11:10:42,515852,3101.452112197876
1430,2021-10-15 12:10:09,515852,3151.189088821411
1431,2021-10-14 11:10:18,515853,3226.149797439575
1432,2021-10-14 11:10:38,515853,3086.4498615264893
1433,2021-10-14 11:10:50,515853,3127.025842666626
1434,2021-10-14 11:10:56,515853,3094.9370861053467
1435,2021-10-15 02:10:02,515853,3331.2809467315674
1436,2021-10-15 02:10:31,515853,3174.9329566955566
1437,2021-10-15 12:10:04,515853,3255.967140197754
1438,2021-10-15 12:10:12,515853,3123.8598823547363
1439,2021-10-13 12:10:03,515854,3174.7729778289795
1440,2021-10-14 05:10:46,515854,3077.9669284820557
1441,2021-10-14 08:10:36,515854,3221.2839126586914
1442,2021-10-14 08:10:58,515854,3190.234899520874
1443,2021-10-15 01:10:32,515854,3083.065986633301
1444,2021-10-15 01:10:54,515854,3140.6970024108887
1445,2021-10-15 01:10:54,515854,3342.8759574890137
1446,2021-10-15 01:10:54,515854,3098.085880279541
1447,2021-10-15 02:10:25,515854,3065.6468868255615
1448,2021-10-15 03:10:18,515854,3304.8641681671143
1449,2021-10-15 03:10:25,515854,3062.4969005584717
1450,2021-10-15 03:10:54,515854,3224.5190143585205
1451,2021-10-15 04:10:06,515854,3161.5779399871826
1452,2021-10-15 04:10:27,515854,3038.6428833007812
1453,2021-10-15 04:10:28,515854,3183.272123336792
1454,2021-10-15 04:10:32,515854,3181.4839839935303
1455,2021-10-15 05:10:17,515854,3384.6869468688965
1456,2021-10-15 05:10:18,515854,3207.5390815734863
1457,2021-10-15 05:10:24,515854,3203.0699253082275
1458,2021-10-15 05:10:28,515854,3228.321075439453
1459,2021-10-15 05:10:47,515854,3187.3080730438232
1460,2021-10-15 06:10:03,515854,3145.457983016968
1461,2021-10-15 06:10:12,515854,3080.9881687164307
1462,2021-10-14 03:10:38,515855,3156.8400859832764
1463,2021-10-14 05:10:10,515855,3167.133092880249
1464,2021-10-15 05:10:29,515855,3191.1051273345947
1465,2021-10-15 05:10:38,515855,3037.2471809387207
1466,2021-10-15 05:10:39,515855,3067.6989555358887
1467,2021-10-15 06:10:07,515855,3141.014814376831
1468,2021-10-15 06:10:25,515855,3158.668041229248
1469,2021-10-15 06:10:39,515855,3096.058130264282
1470,2021-10-15 06:10:48,515855,3236.258029937744
1471,2021-10-15 06:10:51,515855,3141.3629055023193
1472,2021-10-15 07:10:09,515855,3011.8579864501953
1473,2021-10-15 07:10:14,515855,3103.8050651550293
1474,2021-10-15 07:10:20,515855,3059.760093688965
1475,2021-10-15 07:10:23,515855,3115.388870239258
1476,2021-10-15 07:10:29,515855,3140.4378414154053
1477,2021-10-15 07:10:34,515855,3379.3060779571533
1478,2021-10-15 07:10:52,515855,3351.7978191375732
1479,2021-10-15 08:10:01,515855,3228.549003601074
1480,2021-10-15 08:10:17,515855,3252.9399394989014
1481,2021-10-15 08:10:17,515855,3178.8101196289062
1482,2021-10-15 08:10:35,515855,3113.9779090881348
1483,2021-10-15 08:10:38,515855,3048.229932785034
1484,2021-10-15 08:10:55,515855,3180.68790435791
1485,2021-10-15 09:10:18,515855,3088.3688926696777
1486,2021-10-15 09:10:22,515855,3113.239049911499
1487,2021-10-15 09:10:24,515855,3198.3540058135986
1488,2021-10-15 09:10:29,515855,3115.2379512786865
1489,2021-10-15 09:10:32,515855,3066.9100284576416
1490,2021-10-15 09:10:41,515855,3172.9190349578857
1491,2021-10-15 09:10:57,515855,3078.449010848999
1492,2021-10-15 10:10:02,515855,3131.1581134796143
1493,2021-10-15 10:10:11,515855,3192.6770210266113
1494,2021-10-15 10:10:21,515855,3042.635917663574
1495,2021-10-15 10:10:30,515855,3169.4209575653076
1496,2021-10-15 10:10:47,515855,3207.4179649353027
1497,2021-10-15 01:10:58,515856,3208.160161972046
1498,2021-10-15 10:10:03,515856,3163.2959842681885
1499,2021-10-15 11:10:07,515856,3075.3800868988037
1500,2021-10-15 11:10:08,515856,3173.583984375
1501,2021-10-15 11:10:15,515856,3254.085063934326
1502,2021-10-15 11:10:15,515856,3283.041000366211
1503,2021-10-15 11:10:37,515856,3145.425796508789
1504,2021-10-15 11:10:40,515856,3141.467809677124
1505,2021-10-15 11:10:42,515856,3219.180107116699
1506,2021-10-15 11:10:47,515856,3209.3758583068848
1507,2021-10-15 11:10:48,515856,3218.574047088623
1508,2021-10-15 11:10:55,515856,3149.031162261963
1509,2021-10-15 11:10:57,515856,2997.9209899902344
1510,2021-10-15 12:10:24,515856,3121.821165084839
1511,2021-10-15 12:10:37,515856,3135.4851722717285
1512,2021-10-15 12:10:47,515856,3144.6828842163086
1513,2021-10-15 12:10:47,515856,3289.7918224334717
1514,2021-10-15 12:10:59,515856,3162.4209880828857
1515,2021-10-15 01:10:05,515857,3116.3039207458496
1516,2021-10-15 01:10:23,515857,3303.4040927886963
1517,2021-10-15 01:10:38,515857,3192.621946334839
1518,2021-10-15 01:10:44,515857,3051.5568256378174
1519,2021-10-15 02:10:20,515857,3199.038028717041
1520,2021-10-15 02:10:54,515857,3278.5181999206543
1521,2021-10-15 01:10:32,515874,3146.9500064849854
1522,2021-10-15 01:10:59,515874,3137.967109680176
1523,2021-10-15 02:10:51,515874,3233.0589294433594
1524,2021-10-15 02:10:51,515874,3058.367967605591
1525,2021-10-15 03:10:41,515874,3025.0940322875977
1526,2021-10-15 03:10:53,515879,3231.416940689087
1527,2021-10-15 04:10:40,515879,3132.7309608459473
1528,2021-10-15 03:10:48,515880,3007.715940475464
1529,2021-10-15 03:10:49,515881,3231.942892074585
1530,2021-10-15 03:10:03,515882,3157.0041179656982
1531,2021-10-15 03:10:16,515882,3202.409029006958
1532,2021-10-15 03:10:44,515882,3294.5921421051025
1533,2021-10-15 05:10:33,515882,3172.0941066741943
1534,2021-10-15 04:10:07,515884,3236.9470596313477
1535,2021-10-15 04:10:21,515884,3220.5381393432617
1536,2021-10-15 08:10:28,515884,3237.7920150756836
1537,2021-10-15 09:10:55,515884,3195.230007171631
1538,2021-10-15 04:10:17,515885,3046.2851524353027
1539,2021-10-15 04:10:49,515885,3326.835870742798
1540,2021-10-15 04:10:51,515885,3047.1341609954834
1541,2021-10-15 05:10:29,515885,3104.2330265045166
1542,2021-10-15 11:10:32,515885,3099.199056625366
1543,2021-10-16 01:10:06,515885,3132.718086242676
1544,2021-10-15 05:10:29,515886,3153.719902038574
1545,2021-10-15 05:10:56,515886,3218.517065048218
1546,2021-10-15 08:10:49,515886,3142.994165420532
1547,2021-10-15 05:10:47,515887,3189.368963241577
1548,2021-10-15 09:10:58,515887,3390.9361362457275
1549,2021-10-16 02:10:44,515887,3318.0460929870605
1550,2021-10-16 03:10:02,515887,3214.1571044921875
1551,2021-10-16 03:10:32,515887,3294.6441173553467
1552,2021-10-15 05:10:49,515888,3150.128126144409
1553,2021-10-16 02:10:36,515888,3274.9898433685303
1554,2021-10-15 09:10:17,515889,3123.318910598755
1555,2021-10-15 10:10:57,515890,3058.574914932251
1556,2021-10-16 02:10:11,515890,3161.6649627685547
1557,2021-10-16 04:10:44,515890,3172.901153564453
1558,2021-10-15 10:10:28,515892,3094.0048694610596
1559,2021-10-15 10:10:57,515892,3057.5640201568604
1560,2021-10-16 03:10:04,515892,3219.464063644409
1561,2021-10-16 08:10:53,515892,3056.248903274536
1562,2021-10-15 10:10:30,515893,3192.3630237579346
1563,2021-10-16 05:10:01,515893,3232.9840660095215
1564,2021-10-16 05:10:32,515893,3203.0889987945557
1565,2021-10-16 05:10:43,515893,3150.6619453430176
1566,2021-10-16 08:10:30,515893,3281.156063079834
1567,2021-10-16 09:10:10,515893,3224.472999572754
1568,2021-10-16 09:10:12,515893,3112.0660305023193
1569,2021-10-16 05:10:57,515894,3141.6940689086914
1570,2021-10-16 12:10:46,515894,3105.0829887390137
1571,2021-10-16 01:10:15,515895,3144.537925720215
1572,2021-10-16 01:10:41,515895,3213.2890224456787
1573,2021-10-16 01:10:46,515895,3164.9880409240723
1574,2021-10-16 05:10:31,515895,3313.2050037384033
1575,2021-10-16 06:10:07,515896,3193.2921409606934
1576,2021-10-16 06:10:02,515897,3262.458086013794
1577,2021-10-16 06:10:09,515897,3235.727071762085
1578,2021-10-16 09:10:40,515897,3051.9800186157227
1579,2021-10-16 12:10:26,515897,3032.6268672943115
1580,2021-10-16 01:10:18,515898,3057.018995285034
1581,2021-10-16 01:10:20,515898,3243.2620525360107
1582,2021-10-16 02:10:07,515898,3146.390914916992
1583,2021-10-16 10:10:28,515898,3102.3077964782715
1584,2021-10-16 10:10:58,515898,3171.734094619751
1585,2021-10-16 06:10:31,515899,3092.108964920044
1586,2021-10-16 06:10:44,515899,3128.322124481201
1587,2021-10-16 10:10:52,515899,3105.065107345581
1588,2021-10-16 11:10:41,515905,3104.1879653930664
1589,2021-10-16 01:10:35,515910,3184.9257946014404
1590,2021-10-16 02:10:08,515910,3293.3809757232666
1591,2021-10-16 10:10:33,515910,3183.61496925354
1592,2021-10-17 01:10:42,515911,3039.792060852051
1593,2021-10-17 12:10:40,515911,3297.5919246673584
1594,2021-10-17 02:10:06,515912,3285.8738899230957
1595,2021-10-17 02:10:19,515912,3358.7300777435303
1596,2021-10-17 03:10:24,515912,3086.0838890075684
1597,2021-10-17 05:10:01,515918,3179.0380477905273
1598,2021-10-17 06:10:16,515921,3217.967987060547
1599,2021-10-17 07:10:13,515921,3170.536994934082
1600,2021-10-17 01:10:29,515925,3245.3489303588867
1601,2021-10-17 02:10:12,515925,3112.64705657959
1602,2021-10-17 01:10:00,515926,3133.3189010620117
1603,2021-10-17 02:10:01,515926,3197.8089809417725
1604,2021-10-17 04:10:53,515930,3247.889995574951
1605,2021-10-17 05:10:04,515930,3100.4581451416016
1606,2021-10-17 07:10:50,515930,3094.205141067505
1607,2021-10-17 08:10:26,515930,3157.9229831695557
1608,2021-10-18 12:10:26,515936,3239.8629188537598
1609,2021-10-18 04:10:44,515938,2925.3039360046387
1610,2021-10-18 05:10:44,515938,3316.857099533081
1611,2021-10-18 05:10:51,515938,4044.2371368408203
1612,2021-10-18 06:10:28,515938,3192.95597076416
1613,2021-10-18 06:10:29,515938,3204.0178775787354
1614,2021-10-18 06:10:48,515938,3082.500219345093
1615,2021-10-18 06:10:55,515938,3137.06111907959
1616,2021-10-18 07:10:04,515938,3142.764091491699
1617,2021-10-18 07:10:27,515938,3157.4409008026123
1618,2021-10-18 07:10:29,515938,3247.8349208831787
1619,2021-10-18 07:10:35,515938,3207.0419788360596
1620,2021-10-18 07:10:49,515938,3013.561010360718
1621,2021-10-18 07:10:54,515938,3186.5739822387695
1622,2021-10-18 08:10:58,515938,3058.6109161376953
1623,2021-10-18 01:10:01,515939,3173.3717918395996
1624,2021-10-18 01:10:17,515939,3029.0980339050293
1625,2021-10-18 01:10:38,515939,3291.959047317505
1626,2021-10-18 02:10:33,515939,2998.9919662475586
1627,2021-10-18 03:10:01,515939,2936.974048614502
1628,2021-10-18 03:10:57,515939,3246.411085128784
1629,2021-10-18 04:10:01,515939,3115.0259971618652
1630,2021-10-18 04:10:35,515939,3162.0070934295654
1631,2021-10-18 05:10:11,515939,3041.4130687713623
1632,2021-10-18 08:10:25,515939,3223.08611869812
1633,2021-10-18 09:10:18,515939,3203.3989429473877
1634,2021-10-18 11:10:31,515939,3070.3511238098145
1635,2021-10-18 12:10:01,515939,3116.560935974121
1636,2021-10-18 12:10:05,515939,3378.2899379730225
1637,2021-10-18 02:10:33,515940,3107.9800128936768
1638,2021-10-18 03:10:02,515940,2950.061082839966
1639,2021-10-18 04:10:03,515940,3202.204942703247
1640,2021-10-18 05:10:03,515940,2941.514015197754
1641,2021-10-18 05:10:33,515940,3274.2598056793213
1642,2021-10-18 05:10:52,515940,3158.402919769287
1643,2021-10-18 05:10:54,515940,3224.506139755249
1644,2021-10-18 06:10:17,515940,3124.8090267181396
1645,2021-10-18 06:10:13,515942,3177.9401302337646
1646,2021-10-18 08:10:43,515943,3117.810010910034
1647,2021-10-18 09:10:16,515943,3171.9279289245605
1648,2021-10-18 08:10:31,515944,3057.8949451446533
1649,2021-10-18 09:10:09,515944,3139.009952545166
1650,2021-10-18 08:10:30,515945,3209.955930709839
1651,2021-10-18 09:10:25,515945,3143.984079360962
1652,2021-10-18 10:10:02,515947,3132.1520805358887
1653,2021-10-18 10:10:11,515947,3273.819923400879
1654,2021-10-18 10:10:24,515947,3271.130084991455
1655,2021-10-18 10:10:41,515947,2992.9568767547607
1656,2021-10-18 11:10:10,515948,3260.5459690093994
1657,2021-10-18 11:10:26,515948,3061.004161834717
1658,2021-10-19 01:10:15,515949,3217.146873474121
1659,2021-10-19 01:10:23,515949,3221.384048461914
1660,2021-10-19 03:10:09,515949,3176.151990890503
1661,2021-10-19 02:10:46,515950,3215.895175933838
1662,2021-10-19 04:10:07,515953,3199.506998062134
1663,2021-10-19 04:10:25,515953,3162.606954574585
1664,2021-10-19 04:10:40,515953,3078.873872756958
1665,2021-10-19 04:10:49,515953,3029.1337966918945
1666,2021-10-19 05:10:23,515953,3058.349132537842
1667,2021-10-19 06:10:07,515953,3157.886028289795
1668,2021-10-19 06:10:47,515953,3096.27103805542
1669,2021-10-19 04:10:43,515954,3138.5810375213623
1670,2021-10-19 05:10:37,515954,3073.8210678100586
1671,2021-10-19 05:10:51,515954,3200.2029418945312
1672,2021-10-19 06:10:40,515954,3123.8160133361816
1673,2021-10-19 06:10:50,515954,3221.096992492676
1674,2021-10-19 07:10:05,515956,3307.8320026397705
1675,2021-10-19 09:10:55,515956,3196.213960647583
1676,2021-10-19 08:10:27,515958,3201.206922531128
1677,2021-10-19 10:10:45,515958,3250.133991241455
1678,2021-10-19 09:10:35,515959,3042.2258377075195
1679,2021-10-19 10:10:00,515959,3255.4171085357666
1680,2021-10-19 10:10:53,515959,3213.8450145721436
1681,2021-10-19 11:10:20,515959,2986.029863357544
1682,2021-10-19 11:10:44,515959,3067.7549839019775
1683,2021-10-19 11:10:50,515959,3341.089963912964
1684,2021-10-19 01:10:18,515961,3067.803144454956
1685,2021-10-19 12:10:43,515961,3040.333032608032
1686,2021-10-19 01:10:00,515962,3101.1509895324707
1687,2021-10-19 01:10:11,515962,3076.2619972229004
1688,2021-10-19 01:10:54,515962,3107.876777648926
1689,2021-10-19 01:10:56,515962,3047.227144241333
1690,2021-10-19 02:10:10,515962,3147.268056869507
1691,2021-10-19 04:10:50,515963,3051.313877105713
1692,2021-10-19 05:10:23,515963,3117.1419620513916
1693,2021-10-19 05:10:26,515963,3093.189001083374
1694,2021-10-19 05:10:29,515963,3156.259059906006
1695,2021-10-19 05:10:45,515963,3149.2152214050293
1696,2021-10-19 03:10:50,515964,3203.882932662964
1697,2021-10-19 03:10:51,515965,3221.568822860718
1698,2021-10-19 04:10:46,515965,3077.3520469665527
1699,2021-10-19 06:10:36,515967,3212.6259803771973
1700,2021-10-19 07:10:17,515967,3242.488145828247
1701,2021-10-19 08:10:06,515967,3067.1980381011963
1702,2021-10-19 08:10:30,515967,3304.121971130371
1703,2021-10-19 07:10:03,515968,3164.846181869507
1704,2021-10-19 07:10:28,515969,3259.3979835510254
1705,2021-10-19 08:10:23,515970,3257.4400901794434
1706,2021-10-19 08:10:26,515970,3148.3631134033203
1707,2021-10-19 08:10:59,515970,3325.533866882324
1708,2021-10-19 10:10:04,515970,3153.3610820770264
1709,2021-10-19 10:10:12,515970,3150.654077529907
1710,2021-10-19 10:10:55,515970,3224.9538898468018
1711,2021-10-19 10:10:57,515970,3053.3881187438965
1712,2021-10-19 11:10:29,515970,3144.3228721618652
1713,2021-10-19 08:10:24,515971,3017.038106918335
1714,2021-10-19 11:10:46,515971,3184.844970703125
1715,2021-10-20 12:10:41,515971,3309.272050857544
1716,2021-10-20 01:10:23,515972,3176.3460636138916
1717,2021-10-20 12:10:10,515972,3080.688953399658
1718,2021-10-20 12:10:57,515972,3215.441942214966
1719,2021-10-20 01:10:36,515973,3231.9369316101074
1720,2021-10-20 12:10:16,515973,3262.4669075012207
1721,2021-10-20 12:10:48,515977,3001.173973083496
1722,2021-10-20 01:10:34,515978,3091.059923171997
1723,2021-10-20 01:10:44,515978,3236.865997314453
1724,2021-10-20 03:10:42,515978,3056.398868560791
1725,2021-10-20 01:10:15,515979,3266.4918899536133
1726,2021-10-20 03:10:13,515979,3225.91495513916
1727,2021-10-20 05:10:44,515982,2974.810838699341
1728,2021-10-20 05:10:13,515983,3158.6809158325195
1729,2021-10-20 06:10:03,515983,3281.2039852142334
1730,2021-10-20 07:10:04,515983,3258.0220699310303
1731,2021-10-20 07:10:26,515983,3190.5839443206787
1732,2021-10-20 01:10:43,515984,3026.4840126037598
1733,2021-10-20 06:10:03,515984,3057.3339462280273
1734,2021-10-20 06:10:49,515984,3231.872081756592
1735,2021-10-20 08:10:22,515984,3200.181007385254
1736,2021-10-20 09:10:30,515984,3198.9400386810303
1737,2021-10-20 10:10:27,515984,3184.3888759613037
1738,2021-10-20 11:10:04,515984,3119.2710399627686
1739,2021-10-20 11:10:40,515984,2903.696060180664
1740,2021-10-20 11:10:41,515984,3009.62495803833
1741,2021-10-20 11:10:56,515984,3242.1700954437256
1742,2021-10-20 12:10:01,515984,3119.843006134033
1743,2021-10-20 12:10:06,515984,3092.8220748901367
1744,2021-10-20 12:10:25,515984,3038.8920307159424
1745,2021-10-20 12:10:44,515984,3094.7651863098145
1746,2021-10-20 12:10:50,515984,3122.798204421997
1747,2021-10-20 02:10:07,515985,3107.2378158569336
1748,2021-10-20 03:10:12,515985,3260.395050048828
1749,2021-10-20 03:10:19,515985,3234.959125518799
1750,2021-10-20 03:10:20,515986,3079.138994216919
1751,2021-10-20 03:10:46,515986,3153.0938148498535
1752,2021-10-20 05:10:49,515986,3132.4050426483154
1753,2021-10-20 04:10:35,515987,3170.3741550445557
1754,2021-10-20 05:10:29,515988,3166.9578552246094
1755,2021-10-20 06:10:10,515989,3223.068952560425
1756,2021-10-20 05:10:56,515990,3023.2279300689697
1757,2021-10-20 07:10:19,515990,3274.791955947876
1758,2021-10-20 07:10:22,515991,3284.965991973877
1759,2021-10-20 08:10:52,515992,3126.8720626831055
1760,2021-10-20 08:10:30,515993,3064.532995223999
1761,2021-10-20 08:10:59,515993,2997.1039295196533
1762,2021-10-20 09:10:56,515993,2982.128143310547
1763,2021-10-20 11:10:04,515995,3043.389081954956
1764,2021-10-20 11:10:11,515995,3081.2649726867676
1765,2021-10-21 12:10:47,515995,3144.4687843322754
1766,2021-10-21 12:10:50,515995,3065.1400089263916
1767,2021-10-21 12:10:04,515999,3056.7450523376465
1768,2021-10-21 12:10:28,515999,3192.9948329925537
1769,2021-10-21 02:10:21,516001,3224.2629528045654
1770,2021-10-21 03:10:42,516001,3093.456029891968
1771,2021-10-21 03:10:40,516002,3202.6870250701904
1772,2021-10-21 04:10:07,516002,3122.8740215301514
1773,2021-10-21 04:10:18,516005,3241.750955581665
1774,2021-10-21 05:10:10,516005,3128.8490295410156
1775,2021-10-21 06:10:36,516005,3298.0239391326904
1776,2021-10-21 05:10:37,516006,3264.9919986724854
1777,2021-10-21 06:10:14,516006,3162.9459857940674
1778,2021-10-21 06:10:26,516007,3185.4100227355957
1779,2021-10-21 06:10:48,516007,3072.951078414917
1780,2021-10-21 06:10:58,516007,3235.934019088745
1781,2021-10-21 07:10:42,516007,3016.2811279296875
1782,2021-10-21 08:10:15,516011,3050.152063369751
1783,2021-10-21 08:10:30,516011,3195.261001586914
1784,2021-10-21 09:10:29,516012,3150.3660678863525
1785,2021-10-21 10:10:50,516012,3180.1841259002686
1786,2021-10-21 11:10:32,516012,3135.5369091033936
1787,2021-10-21 02:10:23,516013,3215.189218521118
1788,2021-10-21 02:10:37,516013,3032.1168899536133
1789,2021-10-21 03:10:00,516013,3215.646982192993
1790,2021-10-21 03:10:01,516013,3254.57501411438
1791,2021-10-21 03:10:30,516013,3083.1100940704346
1792,2021-10-21 04:10:18,516013,3166.0900115966797
1793,2021-10-21 11:10:47,516013,3197.2289085388184
1794,2021-10-21 12:10:56,516013,3219.9788093566895
1795,2021-10-21 04:10:19,516015,3162.8429889678955
1796,2021-10-21 05:10:22,516015,3254.542112350464
1797,2021-10-21 03:10:40,516016,3262.94207572937
1798,2021-10-21 05:10:11,516016,3108.552932739258
1799,2021-10-21 05:10:31,516016,3104.624032974243
1800,2021-10-21 05:10:43,516016,3093.1689739227295
1801,2021-10-21 07:10:13,516016,3195.4479217529297
1802,2021-10-21 07:10:44,516016,3190.105199813843
1803,2021-10-21 09:10:15,516016,3120.727062225342
1804,2021-10-21 06:10:31,516017,3118.9348697662354
1805,2021-10-21 07:10:06,516018,3116.1420345306396
1806,2021-10-21 11:10:35,516018,3081.135034561157
1807,2021-10-21 07:10:35,516019,3179.9209117889404
1808,2021-10-21 07:10:52,516019,3087.311029434204
1809,2021-10-21 08:10:13,516020,3086.5349769592285
1810,2021-10-21 08:10:06,516021,3041.830062866211
1811,2021-10-21 08:10:45,516021,3243.255853652954
1812,2021-10-21 11:10:50,516021,3123.6870288848877
1813,2021-10-21 11:10:55,516021,3192.9931640625
1814,2021-10-21 11:10:58,516021,3149.590015411377
1815,2021-10-22 12:10:04,516021,3155.3120613098145
1816,2021-10-22 12:10:06,516021,3351.3760566711426
1817,2021-10-22 12:10:53,516021,3257.051944732666
1818,2021-10-22 01:10:32,516022,3128.925085067749
1819,2021-10-22 01:10:32,516022,3262.239933013916
1820,2021-10-22 01:10:44,516022,3245.929956436157
1821,2021-10-22 02:10:02,516022,3285.4371070861816
1822,2021-10-22 02:10:43,516022,3129.638195037842
1823,2021-10-22 02:10:59,516022,3240.4019832611084
1824,2021-10-22 05:10:12,516022,3143.3348655700684
1825,2021-10-22 05:10:32,516022,3146.3239192962646
1826,2021-10-22 05:10:32,516022,3003.1042098999023
1827,2021-10-22 02:10:47,516023,3197.944164276123
1828,2021-10-22 06:10:23,516023,3096.8680381774902
1829,2021-10-22 06:10:38,516023,3096.487045288086
1830,2021-10-22 07:10:23,516023,3187.695026397705
1831,2021-10-22 06:10:06,516027,3053.5240173339844
1832,2021-10-22 07:10:01,516027,3098.0160236358643
1833,2021-10-22 06:10:24,516029,3085.2699279785156
1834,2021-10-22 07:10:02,516030,3015.007972717285
1835,2021-10-22 07:10:25,516031,3191.880941390991
1836,2021-10-22 07:10:29,516031,3118.57008934021
1837,2021-10-22 07:10:30,516031,3220.0281620025635
1838,2021-10-22 07:10:38,516031,3238.726854324341
1839,2021-10-22 08:10:29,516031,2953.207015991211
1840,2021-10-22 11:10:51,516031,3054.845094680786
1841,2021-10-22 08:10:10,516032,3103.353977203369
1842,2021-10-22 09:10:16,516032,3148.5090255737305
1843,2021-10-22 10:10:31,516036,3058.0358505249023
1844,2021-10-22 01:10:08,516037,3171.894073486328
1845,2021-10-22 01:10:19,516037,3079.3449878692627
1846,2021-10-22 11:10:00,516037,3231.621026992798
1847,2021-10-22 12:10:05,516037,3272.4740505218506
1848,2021-10-22 11:10:37,516038,3214.6778106689453
1849,2021-10-22 12:10:27,516038,3094.1460132598877
1850,2021-10-22 12:10:45,516038,3240.0739192962646
1851,2021-10-22 01:10:04,516039,2880.6498050689697
1852,2021-10-22 01:10:34,516039,3171.16379737854
1853,2021-10-22 02:10:53,516039,3205.472946166992
1854,2021-10-22 01:10:06,516040,3149.451971054077
1855,2021-10-22 01:10:09,516040,3181.8180084228516
1856,2021-10-22 01:10:34,516040,3086.8899822235107
1857,2021-10-22 02:10:52,516040,3109.82084274292
1858,2021-10-22 02:10:56,516040,3255.768060684204
1859,2021-10-22 03:10:13,516040,3180.4778575897217
1860,2021-10-22 03:10:42,516040,3243.1299686431885
1861,2021-10-22 02:10:01,516041,3063.5929107666016
1862,2021-10-22 02:10:43,516041,3285.205125808716
1863,2021-10-22 02:10:57,516041,3290.3199195861816
1864,2021-10-22 03:10:32,516042,3089.74289894104
1865,2021-10-22 03:10:49,516042,3169.1009998321533
1866,2021-10-22 03:10:54,516042,3150.0120162963867
1867,2021-10-22 04:10:07,516042,3131.662130355835
1868,2021-10-22 04:10:54,516042,3100.611925125122
1869,2021-10-22 04:10:02,516044,3164.5259857177734
1870,2021-10-22 04:10:25,516044,3204.780101776123
1871,2021-10-22 05:10:49,516044,3065.2129650115967
1872,2021-10-22 05:10:34,516045,2988.8269901275635
1873,2021-10-22 05:10:56,516045,3067.497968673706
1874,2021-10-22 06:10:05,516045,3109.5378398895264
1875,2021-10-22 06:10:48,516045,3242.331027984619
1876,2021-10-22 07:10:03,516045,3022.3100185394287
1877,2021-10-22 05:10:47,516046,3121.717929840088
1878,2021-10-22 06:10:30,516046,3283.565044403076
1879,2021-10-22 06:10:36,516046,3183.974027633667
1880,2021-10-22 06:10:43,516046,3164.095163345337
1881,2021-10-22 07:10:35,516046,3113.0359172821045
1882,2021-10-22 06:10:22,516047,3209.8610401153564
1883,2021-10-22 08:10:33,516047,3051.363945007324
1884,2021-10-22 07:10:00,516048,3044.0709590911865
1885,2021-10-22 09:10:40,516048,3188.9638900756836
1886,2021-10-22 08:10:15,516049,3051.8290996551514
1887,2021-10-22 09:10:17,516050,3120.232105255127
1888,2021-10-22 11:10:34,516050,3071.5057849884033
1889,2021-10-22 11:10:32,516051,3052.0458221435547
1890,2021-10-22 11:10:42,516053,3056.6790103912354
1891,2021-10-23 12:10:57,516053,3083.0512046813965
1892,2021-10-23 12:10:30,516054,3090.40904045105
1893,2021-10-23 12:10:37,516054,2996.365785598755
1894,2021-10-23 01:10:36,516055,3177.3409843444824
1895,2021-10-23 03:10:43,516055,3037.6250743865967
1896,2021-10-23 01:10:12,516056,3223.5100269317627
1897,2021-10-23 01:10:37,516056,3017.4179077148438
1898,2021-10-23 02:10:34,516056,3107.6409816741943
1899,2021-10-23 12:10:04,516056,3055.8979511260986
1900,2021-10-23 02:10:41,516058,3174.525022506714
1901,2021-10-23 02:10:21,516066,3248.396873474121
1902,2021-10-23 03:10:04,516066,3076.8539905548096
1903,2021-10-23 03:10:35,516066,3079.831838607788
1904,2021-10-23 04:10:52,516066,3057.804822921753
1905,2021-10-23 05:10:13,516066,3125.2410411834717
1906,2021-10-23 05:10:32,516066,3028.8190841674805
1907,2021-10-23 06:10:27,516066,3128.5650730133057
1908,2021-10-23 06:10:32,516066,3208.301067352295
1909,2021-10-23 06:10:50,516066,3092.9720401763916
1910,2021-10-23 07:10:32,516066,3156.9437980651855
1911,2021-10-23 08:10:40,516066,3054.3689727783203
1912,2021-10-23 09:10:04,516066,3387.7460956573486
1913,2021-10-23 11:10:02,516066,3261.0809803009033
1914,2021-10-23 11:10:55,516066,3176.102876663208
1915,2021-10-24 01:10:33,516066,3159.0490341186523
1916,2021-10-24 05:10:22,516066,3241.9469356536865
1917,2021-10-24 06:10:00,516066,3106.917142868042
1918,2021-10-24 09:10:09,516066,3273.3750343322754
1919,2021-10-24 10:10:30,516066,3268.2559490203857
1920,2021-10-24 11:10:41,516066,3123.22998046875
1921,2021-10-24 11:10:42,516066,3193.0811405181885
1922,2021-10-24 12:10:34,516066,3173.6860275268555
1923,2021-10-24 01:10:11,516067,3291.264057159424
1924,2021-10-24 02:10:28,516067,3086.7271423339844
1925,2021-10-25 10:10:29,516076,3232.988119125366
1926,2021-10-25 10:10:47,516076,3008.8160037994385
1927,2021-10-25 01:10:01,516079,3227.743148803711
1928,2021-10-25 01:10:04,516079,3200.018882751465
1929,2021-10-25 01:10:07,516079,3043.1978702545166
1930,2021-10-25 01:10:47,516079,3184.1931343078613
1931,2021-10-25 01:10:56,516079,3219.1100120544434
1932,2021-10-25 01:10:59,516079,3218.0659770965576
1933,2021-10-25 02:10:58,516079,3226.170063018799
1934,2021-10-25 03:10:01,516079,3121.727228164673
1935,2021-10-25 03:10:02,516079,3028.1291007995605
1936,2021-10-25 03:10:48,516079,3154.0918350219727
1937,2021-10-25 02:10:18,516080,3216.312885284424
1938,2021-10-25 02:10:25,516080,3138.162136077881
1939,2021-10-25 03:10:54,516080,3216.078996658325
1940,2021-10-25 06:10:35,516080,3227.908134460449
1941,2021-10-25 06:10:40,516080,3140.836000442505
1942,2021-10-25 02:10:03,516081,3248.281955718994
1943,2021-10-25 03:10:10,516081,3277.0731449127197
1944,2021-10-25 03:10:46,516081,3121.161937713623
1945,2021-10-25 04:10:26,516081,3142.503023147583
1946,2021-10-25 04:10:52,516081,3070.884943008423
1947,2021-10-25 06:10:10,516081,3077.934980392456
1948,2021-10-25 06:10:29,516081,3143.596887588501
1949,2021-10-25 06:10:35,516081,3144.6659564971924
1950,2021-10-25 06:10:52,516081,3127.3372173309326
1951,2021-10-25 08:10:36,516081,3236.8550300598145
1952,2021-10-25 09:10:37,516081,3123.2290267944336
1953,2021-10-25 06:10:24,516082,3172.795057296753
1954,2021-10-25 06:10:25,516082,3287.229061126709
1955,2021-10-25 09:10:25,516082,3169.5291996002197
1956,2021-10-25 09:10:46,516082,3111.9561195373535
1957,2021-10-25 07:10:17,516083,3212.7559185028076
1958,2021-10-25 07:10:52,516083,3202.655792236328
1959,2021-10-25 09:10:14,516083,3184.782028198242
1960,2021-10-25 09:10:37,516083,3169.780969619751
1961,2021-10-25 09:10:40,516083,3269.2511081695557
1962,2021-10-25 09:10:59,516083,3217.365026473999
1963,2021-10-25 10:10:35,516083,3166.3858890533447
1964,2021-10-25 10:10:55,516083,3327.3589611053467
1965,2021-10-25 09:10:42,516084,3204.6918869018555
1966,2021-10-25 11:10:06,516084,3270.232915878296
1967,2021-10-25 11:10:25,516084,3158.3259105682373
1968,2021-10-26 12:10:41,516084,3166.4340496063232
1969,2021-10-25 11:10:19,516085,3208.156108856201
1970,2021-10-26 01:10:19,516085,3092.617988586426
1971,2021-10-26 02:10:39,516085,3098.872184753418
1972,2021-10-26 12:10:16,516085,3013.0650997161865
1973,2021-10-26 01:10:32,516086,3241.492986679077
1974,2021-10-26 12:10:38,516086,3166.5830612182617
1975,2021-10-26 12:10:33,516087,3182.1529865264893
1976,2021-10-26 12:10:56,516087,3049.5338439941406
1977,2021-10-26 01:10:17,516090,3173.5548973083496
1978,2021-10-26 01:10:25,516091,3046.7309951782227
1979,2021-10-26 03:10:03,516091,3032.7320098876953
1980,2021-10-26 02:10:54,516092,3191.6158199310303
1981,2021-10-26 03:10:45,516092,3061.3839626312256
1982,2021-10-26 02:10:16,516093,3221.935987472534
1983,2021-10-26 02:10:36,516093,3232.125997543335
1984,2021-10-26 04:10:45,516093,3119.527816772461
1985,2021-10-26 03:10:39,516094,3149.228811264038
1986,2021-10-26 04:10:09,516094,3195.0371265411377
1987,2021-10-26 04:10:01,516096,3147.5839614868164
1988,2021-10-26 04:10:21,516096,3194.586992263794
1989,2021-10-26 05:10:18,516096,3233.9868545532227
1990,2021-10-26 06:10:01,516096,3132.4870586395264
1991,2021-10-26 06:10:15,516096,3230.3500175476074
1992,2021-10-26 04:10:14,516097,3217.972993850708
1993,2021-10-26 06:10:33,516098,2946.7549324035645
1994,2021-10-26 07:10:03,516098,2960.020065307617
1995,2021-10-26 07:10:04,516098,3158.8821411132812
1996,2021-10-26 07:10:07,516098,3188.6470317840576
1997,2021-10-26 07:10:09,516098,3349.2798805236816
1998,2021-10-26 07:10:20,516098,3078.212022781372
1999,2021-10-26 07:10:27,516098,3273.25701713562
2000,2021-10-26 08:10:10,516098,3146.7230319976807
2001,2021-10-26 08:10:15,516098,3110.1701259613037
2002,2021-10-26 08:10:31,516098,3177.5779724121094
2003,2021-10-26 09:10:07,516098,3314.2220973968506
2004,2021-10-26 09:10:40,516098,3303.421974182129
2005,2021-10-26 09:10:43,516098,3127.044916152954
2006,2021-10-26 10:10:25,516098,3133.227825164795
2007,2021-10-26 10:10:28,516098,3134.387969970703
2008,2021-10-26 01:10:08,516099,3231.1630249023438
2009,2021-10-26 01:10:18,516099,2985.764980316162
2010,2021-10-26 01:10:18,516099,3080.749034881592
2011,2021-10-26 01:10:40,516099,3170.400857925415
2012,2021-10-26 02:10:01,516099,3134.5460414886475
2013,2021-10-26 02:10:16,516099,3225.0401973724365
2014,2021-10-26 12:10:02,516099,3262.484073638916
2015,2021-10-26 12:10:27,516099,3079.280138015747
2016,2021-10-26 12:10:50,516099,3093.616008758545
2017,2021-10-26 02:10:03,516100,3156.3799381256104
2018,2021-10-26 02:10:47,516100,3063.206911087036
2019,2021-10-26 03:10:10,516100,3067.378044128418
2020,2021-10-26 03:10:22,516100,3230.064868927002
2021,2021-10-26 03:10:06,516101,3085.035800933838
2022,2021-10-26 04:10:37,516101,3088.8121128082275
2023,2021-10-26 03:10:00,516102,3197.7198123931885
2024,2021-10-26 03:10:11,516103,3235.0780963897705
2025,2021-10-26 03:10:15,516103,3180.3531646728516
2026,2021-10-26 04:10:03,516103,3120.2030181884766
2027,2021-10-26 04:10:25,516103,3064.178943634033
2028,2021-10-26 04:10:25,516103,3054.4400215148926
2029,2021-10-26 04:10:37,516103,3349.4420051574707
2030,2021-10-26 06:10:32,516103,3200.922966003418
2031,2021-10-26 06:10:40,516103,3066.256046295166
2032,2021-10-26 05:10:02,516104,3196.3820457458496
2033,2021-10-26 05:10:02,516104,3036.0350608825684
2034,2021-10-26 05:10:29,516104,3186.6841316223145
2035,2021-10-26 07:10:19,516104,3225.9559631347656
2036,2021-10-26 06:10:23,516107,3231.519937515259
2037,2021-10-26 09:10:18,516107,3186.3269805908203
2038,2021-10-26 07:10:34,516108,3138.280153274536
2039,2021-10-26 07:10:48,516108,3119.7750568389893
2040,2021-10-26 10:10:12,516108,3001.44100189209
2041,2021-10-26 09:10:07,516109,3172.9280948638916
2042,2021-10-26 09:10:34,516109,3058.8929653167725
2043,2021-10-26 09:10:56,516109,3186.6910457611084
2044,2021-10-26 10:10:00,516109,3092.5259590148926
2045,2021-10-26 09:10:47,516112,3211.779832839966
2046,2021-10-26 10:10:42,516112,3244.083881378174
2047,2021-10-26 11:10:07,516112,3190.0508403778076
2048,2021-10-26 09:10:28,516114,3243.2899475097656
2049,2021-10-26 10:10:59,516114,3201.223134994507
2050,2021-10-26 11:10:39,516116,3167.7181720733643
2051,2021-10-26 11:10:56,516116,3156.3990116119385
2052,2021-10-27 12:10:37,516116,3141.584873199463
2053,2021-10-26 11:10:41,516117,3160.688877105713
2054,2021-10-26 11:10:43,516117,3205.1150798797607
2055,2021-10-27 12:10:10,516117,3175.842046737671
2056,2021-10-27 12:10:11,516117,2986.0711097717285
2057,2021-10-27 12:10:59,516117,3033.302068710327
2058,2021-10-27 01:10:26,516119,3216.9101238250732
2059,2021-10-27 01:10:29,516119,3182.6210021972656
2060,2021-10-27 02:10:01,516119,3135.791063308716
2061,2021-10-27 03:10:27,516122,2966.4230346679688
2062,2021-10-27 05:10:50,516122,3202.077865600586
2063,2021-10-27 04:10:07,516124,3102.4348735809326
2064,2021-10-27 05:10:47,516124,3085.8590602874756
2065,2021-10-27 06:10:06,516124,3167.7770614624023
2066,2021-10-27 06:10:13,516124,4249.882936477661
2067,2021-10-27 05:10:49,516126,3075.2339363098145
2068,2021-10-27 07:10:09,516126,3157.3359966278076
2069,2021-10-27 07:10:26,516126,3018.317937850952
2070,2021-10-27 07:10:37,516126,3352.588891983032
2071,2021-10-27 06:10:18,516127,2929.994821548462
2072,2021-10-27 07:10:33,516127,3081.9740295410156
2073,2021-10-27 06:10:41,516128,3007.835865020752
2074,2021-10-27 06:10:49,516128,3287.971019744873
2075,2021-10-27 07:10:58,516128,3105.6039333343506
2076,2021-10-27 08:10:10,516128,3043.4579849243164
2077,2021-10-27 07:10:45,516129,3300.309896469116
2078,2021-10-27 08:10:45,516129,3291.1460399627686
2079,2021-10-27 09:10:02,516130,3099.573850631714
2080,2021-10-27 10:10:07,516130,3063.6420249938965
2081,2021-10-27 01:10:00,516133,3089.2789363861084
2082,2021-10-27 01:10:01,516133,2864.2420768737793
2083,2021-10-27 01:10:32,516133,3234.450101852417
2084,2021-10-27 02:10:14,516133,3271.353006362915
2085,2021-10-27 02:10:18,516133,3366.288900375366
2086,2021-10-27 02:10:47,516133,3071.887969970703
2087,2021-10-27 03:10:02,516133,3185.5690479278564
2088,2021-10-27 03:10:13,516133,3109.657049179077
2089,2021-10-27 03:10:25,516133,3157.40704536438
2090,2021-10-27 03:10:29,516133,3138.638973236084
2091,2021-10-27 04:10:19,516133,3187.4349117279053
2092,2021-10-27 11:10:28,516133,3342.448949813843
2093,2021-10-27 12:10:29,516133,3257.0409774780273
2094,2021-10-27 03:10:11,516134,3046.2090969085693
2095,2021-10-27 04:10:23,516134,3260.359048843384
2096,2021-10-27 04:10:49,516134,3252.4330615997314
2097,2021-10-27 05:10:52,516134,3151.9601345062256
2098,2021-10-27 10:10:39,516134,3237.0870113372803
2099,2021-10-27 05:10:49,516136,3190.3250217437744
2100,2021-10-27 06:10:04,516138,3056.101083755493
2101,2021-10-27 06:10:03,516139,3302.802801132202
2102,2021-10-27 07:10:47,516139,3175.143003463745
2103,2021-10-27 09:10:15,516139,2974.6570587158203
2104,2021-10-28 01:10:42,516140,3218.276023864746
2105,2021-10-28 12:10:16,516140,3221.9138145446777
2106,2021-10-28 02:10:23,516144,3104.909896850586
2107,2021-10-28 04:10:15,516144,3181.168794631958
2108,2021-10-28 03:10:00,516146,3306.497097015381
2109,2021-10-28 03:10:56,516149,3087.069034576416
2110,2021-10-28 05:10:14,516149,3255.817174911499
2111,2021-10-28 04:10:54,516150,3112.663984298706
2112,2021-10-28 04:10:06,516151,3319.2410469055176
2113,2021-10-28 05:10:02,516152,3207.2718143463135
2114,2021-10-28 05:10:03,516153,3227.756977081299
2115,2021-10-28 05:10:26,516159,3056.655168533325
2116,2021-10-28 07:10:33,516163,3080.0960063934326
2117,2021-10-28 07:10:36,516163,3163.2421016693115
2118,2021-10-28 08:10:10,516163,3198.22096824646
2119,2021-10-28 08:10:51,516163,3139.4829750061035
2120,2021-10-28 09:10:20,516163,3201.3587951660156
2121,2021-10-28 09:10:48,516163,3203.8469314575195
2122,2021-10-28 10:10:26,516163,3125.9310245513916
2123,2021-10-28 03:10:28,516164,3238.8041019439697
2124,2021-10-28 03:10:49,516164,3112.6601696014404
2125,2021-10-28 11:10:56,516164,3118.5638904571533
2126,2021-10-28 12:10:23,516164,3049.008846282959
2127,2021-10-28 05:10:10,516165,3218.1448936462402
2128,2021-10-28 05:10:37,516165,3073.2460021972656
2129,2021-10-28 06:10:22,516165,3070.2450275421143
2130,2021-10-28 05:10:14,516166,3278.68390083313
2131,2021-10-28 07:10:59,516166,3171.452045440674
2132,2021-10-28 09:10:33,516166,3255.5389404296875
2133,2021-10-28 09:10:37,516166,3264.9571895599365
2134,2021-10-28 05:10:56,516168,3267.516851425171
2135,2021-10-28 06:10:37,516168,3277.611017227173
2136,2021-10-28 07:10:46,516168,3254.1520595550537
2137,2021-10-28 06:10:36,516169,3148.8988399505615
2138,2021-10-28 11:10:08,516169,3289.090871810913
2139,2021-10-28 06:10:32,516170,3219.376802444458
2140,2021-10-28 10:10:56,516170,3217.0050144195557
2141,2021-10-28 11:10:42,516170,3256.571054458618
2142,2021-10-29 01:10:12,516171,3296.9870567321777
2143,2021-10-29 01:10:14,516171,3218.812942504883
2144,2021-10-29 01:10:55,516171,3124.256134033203
2145,2021-10-29 02:10:49,516172,3151.9999504089355
2146,2021-10-29 04:10:50,516172,3070.2030658721924
2147,2021-10-29 02:10:08,516174,3229.825019836426
2148,2021-10-29 06:10:59,516174,3137.4619007110596
2149,2021-10-29 07:10:30,516174,3136.2831592559814
2150,2021-10-29 07:10:58,516174,3120.0530529022217
2151,2021-10-29 08:10:45,516175,3228.849172592163
2152,2021-10-29 09:10:19,516175,3247.9679584503174
2153,2021-10-29 08:10:01,516176,3178.133964538574
2154,2021-10-29 08:10:04,516176,3088.736057281494
2155,2021-10-29 08:10:16,516176,3285.938024520874
2156,2021-10-29 08:10:40,516176,3095.0520038604736
2157,2021-10-29 08:10:43,516176,3211.994171142578
2158,2021-10-29 10:10:54,516176,3258.2061290740967
2159,2021-10-29 10:10:56,516176,3238.6879920959473
2160,2021-10-29 11:10:32,516176,3230.924129486084
2161,2021-10-29 12:10:30,516176,3237.9908561706543
2162,2021-10-29 01:10:44,516177,3143.9151763916016
2163,2021-10-29 02:10:14,516177,3145.9908485412598
2164,2021-10-29 02:10:17,516177,3169.6619987487793
2165,2021-10-29 07:10:05,516177,3281.301975250244
2166,2021-10-29 07:10:54,516177,3291.517972946167
2167,2021-10-29 08:10:48,516177,3301.0599613189697
2168,2021-10-29 02:10:11,516178,3264.0621662139893
2169,2021-10-29 02:10:58,516178,3225.4209518432617
2170,2021-10-29 04:10:34,516178,3105.77392578125
2171,2021-10-29 05:10:36,516178,3220.090866088867
2172,2021-10-29 07:10:26,516178,3154.780864715576
2173,2021-10-29 07:10:49,516178,3218.1038856506348
2174,2021-10-29 05:10:38,516179,3239.4559383392334
2175,2021-10-29 06:10:35,516179,3220.6289768218994
2176,2021-10-29 10:10:40,516179,3234.2331409454346
2177,2021-10-29 10:10:48,516179,3161.88907623291
2178,2021-10-29 11:10:29,516179,3121.7150688171387
2179,2021-10-29 10:10:44,516180,3230.720043182373
2180,2021-10-30 12:10:33,516180,3150.5470275878906
2181,2021-10-29 09:10:59,516181,3312.762975692749
2182,2021-10-30 01:10:31,516181,3100.7189750671387
2183,2021-10-30 01:10:59,516181,3059.419870376587
2184,2021-10-30 03:10:08,516181,3103.5830974578857
2185,2021-10-30 05:10:13,516181,3132.0879459381104
2186,2021-10-30 06:10:21,516181,3162.0328426361084
2187,2021-10-30 07:10:01,516181,3148.9059925079346
2188,2021-10-30 07:10:33,516181,3193.397045135498
2189,2021-10-30 08:10:44,516181,3138.221025466919
2190,2021-10-30 12:10:09,516181,3206.8228721618652
2191,2021-10-30 07:10:21,516182,3175.5318641662598
2192,2021-10-30 07:10:22,516182,3173.2800006866455
2193,2021-10-30 07:10:56,516182,3098.850965499878
2194,2021-10-30 07:10:54,516184,3334.670066833496
2195,2021-10-30 08:10:08,516184,3186.466932296753
2196,2021-10-30 09:10:36,516184,3242.7279949188232
2197,2021-10-30 08:10:29,516187,3249.713897705078
2198,2021-10-30 09:10:07,516189,3054.2690753936768
2199,2021-10-30 11:10:56,516189,3173.454999923706
2200,2021-10-30 02:10:03,516190,3236.1130714416504
2201,2021-10-30 03:10:06,516190,3124.591827392578
2202,2021-10-30 03:10:40,516193,3112.440824508667
2203,2021-10-30 05:10:17,516193,3206.29620552063
2204,2021-10-30 05:10:41,516193,3180.443048477173
2205,2021-10-30 06:10:03,516193,3108.337879180908
2206,2021-10-30 07:10:50,516194,3133.9690685272217
2207,2021-10-30 09:10:48,516194,3140.2978897094727
2208,2021-10-31 04:10:56,516194,3097.275972366333
2209,2021-10-31 11:10:45,516195,3295.369863510132
2210,2021-10-31 12:10:38,516195,3191.5080547332764
2211,2021-10-31 04:10:17,516199,3323.6119747161865
2212,2021-10-31 06:10:53,516199,3255.581855773926
2213,2021-10-31 07:10:04,516199,3317.1470165252686
2214,2021-10-31 07:10:29,516199,3027.4648666381836
2215,2021-10-31 09:10:00,516199,3279.0040969848633
2216,2021-10-31 09:10:21,516199,3167.4110889434814
2217,2021-10-31 09:10:28,516199,3332.300901412964
2218,2021-10-31 09:10:39,516199,3130.451202392578
2219,2021-10-31 09:10:47,516199,3329.493999481201
2220,2021-10-31 09:10:49,516199,3423.1138229370117
2221,2021-10-31 09:10:56,516199,3053.455114364624
2222,2021-10-31 10:10:29,516199,3080.16300201416
2223,2021-10-31 11:10:25,516199,3034.0359210968018
2224,2021-10-31 11:10:39,516199,3213.2110595703125
2225,2021-10-31 11:10:43,516199,3179.216146469116
2226,2021-11-01 05:11:01,516207,3196.552038192749
2227,2021-11-01 07:11:10,516207,3131.0441493988037
2228,2021-11-01 01:11:51,516217,3241.6131496429443
2229,2021-11-01 03:11:58,516217,3016.1068439483643
2230,2021-11-01 10:11:33,516217,3186.7780685424805
2231,2021-11-01 11:11:14,516217,3165.5399799346924
2232,2021-11-01 11:11:18,516217,3095.655918121338
2233,2021-11-01 11:11:24,516217,3258.761167526245
2234,2021-11-01 11:11:26,516217,2935.889959335327
2235,2021-11-01 11:11:26,516217,3207.4501514434814
2236,2021-11-01 12:11:42,516217,3064.9631023406982
2237,2021-11-01 03:11:53,516219,3178.299903869629
2238,2021-11-01 04:11:56,516219,3127.556085586548
2239,2021-11-01 05:11:53,516219,3157.072067260742
2240,2021-11-01 06:11:22,516219,3208.2340717315674
2241,2021-11-01 05:11:16,516221,3137.195110321045
2242,2021-11-01 06:11:21,516221,3153.630018234253
2243,2021-11-01 06:11:50,516222,3125.7760524749756
2244,2021-11-01 09:11:24,516223,3026.7748832702637
2245,2021-11-02 12:11:16,516223,3031.132936477661
2246,2021-11-02 03:11:38,516224,3165.9328937530518
2247,2021-11-02 05:11:21,516225,3113.574981689453
2248,2021-11-02 06:11:55,516226,3286.125898361206
2249,2021-11-02 09:11:54,516227,3148.711919784546
2250,2021-11-02 10:11:55,516227,3280.6429862976074
2251,2021-11-02 02:11:08,516228,3184.5359802246094
2252,2021-11-02 05:11:14,516228,3275.829076766968
2253,2021-11-02 11:11:48,516228,3136.4879608154297
2254,2021-11-02 12:11:14,516228,3055.6640625
2255,2021-11-02 12:11:21,516228,3343.561887741089
2256,2021-11-02 12:11:26,516228,3285.181999206543
2257,2021-11-02 12:11:43,516228,3149.0228176116943
2258,2021-11-02 01:11:51,516229,3007.5302124023438
2259,2021-11-02 02:11:08,516229,3186.758041381836
2260,2021-11-02 02:11:20,516229,3133.9728832244873
2261,2021-11-02 02:11:43,516229,3141.5321826934814
2262,2021-11-02 04:11:03,516229,3256.5250396728516
2263,2021-11-02 04:11:51,516229,3008.9797973632812
2264,2021-11-02 06:11:07,516229,3181.0150146484375
2265,2021-11-02 12:11:01,516229,3166.2979125976562
2266,2021-11-02 05:11:25,516231,3100.0659465789795
2267,2021-11-02 05:11:50,516232,3198.2169151306152
2268,2021-11-02 05:11:58,516232,3160.2721214294434
2269,2021-11-02 06:11:53,516232,3080.979108810425
2270,2021-11-02 07:11:11,516232,3033.0538749694824
2271,2021-11-02 07:11:17,516232,3102.889060974121
2272,2021-11-02 07:11:33,516232,3086.9569778442383
2273,2021-11-02 07:11:36,516232,3117.6722049713135
2274,2021-11-02 07:11:51,516232,3118.4849739074707
2275,2021-11-02 08:11:35,516232,3119.2259788513184
2276,2021-11-02 09:11:13,516232,3127.9661655426025
2277,2021-11-02 10:11:20,516233,3135.4129314422607
2278,2021-11-02 11:11:04,516233,3258.5110664367676
2279,2021-11-03 01:11:37,516236,3221.273899078369
2280,2021-11-03 12:11:36,516236,3205.6150436401367
2281,2021-11-02 11:11:22,516237,3054.9209117889404
2282,2021-11-03 01:11:21,516237,3093.4932231903076
2283,2021-11-03 01:11:02,516239,3146.793842315674
2284,2021-11-03 12:11:21,516239,3034.2090129852295
2285,2021-11-03 12:11:29,516239,3137.1679306030273
2286,2021-11-03 05:11:04,516243,3140.4788494110107
2287,2021-11-03 05:11:23,516243,3049.302816390991
2288,2021-11-03 05:11:57,516243,3382.972002029419
2289,2021-11-03 06:11:41,516243,3176.283836364746
2290,2021-11-03 06:11:29,516244,3160.222053527832
2291,2021-11-03 06:11:54,516244,3029.6051502227783
2292,2021-11-03 07:11:22,516244,3188.844919204712
2293,2021-11-03 07:11:57,516244,3009.1121196746826
2294,2021-11-03 08:11:21,516244,3193.943977355957
2295,2021-11-03 09:11:45,516244,3113.823175430298
2296,2021-11-03 09:11:20,516245,3126.50203704834
2297,2021-11-03 11:11:36,516245,3133.7389945983887
2298,2021-11-03 11:11:52,516245,3116.697072982788
2299,2021-11-03 12:11:14,516245,3214.6060466766357
2300,2021-11-03 01:11:02,516246,3685.835123062134
2301,2021-11-03 02:11:49,516246,3119.2080974578857
2302,2021-11-03 01:11:56,516247,3090.200901031494
2303,2021-11-03 02:11:43,516247,3055.467128753662
2304,2021-11-03 03:11:58,516247,3222.8291034698486
2305,2021-11-03 02:11:15,516248,3261.005163192749
2306,2021-11-03 02:11:17,516248,3074.1028785705566
2307,2021-11-03 03:11:24,516248,3019.6359157562256
2308,2021-11-03 03:11:27,516249,3036.496162414551
2309,2021-11-03 03:11:28,516249,2997.0879554748535
2310,2021-11-03 03:11:58,516249,3074.4550228118896
2311,2021-11-03 04:11:49,516249,3124.73201751709
2312,2021-11-03 05:11:33,516249,3107.8460216522217
2313,2021-11-03 05:11:54,516249,3238.680839538574
2314,2021-11-03 03:11:59,516250,3013.9009952545166
2315,2021-11-03 04:11:07,516251,3111.3791465759277
2316,2021-11-03 05:11:50,516251,3040.7979488372803
2317,2021-11-03 05:11:28,516252,3047.037124633789
2318,2021-11-03 06:11:58,516252,3179.9609661102295
2319,2021-11-03 06:11:18,516253,3206.162929534912
2320,2021-11-03 06:11:37,516253,3066.8158531188965
2321,2021-11-03 06:11:47,516253,3136.676788330078
2322,2021-11-03 07:11:59,516253,3237.3859882354736
2323,2021-11-03 08:11:37,516254,3277.009963989258
2324,2021-11-03 09:11:42,516254,3159.7678661346436
2325,2021-11-03 09:11:44,516254,3148.927927017212
2326,2021-11-03 09:11:53,516254,3076.404094696045
2327,2021-11-03 09:11:57,516254,3056.239128112793
2328,2021-11-03 09:11:58,516254,3247.0340728759766
2329,2021-11-03 10:11:12,516256,3191.1799907684326
2330,2021-11-03 10:11:16,516256,3193.2549476623535
2331,2021-11-03 11:11:55,516258,3028.157949447632
2332,2021-11-04 03:11:51,516258,2980.4160594940186
2333,2021-11-04 12:11:01,516258,3063.1909370422363
2334,2021-11-04 12:11:56,516258,3071.7971324920654
2335,2021-11-04 04:11:39,516262,3083.3749771118164
2336,2021-11-04 04:11:49,516262,3255.303144454956
2337,2021-11-04 05:11:32,516262,3219.313859939575
2338,2021-11-04 05:11:12,516263,3174.7820377349854
2339,2021-11-04 06:11:00,516263,3186.950922012329
2340,2021-11-04 05:11:33,516264,3201.111078262329
2341,2021-11-04 05:11:49,516264,3270.6761360168457
2342,2021-11-04 06:11:01,516264,3268.540143966675
2343,2021-11-04 07:11:10,516264,3165.294885635376
2344,2021-11-04 06:11:19,516265,3253.4430027008057
2345,2021-11-04 07:11:15,516265,3207.5819969177246
2346,2021-11-04 07:11:14,516267,3178.8461208343506
2347,2021-11-04 07:11:40,516267,3191.240072250366
2348,2021-11-04 08:11:21,516267,3085.7958793640137
2349,2021-11-04 08:11:29,516268,3251.2590885162354
2350,2021-11-04 10:11:10,516270,3149.754762649536
2351,2021-11-04 11:11:31,516270,3097.1860885620117
2352,2021-11-04 12:11:12,516270,3367.5429821014404
2353,2021-11-04 12:11:52,516270,3289.167881011963
2354,2021-11-04 12:11:04,516271,3221.8191623687744
2355,2021-11-04 01:11:07,516272,3139.125108718872
2356,2021-11-04 01:11:34,516272,3218.3778285980225
2357,2021-11-04 03:11:21,516272,3176.3651371002197
2358,2021-11-04 03:11:36,516272,3146.975040435791
2359,2021-11-04 05:11:29,516272,3195.945978164673
2360,2021-11-04 12:11:05,516272,3067.528009414673
2361,2021-11-04 03:11:33,516274,3030.102014541626
2362,2021-11-04 06:11:11,516274,3067.0080184936523
2363,2021-11-04 06:11:18,516274,3027.477025985718
2364,2021-11-04 07:11:18,516274,3116.2068843841553
2365,2021-11-04 06:11:55,516275,3342.231035232544
2366,2021-11-04 07:11:32,516275,3013.7739181518555
2367,2021-11-04 07:11:34,516275,3184.4708919525146
2368,2021-11-04 07:11:35,516275,3253.775119781494
2369,2021-11-05 04:11:12,516276,3095.684051513672
2370,2021-11-05 05:11:16,516276,3130.8209896087646
2371,2021-11-05 05:11:08,516278,3157.2980880737305
2372,2021-11-05 05:11:09,516278,3172.6009845733643
2373,2021-11-05 05:11:34,516278,3161.921977996826
2374,2021-11-05 07:11:21,516278,3166.511058807373
2375,2021-11-05 07:11:55,516278,3116.940975189209
2376,2021-11-05 08:11:23,516278,3152.5681018829346
2377,2021-11-05 08:11:57,516278,3180.1040172576904
2378,2021-11-05 06:11:58,516279,3080.0089836120605
2379,2021-11-05 10:11:36,516281,3161.0541343688965
2380,2021-11-05 11:11:04,516281,3243.053913116455
2381,2021-11-05 12:11:08,516281,3215.0330543518066
2382,2021-11-05 12:11:22,516281,3018.159866333008
2383,2021-11-05 01:11:23,516282,3102.7491092681885
2384,2021-11-05 01:11:53,516282,3311.0971450805664
2385,2021-11-05 01:11:42,516284,3002.39896774292
2386,2021-11-05 01:11:31,516285,3244.8229789733887
2387,2021-11-05 02:11:09,516285,3242.5379753112793
2388,2021-11-05 01:11:17,516286,3259.8400115966797
2389,2021-11-05 01:11:35,516286,3002.872943878174
2390,2021-11-05 01:11:51,516286,3265.486001968384
2391,2021-11-05 03:11:47,516290,3179.271936416626
2392,2021-11-05 03:11:56,516290,3197.655200958252
2393,2021-11-05 02:11:08,516292,3142.035961151123
2394,2021-11-05 02:11:13,516292,3065.768003463745
2395,2021-11-05 02:11:50,516292,3090.6150341033936
2396,2021-11-05 03:11:13,516292,3121.699094772339
2397,2021-11-05 03:11:29,516292,3173.7630367279053
2398,2021-11-05 06:11:07,516292,3118.311882019043
2399,2021-11-05 06:11:11,516292,3280.9810638427734
2400,2021-11-05 06:11:31,516292,3239.5029067993164
2401,2021-11-05 07:11:03,516292,3070.5628395080566
2402,2021-11-05 07:11:27,516292,3239.5520210266113
2403,2021-11-05 07:11:33,516292,3247.0459938049316
2404,2021-11-05 07:11:46,516292,3229.893207550049
2405,2021-11-05 08:11:26,516292,3133.0699920654297
2406,2021-11-05 02:11:22,516293,3215.2349948883057
2407,2021-11-05 07:11:30,516293,3099.224090576172
2408,2021-11-05 09:11:56,516293,3238.408088684082
2409,2021-11-06 12:11:49,516293,3098.2401371002197
2410,2021-11-06 12:11:52,516293,3258.9869499206543
2411,2021-11-05 02:11:04,516294,3294.213056564331
2412,2021-11-05 10:11:06,516294,3257.880210876465
2413,2021-11-05 10:11:35,516294,3115.518093109131
2414,2021-11-05 11:11:00,516294,3249.992847442627
2415,2021-11-05 11:11:23,516294,3148.2129096984863
2416,2021-11-05 11:11:24,516294,3286.2648963928223
2417,2021-11-06 02:11:37,516294,3048.920154571533
2418,2021-11-06 03:11:14,516294,3319.1468715667725
2419,2021-11-06 12:11:16,516294,3134.4799995422363
2420,2021-11-06 12:11:53,516294,3211.6780281066895
2421,2021-11-06 01:11:37,516295,3102.7610301971436
2422,2021-11-06 02:11:08,516295,3228.8029193878174
2423,2021-11-06 04:11:37,516295,3242.015838623047
2424,2021-11-06 02:11:15,516296,3134.395122528076
2425,2021-11-06 02:11:46,516296,3139.8088932037354
2426,2021-11-06 03:11:04,516296,3202.332019805908
2427,2021-11-06 03:11:19,516296,3093.5590267181396
2428,2021-11-06 03:11:10,516298,3034.9528789520264
2429,2021-11-06 03:11:24,516299,3122.657060623169
2430,2021-11-06 04:11:54,516300,3057.10506439209
2431,2021-11-06 05:11:07,516300,3108.2699298858643
2432,2021-11-06 06:11:04,516300,3100.862979888916
2433,2021-11-06 05:11:48,516301,3104.6810150146484
2434,2021-11-06 07:11:01,516301,3189.6231174468994
2435,2021-11-06 07:11:02,516302,3029.5848846435547
2436,2021-11-06 07:11:14,516304,3144.713878631592
2437,2021-11-06 07:11:27,516304,3098.796844482422
2438,2021-11-06 09:11:01,516304,3271.7580795288086
2439,2021-11-06 08:11:10,516308,3115.8828735351562
2440,2021-11-06 08:11:36,516313,3109.2140674591064
2441,2021-11-06 09:11:00,516316,3158.229112625122
2442,2021-11-06 10:11:27,516318,2973.5970497131348
2443,2021-11-07 04:11:58,516322,3216.076135635376
2444,2021-11-07 05:11:01,516322,3111.5028858184814
2445,2021-11-07 10:11:49,516322,3302.7751445770264
2446,2021-11-07 11:11:56,516322,3033.513069152832
2447,2021-11-07 02:11:21,516323,3092.59295463562
2448,2021-11-07 06:11:30,516326,3151.546001434326
2449,2021-11-07 07:11:37,516326,3181.7498207092285
2450,2021-11-07 08:11:11,516326,3042.264938354492
2451,2021-11-07 10:11:26,516326,3168.3731079101562
2452,2021-11-08 02:11:11,516326,3167.2449111938477
2453,2021-11-08 04:11:42,516326,3108.5450649261475
2454,2021-11-08 05:11:13,516326,3135.6070041656494
2455,2021-11-08 05:11:37,516326,3089.622974395752
2456,2021-11-08 05:11:48,516326,3204.987049102783
2457,2021-11-08 06:11:35,516326,3340.338945388794
2458,2021-11-08 06:11:38,516326,3230.5829524993896
2459,2021-11-08 06:11:50,516326,3172.7170944213867
2460,2021-11-08 07:11:25,516326,3305.8369159698486
2461,2021-11-08 07:11:35,516326,3169.8291301727295
2462,2021-11-08 07:11:48,516326,3142.629861831665
2463,2021-11-08 07:11:52,516326,3156.593084335327
2464,2021-11-08 08:11:08,516326,3247.9069232940674
2465,2021-11-08 08:11:41,516326,3146.5940475463867
2466,2021-11-08 08:11:48,516326,3251.958131790161
2467,2021-11-08 08:11:52,516326,3115.5409812927246
2468,2021-11-08 09:11:11,516326,3216.0699367523193
2469,2021-11-08 09:11:43,516326,3227.6251316070557
2470,2021-11-08 10:11:07,516326,3265.740156173706
2471,2021-11-08 11:11:17,516326,3106.0659885406494
2472,2021-11-08 10:11:44,516327,3151.9222259521484
2473,2021-11-08 02:11:55,516328,2963.4850025177
2474,2021-11-08 11:11:56,516328,3245.041847229004
2475,2021-11-08 12:11:18,516328,3026.3919830322266
2476,2021-11-08 12:11:41,516329,3230.0281524658203
2477,2021-11-08 01:11:20,516330,3017.268180847168
2478,2021-11-08 02:11:15,516330,2920.440912246704
2479,2021-11-08 03:11:26,516330,2960.3350162506104
2480,2021-11-08 04:11:11,516330,2931.678056716919
2481,2021-11-08 04:11:45,516330,3106.3289642333984
2482,2021-11-08 04:11:58,516330,2970.811128616333
2483,2021-11-08 12:11:29,516330,3303.666114807129
2484,2021-11-08 02:11:18,516332,2997.2472190856934
2485,2021-11-08 03:11:27,516332,3001.8999576568604
2486,2021-11-08 03:11:29,516332,3171.3640689849854
2487,2021-11-08 04:11:38,516332,3033.393144607544
2488,2021-11-08 05:11:09,516332,3133.8589191436768
2489,2021-11-08 05:11:28,516332,2973.694086074829
2490,2021-11-08 03:11:52,516333,3043.210029602051
2491,2021-11-08 04:11:25,516334,3024.0838527679443
2492,2021-11-08 06:11:56,516335,3029.0350914001465
2493,2021-11-08 07:11:23,516335,2995.0220584869385
2494,2021-11-08 06:11:27,516336,2931.7378997802734
2495,2021-11-08 06:11:28,516336,2949.836015701294
2496,2021-11-08 06:11:34,516336,2977.0638942718506
2497,2021-11-08 06:11:34,516336,3046.823024749756
2498,2021-11-08 07:11:27,516336,2982.764959335327
2499,2021-11-08 08:11:19,516336,3030.639886856079
2500,2021-11-08 08:11:29,516336,3050.260066986084
2501,2021-11-08 06:11:20,516338,2948.5487937927246
2502,2021-11-08 07:11:06,516338,3126.0969638824463
2503,2021-11-08 07:11:41,516338,2891.03102684021
2504,2021-11-08 07:11:41,516338,2975.598096847534
2505,2021-11-08 07:11:45,516338,3041.810989379883
2506,2021-11-08 08:11:09,516338,2952.043056488037
2507,2021-11-08 08:11:22,516338,2963.4640216827393
2508,2021-11-08 08:11:31,516338,2978.1970977783203
2509,2021-11-08 08:11:45,516338,2961.901903152466
2510,2021-11-08 09:11:00,516338,2872.8480339050293
2511,2021-11-08 09:11:00,516338,2905.797004699707
2512,2021-11-08 09:11:14,516338,3027.799129486084
2513,2021-11-08 09:11:19,516338,2966.8209552764893
2514,2021-11-08 08:11:37,516340,2923.0051040649414
2515,2021-11-08 09:11:11,516340,3023.3540534973145
2516,2021-11-08 09:11:33,516340,2978.8761138916016
2517,2021-11-08 10:11:46,516340,2938.3039474487305
2518,2021-11-08 11:11:59,516340,2934.3318939208984
2519,2021-11-09 12:11:02,516340,3032.3519706726074
2520,2021-11-09 12:11:15,516340,2860.5520725250244
2521,2021-11-08 10:11:00,516343,3060.504913330078
2522,2021-11-08 11:11:50,516343,2937.328100204468
2523,2021-11-08 11:11:52,516343,2990.7050132751465
2524,2021-11-09 12:11:16,516343,3044.6979999542236
2525,2021-11-08 11:11:07,516345,2944.124937057495
2526,2021-11-09 01:11:43,516349,2975.142002105713
2527,2021-11-09 02:11:14,516349,2961.811065673828
2528,2021-11-09 03:11:14,516349,3076.887845993042
2529,2021-11-09 03:11:53,516349,2953.984022140503
2530,2021-11-09 04:11:54,516349,3040.0121212005615
2531,2021-11-09 05:11:24,516349,3011.2061500549316
2532,2021-11-09 07:11:05,516349,2957.251787185669
2533,2021-11-09 07:11:21,516349,3113.053798675537
2534,2021-11-09 07:11:23,516349,2949.756860733032
2535,2021-11-09 08:11:01,516349,2994.269847869873
2536,2021-11-09 07:11:37,516350,3015.9120559692383
2537,2021-11-09 08:11:36,516350,2992.7520751953125
2538,2021-11-09 09:11:34,516350,2985.1109981536865
2539,2021-11-09 10:11:14,516350,3026.1070728302
2540,2021-11-09 10:11:15,516350,3010.3049278259277
2541,2021-11-09 10:11:44,516350,3025.609016418457
2542,2021-11-09 11:11:02,516350,3110.0380420684814
2543,2021-11-09 01:11:12,516351,3015.993118286133
2544,2021-11-09 01:11:13,516351,2959.2719078063965
2545,2021-11-09 01:11:27,516351,3017.2770023345947
2546,2021-11-09 02:11:28,516351,2977.9069423675537
2547,2021-11-09 02:11:32,516351,2988.1417751312256
2548,2021-11-09 02:11:33,516351,3015.432119369507
2549,2021-11-09 02:11:38,516351,2996.206045150757
2550,2021-11-09 03:11:50,516351,2946.8910694122314
2551,2021-11-09 04:11:01,516351,3018.9151763916016
2552,2021-11-09 04:11:47,516351,2973.3030796051025
2553,2021-11-09 12:11:13,516351,3046.6859340667725
2554,2021-11-09 12:11:18,516351,2956.815004348755
2555,2021-11-09 02:11:37,516352,3059.0131282806396
2556,2021-11-09 03:11:12,516353,2995.3320026397705
2557,2021-11-09 03:11:26,516353,2931.804895401001
2558,2021-11-09 04:11:20,516353,3137.63689994812
2559,2021-11-09 04:11:26,516353,3012.2640132904053
2560,2021-11-09 04:11:50,516353,3067.7549839019775
2561,2021-11-09 06:11:49,516353,3108.5169315338135
2562,2021-11-09 05:11:44,516356,3017.4529552459717
2563,2021-11-09 07:11:48,516356,3025.5661010742188
2564,2021-11-09 08:11:32,516356,2988.6021614074707
2565,2021-11-09 08:11:47,516356,3018.0609226226807
2566,2021-11-09 07:11:50,516358,2982.196807861328
2567,2021-11-09 06:11:26,516359,2919.5780754089355
2568,2021-11-09 07:11:41,516359,3019.404172897339
2569,2021-11-09 08:11:34,516359,2972.9089736938477
2570,2021-11-09 08:11:34,516359,2900.7859230041504
2571,2021-11-09 08:11:34,516359,2880.599021911621
2572,2021-11-09 09:11:02,516359,3060.4331493377686
2573,2021-11-09 11:11:00,516359,3152.6429653167725
2574,2021-11-09 11:11:32,516361,3006.7391395568848
2575,2021-11-10 01:11:13,516361,3046.881914138794
2576,2021-11-10 01:11:28,516361,2937.8578662872314
2577,2021-11-10 01:11:41,516361,3079.4692039489746
2578,2021-11-10 12:11:39,516362,2975.5141735076904
2579,2021-11-09 11:11:19,516363,3053.7328720092773
2580,2021-11-10 03:11:23,516365,3041.2700176239014
2581,2021-11-10 05:11:16,516368,3021.2550163269043
2582,2021-11-10 08:11:00,516371,2987.0121479034424
2583,2021-11-10 09:11:38,516372,2940.64998626709
2584,2021-11-10 09:11:55,516372,3145.0788974761963
2585,2021-11-10 09:11:56,516374,2981.912136077881
2586,2021-11-10 11:11:25,516374,3071.953058242798
2587,2021-11-10 11:11:56,516374,2998.853921890259
2588,2021-11-10 01:11:52,516375,3129.854917526245
2589,2021-11-10 12:11:33,516375,2934.7498416900635
2590,2021-11-10 12:11:59,516375,3078.580856323242
2591,2021-11-10 02:11:39,516376,3008.419990539551
2592,2021-11-10 02:11:48,516376,3006.981134414673
2593,2021-11-10 12:11:21,516376,3144.443988800049
2594,2021-11-10 12:11:23,516376,2997.436046600342
2595,2021-11-10 01:11:08,516377,3210.99591255188
2596,2021-11-10 01:11:18,516377,3038.059949874878
2597,2021-11-10 01:11:22,516377,2960.522174835205
2598,2021-11-10 01:11:31,516377,3139.0910148620605
2599,2021-11-10 02:11:09,516377,3043.5450077056885
2600,2021-11-10 02:11:52,516377,3096.829891204834
2601,2021-11-10 03:11:26,516377,3109.3790531158447
2602,2021-11-10 03:11:32,516377,3074.359893798828
2603,2021-11-10 02:11:28,516378,2939.9330615997314
2604,2021-11-10 03:11:14,516378,2931.7569732666016
2605,2021-11-10 03:11:58,516379,3027.777910232544
2606,2021-11-10 04:11:36,516380,2991.130828857422
2607,2021-11-10 04:11:47,516380,3011.8441581726074
2608,2021-11-10 04:11:19,516381,3167.135000228882
2609,2021-11-10 05:11:03,516381,2980.3810119628906
2610,2021-11-10 05:11:56,516381,3025.4440307617188
2611,2021-11-10 07:11:34,516381,2956.326961517334
2612,2021-11-10 06:11:12,516382,3107.239007949829
2613,2021-11-10 07:11:49,516383,2808.5978031158447
2614,2021-11-10 08:11:53,516383,2918.37215423584
2615,2021-11-10 09:11:02,516383,3028.3570289611816
2616,2021-11-10 08:11:03,516385,3213.1659984588623
2617,2021-11-10 09:11:03,516385,2978.502035140991
2618,2021-11-10 09:11:35,516385,3120.422124862671
2619,2021-11-10 10:11:21,516385,2992.2540187835693
2620,2021-11-10 09:11:35,516386,2956.01487159729
2621,2021-11-10 09:11:40,516386,3114.727020263672
2622,2021-11-10 09:11:48,516386,3051.4938831329346
2623,2021-11-10 11:11:03,516386,3325.8118629455566
2624,2021-11-10 11:11:56,516386,2935.5030059814453
2625,2021-11-11 12:11:08,516386,3067.610025405884
2626,2021-11-10 11:11:13,516387,3159.709930419922
2627,2021-11-10 11:11:25,516387,3172.5971698760986
2628,2021-11-11 01:11:05,516387,3102.7920246124268
2629,2021-11-11 02:11:51,516390,2997.5428581237793
2630,2021-11-11 12:11:39,516390,3301.6769886016846
2631,2021-11-11 01:11:33,516391,3009.6609592437744
2632,2021-11-11 02:11:20,516391,3172.696113586426
2633,2021-11-11 01:11:31,516392,3027.578115463257
2634,2021-11-11 02:11:51,516392,3016.4990425109863
2635,2021-11-11 03:11:41,516392,3100.6810665130615
2636,2021-11-11 05:11:22,516397,3047.3380088806152
2637,2021-11-11 07:11:31,516397,3225.5661487579346
2638,2021-11-11 06:11:13,516398,2989.187002182007
2639,2021-11-11 06:11:16,516398,3097.2089767456055
2640,2021-11-11 07:11:33,516398,3035.676956176758
2641,2021-11-11 08:11:09,516398,3005.9189796447754
2642,2021-11-11 07:11:01,516399,3043.5290336608887
2643,2021-11-11 09:11:34,516399,3065.603017807007
2644,2021-11-11 09:11:13,516400,3213.670015335083
2645,2021-11-11 10:11:01,516401,3047.935962677002
2646,2021-11-11 10:11:39,516401,3022.0441818237305
2647,2021-11-11 11:11:51,516401,3116.2309646606445
2648,2021-11-11 10:11:21,516402,3148.5610008239746
2649,2021-11-11 11:11:21,516402,3024.383068084717
2650,2021-11-11 11:11:11,516403,3079.598903656006
2651,2021-11-11 12:11:58,516403,3171.152114868164
2652,2021-11-11 01:11:03,516404,3080.925941467285
2653,2021-11-11 01:11:27,516404,3112.7359867095947
2654,2021-11-11 11:11:35,516404,2932.0690631866455
2655,2021-11-11 12:11:06,516404,3085.015058517456
2656,2021-11-11 12:11:34,516404,3102.4839878082275
2657,2021-11-11 12:11:38,516404,3052.842855453491
2658,2021-11-11 01:11:19,516405,3022.1199989318848
2659,2021-11-11 12:11:26,516405,3159.592866897583
2660,2021-11-11 02:11:22,516406,2930.063009262085
2661,2021-11-11 02:11:31,516406,3066.483974456787
2662,2021-11-11 03:11:03,516406,2904.4241905212402
2663,2021-11-11 03:11:09,516406,2922.471046447754
2664,2021-11-11 04:11:29,516406,2978.5001277923584
2665,2021-11-11 04:11:45,516406,2995.345115661621
2666,2021-11-11 03:11:12,516408,3184.5920085906982
2667,2021-11-11 03:11:33,516408,3055.61900138855
2668,2021-11-11 03:11:55,516408,3231.5590381622314
2669,2021-11-11 04:11:05,516408,2950.0460624694824
2670,2021-11-11 04:11:46,516408,3151.5750885009766
2671,2021-11-11 05:11:15,516408,3132.524013519287
2672,2021-11-11 04:11:56,516409,3055.521011352539
2673,2021-11-11 04:11:30,516411,3118.9279556274414
2674,2021-11-11 04:11:49,516411,3265.918970108032
2675,2021-11-11 06:11:38,516411,2992.3648834228516
2676,2021-11-11 05:11:36,516412,3182.173013687134
2677,2021-11-11 05:11:55,516412,3063.601016998291
2678,2021-11-11 06:11:35,516412,3102.7040481567383
2679,2021-11-11 06:11:03,516413,2986.5829944610596
2680,2021-11-11 06:11:09,516413,3127.969980239868
2681,2021-11-11 08:11:39,516413,3207.0209980010986
2682,2021-11-11 08:11:40,516413,3141.8020725250244
2683,2021-11-11 06:11:24,516414,3100.0990867614746
2684,2021-11-11 09:11:32,516414,3128.5359859466553
2685,2021-11-11 10:11:25,516414,3118.6470985412598
2686,2021-11-11 08:11:33,516415,3024.3899822235107
2687,2021-11-11 10:11:49,516415,3127.7949810028076
2688,2021-11-11 10:11:51,516415,2951.51686668396
2689,2021-11-11 10:11:57,516415,2940.4220581054688
2690,2021-11-11 11:11:07,516415,3035.1428985595703
2691,2021-11-12 12:11:09,516415,3044.8648929595947
2692,2021-11-11 11:11:03,516416,2943.934917449951
2693,2021-11-12 12:11:02,516416,2990.5648231506348
2694,2021-11-12 01:11:05,516419,3034.1198444366455
2695,2021-11-12 02:11:33,516419,3151.2200832366943
2696,2021-11-12 01:11:07,516420,3074.018955230713
2697,2021-11-12 01:11:10,516421,3202.8911113739014
2698,2021-11-12 02:11:52,516421,3113.9349937438965
2699,2021-11-12 03:11:17,516421,3033.247947692871
2700,2021-11-12 05:11:44,516424,3027.2388458251953
2701,2021-11-12 06:11:04,516424,2951.3309001922607
2702,2021-11-12 08:11:52,516424,3128.4170150756836
2703,2021-11-12 09:11:47,516424,3071.1920261383057
2704,2021-11-12 07:11:15,516425,3103.2800674438477
2705,2021-11-12 08:11:07,516426,3002.798080444336
2706,2021-11-12 09:11:23,516426,3002.3419857025146
2707,2021-11-12 09:11:45,516426,3003.2410621643066
2708,2021-11-12 10:11:33,516426,3069.2291259765625
2709,2021-11-12 01:11:12,516427,3005.34987449646
2710,2021-11-12 09:11:36,516427,3051.025867462158
2711,2021-11-12 11:11:01,516427,3107.867956161499
2712,2021-11-12 11:11:03,516427,3235.0738048553467
2713,2021-11-12 11:11:17,516427,3105.8599948883057
2714,2021-11-12 11:11:29,516427,3088.3800983428955
2715,2021-11-12 12:11:26,516427,3102.9438972473145
2716,2021-11-12 12:11:28,516427,3075.6161212921143
2717,2021-11-12 12:11:57,516427,3147.0909118652344
2718,2021-11-12 02:11:00,516428,3243.022918701172
2719,2021-11-12 02:11:54,516428,3079.4758796691895
2720,2021-11-12 03:11:45,516428,3080.2359580993652
2721,2021-11-12 12:11:13,516428,3037.358045578003
2722,2021-11-12 12:11:28,516428,3122.404098510742
2723,2021-11-12 12:11:38,516428,3055.68790435791
2724,2021-11-12 02:11:50,516429,3174.6978759765625
2725,2021-11-12 02:11:57,516429,3012.6349925994873
2726,2021-11-12 03:11:29,516429,3020.2629566192627
2727,2021-11-12 05:11:50,516429,3214.854955673218
2728,2021-11-12 03:11:32,516430,2922.8620529174805
2729,2021-11-12 03:11:42,516430,3218.564033508301
2730,2021-11-12 05:11:23,516430,3116.391181945801
2731,2021-11-12 03:11:32,516431,3056.4780235290527
2732,2021-11-12 05:11:02,516433,3115.664005279541
2733,2021-11-12 06:11:29,516433,3143.970012664795
2734,2021-11-12 05:11:05,516434,3121.8600273132324
2735,2021-11-12 06:11:16,516436,2903.472900390625
2736,2021-11-12 07:11:44,516436,2967.2579765319824
2737,2021-11-12 07:11:28,516437,3055.74893951416
2738,2021-11-12 07:11:55,516437,3093.7490463256836
2739,2021-11-12 08:11:55,516437,3036.078929901123
2740,2021-11-12 09:11:05,516437,2996.7241287231445
2741,2021-11-12 10:11:19,516437,3049.113988876343
2742,2021-11-12 11:11:47,516437,3045.2070236206055
2743,2021-11-12 10:11:03,516440,3081.286907196045
2744,2021-11-12 10:11:25,516440,3161.5660190582275
2745,2021-11-12 11:11:16,516440,2952.2528648376465
2746,2021-11-13 12:11:26,516440,3025.8631706237793
2747,2021-11-13 01:11:53,516447,3118.4680461883545
2748,2021-11-13 01:11:19,516448,2973.8800525665283
2749,2021-11-13 02:11:15,516453,3119.3478107452393
2750,2021-11-13 05:11:42,516453,3153.2249450683594
2751,2021-11-13 07:11:36,516453,3091.8869972229004
2752,2021-11-13 09:11:26,516453,3134.567975997925
2753,2021-11-13 10:11:44,516453,3031.1520099639893
2754,2021-11-14 03:11:16,516453,3206.796169281006
2755,2021-11-14 03:11:02,516456,3243.661880493164
2756,2021-11-14 07:11:25,516456,3146.6269493103027
2757,2021-11-15 03:11:17,516456,2879.5878887176514
2758,2021-11-15 04:11:22,516456,3062.623977661133
2759,2021-11-15 05:11:26,516456,3083.2250118255615
2760,2021-11-15 05:11:34,516456,2968.4479236602783
2761,2021-11-15 06:11:07,516456,3040.181875228882
2762,2021-11-15 06:11:18,516456,3036.245107650757
2763,2021-11-15 06:11:30,516456,2998.7590312957764
2764,2021-11-15 06:11:33,516456,3158.734083175659
2765,2021-11-15 06:11:53,516456,3077.7370929718018
2766,2021-11-15 07:11:23,516456,2982.0361137390137
2767,2021-11-15 07:11:42,516456,3245.680809020996
2768,2021-11-15 07:11:55,516456,3031.764030456543
2769,2021-11-15 08:11:11,516456,3024.4998931884766
2770,2021-11-15 08:11:33,516456,3022.1731662750244
2771,2021-11-15 08:11:33,516458,3119.6930408477783
2772,2021-11-15 08:11:50,516458,3146.6119289398193
2773,2021-11-15 08:11:55,516458,3023.1690406799316
2774,2021-11-15 09:11:07,516458,3140.1219367980957
2775,2021-11-15 09:11:07,516458,3063.187837600708
2776,2021-11-15 09:11:16,516458,3029.9317836761475
2777,2021-11-15 10:11:14,516459,3149.502992630005
2778,2021-11-15 11:11:16,516459,3028.9270877838135
2779,2021-11-15 11:11:40,516459,3188.617944717407
2780,2021-11-15 12:11:54,516459,2986.5448474884033
2781,2021-11-15 01:11:37,516460,3111.605167388916
2782,2021-11-15 12:11:32,516460,2979.0709018707275
2783,2021-11-15 12:11:37,516460,2952.341079711914
2784,2021-11-15 01:11:24,516461,3132.2999000549316
2785,2021-11-15 01:11:52,516461,3145.1070308685303
2786,2021-11-15 12:11:35,516461,3111.2959384918213
2787,2021-11-15 12:11:42,516461,3124.2799758911133
2788,2021-11-15 01:11:14,516462,3145.89786529541
2789,2021-11-15 01:11:22,516462,3030.940055847168
2790,2021-11-15 02:11:13,516462,3190.0670528411865
2791,2021-11-15 02:11:31,516462,3084.5401287078857
2792,2021-11-15 02:11:36,516462,2960.7980251312256
2793,2021-11-15 03:11:18,516462,3169.321060180664
2794,2021-11-15 03:11:12,516463,3029.167890548706
2795,2021-11-15 03:11:42,516464,2967.341899871826
2796,2021-11-15 04:11:22,516466,2974.351167678833
2797,2021-11-15 06:11:04,516467,3051.953077316284
2798,2021-11-15 06:11:24,516467,2930.7467937469482
2799,2021-11-15 07:11:05,516468,3188.9050006866455
2800,2021-11-15 07:11:16,516469,3183.8738918304443
2801,2021-11-15 08:11:30,516469,3114.2749786376953
2802,2021-11-15 09:11:14,516469,3119.1959381103516
2803,2021-11-15 09:11:26,516469,3115.8151626586914
2804,2021-11-15 09:11:57,516472,3197.8719234466553
2805,2021-11-16 04:11:24,516480,3066.999912261963
2806,2021-11-16 06:11:36,516480,3113.513946533203
2807,2021-11-16 06:11:55,516480,2976.979970932007
2808,2021-11-16 07:11:33,516480,3071.075201034546
2809,2021-11-16 08:11:40,516480,3012.8140449523926
2810,2021-11-16 08:11:45,516481,2964.9498462677
2811,2021-11-16 08:11:48,516481,2980.50594329834
2812,2021-11-16 08:11:50,516481,3196.6400146484375
2813,2021-11-16 09:11:37,516481,3199.563980102539
2814,2021-11-16 09:11:58,516481,3023.604154586792
2815,2021-11-16 10:11:46,516481,2968.8870906829834
2816,2021-11-16 11:11:24,516481,2986.7708683013916
2817,2021-11-16 11:11:41,516481,3125.515937805176
2818,2021-11-16 01:11:05,516485,3046.3290214538574
2819,2021-11-16 01:11:24,516485,3055.539131164551
2820,2021-11-16 01:11:39,516485,3110.0261211395264
2821,2021-11-16 01:11:49,516485,3075.33597946167
2822,2021-11-16 01:11:58,516485,3115.2870655059814
2823,2021-11-16 02:11:13,516485,3041.4278507232666
2824,2021-11-16 02:11:21,516485,3132.8859329223633
2825,2021-11-16 02:11:37,516485,3179.468870162964
2826,2021-11-16 02:11:42,516485,3062.466859817505
2827,2021-11-16 03:11:02,516485,3093.780040740967
2828,2021-11-16 03:11:05,516485,3061.877965927124
2829,2021-11-16 03:11:08,516485,2968.358039855957
2830,2021-11-16 03:11:34,516485,2997.663974761963
2831,2021-11-16 03:11:53,516485,2994.968891143799
2832,2021-11-16 04:11:58,516485,3034.066915512085
2833,2021-11-16 05:11:32,516485,3232.0969104766846
2834,2021-11-16 10:11:57,516485,3063.7829303741455
2835,2021-11-16 11:11:35,516485,2998.3789920806885
2836,2021-11-16 12:11:29,516485,3200.5720138549805
2837,2021-11-16 12:11:49,516485,3086.28511428833
2838,2021-11-16 12:11:57,516485,3077.5020122528076
2839,2021-11-16 12:11:57,516485,2917.419910430908
2840,2021-11-16 05:11:39,516487,3020.639181137085
2841,2021-11-16 05:11:42,516487,3182.948112487793
2842,2021-11-16 07:11:31,516487,2972.810983657837
2843,2021-11-16 08:11:32,516488,3135.175943374634
2844,2021-11-16 08:11:53,516489,3028.676986694336
2845,2021-11-16 10:11:24,516489,3118.3810234069824
2846,2021-11-16 11:11:32,516489,3212.759017944336
2847,2021-11-16 10:11:51,516490,3122.4679946899414
2848,2021-11-16 11:11:10,516490,3024.294137954712
2849,2021-11-16 11:11:12,516490,3055.3510189056396
2850,2021-11-16 11:11:12,516490,3089.622974395752
2851,2021-11-17 01:11:08,516490,3162.848949432373
2852,2021-11-17 12:11:07,516490,3131.4539909362793
2853,2021-11-17 12:11:36,516490,3105.164051055908
2854,2021-11-17 01:11:59,516493,3188.8818740844727
2855,2021-11-17 12:11:38,516493,2975.1648902893066
2856,2021-11-17 01:11:04,516494,3200.129985809326
2857,2021-11-17 02:11:43,516495,3202.960968017578
2858,2021-11-17 04:11:20,516497,3087.3279571533203
2859,2021-11-17 04:11:34,516498,3102.4529933929443
2860,2021-11-17 04:11:49,516498,2940.0110244750977
2861,2021-11-17 06:11:01,516498,3019.8941230773926
2862,2021-11-17 06:11:25,516498,3114.8321628570557
2863,2021-11-17 05:11:14,516499,3039.2467975616455
2864,2021-11-17 05:11:29,516499,3262.439012527466
2865,2021-11-17 05:11:54,516499,2956.864833831787
2866,2021-11-17 06:11:16,516499,2981.796979904175
2867,2021-11-17 06:11:06,516500,3043.67995262146
2868,2021-11-17 06:11:11,516500,3121.4590072631836
2869,2021-11-17 06:11:15,516500,3186.9101524353027
2870,2021-11-17 06:11:42,516500,3030.0300121307373
2871,2021-11-17 07:11:49,516500,2941.697835922241
2872,2021-11-17 08:11:15,516500,3115.939140319824
2873,2021-11-17 08:11:18,516500,2974.4560718536377
2874,2021-11-17 08:11:35,516500,2941.7638778686523
2875,2021-11-17 10:11:46,516500,2998.6019134521484
2876,2021-11-17 11:11:47,516500,2994.46702003479
2877,2021-11-17 01:11:01,516503,3113.5737895965576
2878,2021-11-17 01:11:13,516503,3054.7590255737305
2879,2021-11-17 01:11:23,516503,3145.52903175354
2880,2021-11-17 01:11:29,516503,3225.6200313568115
2881,2021-11-17 01:11:40,516503,3080.4600715637207
2882,2021-11-17 01:11:41,516503,3072.744131088257
2883,2021-11-17 01:11:43,516503,2910.7558727264404
2884,2021-11-17 02:11:30,516503,3014.418840408325
2885,2021-11-17 03:11:18,516503,2959.00297164917
2886,2021-11-17 04:11:33,516503,3150.8729457855225
2887,2021-11-17 05:11:32,516503,3121.3037967681885
2888,2021-11-17 05:11:35,516503,3123.36802482605
2889,2021-11-17 06:11:45,516503,3115.593194961548
2890,2021-11-17 07:11:11,516503,2980.164051055908
2891,2021-11-17 07:11:46,516503,3050.7891178131104
2892,2021-11-17 08:11:12,516503,2901.4880657196045
2893,2021-11-17 08:11:43,516503,3207.2811126708984
2894,2021-11-17 08:11:44,516503,3168.2310104370117
2895,2021-11-17 08:11:52,516503,3025.212049484253
2896,2021-11-17 09:11:45,516503,3172.9230880737305
2897,2021-11-17 09:11:55,516503,3077.332019805908
2898,2021-11-17 09:11:58,516503,2962.8288745880127
2899,2021-11-17 11:11:27,516503,3178.272008895874
2900,2021-11-17 11:11:49,516503,2992.9850101470947
2901,2021-11-17 11:11:54,516503,3110.059976577759
2902,2021-11-17 12:11:12,516503,3103.5091876983643
2903,2021-11-18 03:11:15,516503,3163.904905319214
2904,2021-11-18 03:11:38,516503,3109.6370220184326
2905,2021-11-19 09:11:36,516503,3056.0009479522705
2906,2021-11-19 11:11:21,516503,2874.8390674591064
2907,2021-11-20 02:11:50,516503,3105.1461696624756
2908,2021-11-18 06:11:27,516507,3117.7570819854736
2909,2021-11-19 04:11:27,516507,3098.334789276123
2910,2021-11-18 04:11:21,516509,3119.168996810913
2911,2021-11-18 11:11:26,516510,3100.010871887207
2912,2021-11-19 09:11:24,516510,3163.558006286621
2913,2021-11-19 12:11:08,516510,3075.762987136841
2914,2021-11-19 12:11:41,516510,3066.4889812469482
2915,2021-11-18 03:11:55,516511,2953.4499645233154
2916,2021-11-18 05:11:03,516511,3118.0009841918945
2917,2021-11-18 05:11:34,516511,2960.5319499969482
2918,2021-11-18 05:11:41,516511,3235.3389263153076
2919,2021-11-18 06:11:25,516511,3083.3041667938232
2920,2021-11-18 07:11:38,516511,3039.4790172576904
2921,2021-11-18 11:11:22,516511,3099.5829105377197
2922,2021-11-18 04:11:47,516512,2965.893030166626
2923,2021-11-18 05:11:13,516512,3007.930040359497
2924,2021-11-19 01:11:28,516512,3056.0948848724365
2925,2021-11-19 01:11:44,516512,3062.8559589385986
2926,2021-11-19 10:11:09,516512,3117.3160076141357
2927,2021-11-18 05:11:25,516517,3233.597993850708
2928,2021-11-18 11:11:17,516518,3063.960075378418
2929,2021-11-19 01:11:03,516518,3016.8299674987793
2930,2021-11-19 01:11:24,516518,3094.2280292510986
2931,2021-11-19 03:11:32,516518,3083.9741230010986
2932,2021-11-19 04:11:09,516518,2987.6110553741455
2933,2021-11-19 04:11:11,516518,3252.8200149536133
2934,2021-11-19 05:11:28,516518,3152.0419120788574
2935,2021-11-19 05:11:56,516518,3000.3268718719482
2936,2021-11-19 09:11:32,516518,3045.881986618042
2937,2021-11-19 09:11:35,516518,2985.5430126190186
2938,2021-11-19 09:11:37,516518,3059.3559741973877
2939,2021-11-19 10:11:06,516518,3053.1558990478516
2940,2021-11-19 10:11:20,516518,3084.7558975219727
2941,2021-11-19 10:11:21,516518,2996.9329833984375
2942,2021-11-19 10:11:34,516518,3082.857131958008
2943,2021-11-19 11:11:03,516518,3230.2849292755127
2944,2021-11-19 11:11:05,516518,3021.1219787597656
2945,2021-11-19 11:11:07,516518,3172.773838043213
2946,2021-11-19 02:11:00,516520,3179.3761253356934
2947,2021-11-19 02:11:11,516520,3056.9119453430176
2948,2021-11-19 02:11:21,516520,3212.682008743286
2949,2021-11-19 02:11:21,516520,3216.3679599761963
2950,2021-11-19 02:11:43,516520,3125.170946121216
2951,2021-11-19 02:11:52,516520,3075.7110118865967
2952,2021-11-19 03:11:50,516520,3069.0159797668457
2953,2021-11-19 04:11:18,516520,3092.2629833221436
2954,2021-11-19 04:11:19,516520,3165.888786315918
2955,2021-11-19 04:11:33,516520,3291.4419174194336
2956,2021-11-19 04:11:36,516520,3121.9069957733154
2957,2021-11-19 04:11:36,516520,3183.1400394439697
2958,2021-11-19 04:11:43,516520,3122.162103652954
2959,2021-11-19 04:11:44,516520,3081.8030834198
2960,2021-11-19 05:11:09,516520,3120.0270652770996
2961,2021-11-19 06:11:09,516520,3183.598041534424
2962,2021-11-19 06:11:22,516520,2982.5282096862793
2963,2021-11-19 07:11:10,516520,3204.42795753479
2964,2021-11-19 07:11:18,516520,3062.1209144592285
2965,2021-11-19 07:11:24,516520,3146.998882293701
2966,2021-11-19 07:11:40,516520,3200.706958770752
2967,2021-11-19 08:11:04,516520,3151.033878326416
2968,2021-11-19 08:11:12,516520,3070.546865463257
2969,2021-11-19 09:11:00,516520,3171.0050106048584
2970,2021-11-19 09:11:35,516520,3027.3609161376953
2971,2021-11-19 09:11:43,516520,3135.2579593658447
2972,2021-11-19 10:11:05,516520,2937.6440048217773
2973,2021-11-19 11:11:12,516520,3182.76309967041
2974,2021-11-19 11:11:25,516520,3258.729934692383
2975,2021-11-19 11:11:39,516520,3016.849994659424
2976,2021-11-19 11:11:58,516520,3041.7048931121826
2977,2021-11-19 12:11:00,516520,3224.7159481048584
2978,2021-11-19 12:11:04,516520,3037.2910499572754
2979,2021-11-20 12:11:09,516520,3073.538064956665
2980,2021-11-19 02:11:15,516521,3232.272148132324
2981,2021-11-19 06:11:28,516521,3227.4210453033447
2982,2021-11-19 06:11:34,516521,3067.150831222534
2983,2021-11-19 06:11:51,516521,3239.5858764648438
2984,2021-11-19 08:11:29,516521,3130.8250427246094
2985,2021-11-19 08:11:37,516521,3081.03084564209
2986,2021-11-19 08:11:42,516521,3214.3659591674805
2987,2021-11-19 10:11:28,516521,3244.020938873291
2988,2021-11-19 11:11:16,516521,3049.5951175689697
2989,2021-11-19 12:11:09,516521,2978.4069061279297
2990,2021-11-20 01:11:01,516521,3200.890064239502
2991,2021-11-20 01:11:16,516521,3056.9019317626953
2992,2021-11-20 02:11:26,516521,3191.7459964752197
2993,2021-11-20 02:11:28,516521,3212.023973464966
2994,2021-11-20 02:11:49,516521,3124.817132949829
2995,2021-11-20 03:11:08,516521,3225.2228260040283
2996,2021-11-20 03:11:09,516521,3266.7551040649414
2997,2021-11-20 03:11:13,516521,2986.6721630096436
2998,2021-11-20 03:11:18,516521,3240.9331798553467
2999,2021-11-20 03:11:46,516521,3037.2819900512695
3000,2021-11-20 05:11:38,516521,3071.030855178833
3001,2021-11-20 06:11:32,516521,3242.150068283081
3002,2021-11-20 12:11:31,516521,3298.1228828430176
3003,2021-11-20 12:11:43,516521,3126.055955886841
3004,2021-11-20 12:11:50,516521,3152.743101119995
3005,2021-11-20 05:11:22,516523,3106.411933898926
3006,2021-11-20 06:11:00,516523,3133.1069469451904
3007,2021-11-20 05:11:43,516525,3199.298858642578
3008,2021-11-20 05:11:47,516525,3251.8539428710938
3009,2021-11-20 06:11:00,516525,3155.489921569824
3010,2021-11-19 09:11:45,516527,3025.2320766448975
3011,2021-11-19 11:11:13,516527,3216.5238857269287
3012,2021-11-20 06:11:46,516527,3128.641128540039
3013,2021-11-20 07:11:01,516527,3130.8889389038086
3014,2021-11-20 06:11:12,516528,3100.3689765930176
3015,2021-11-20 08:11:55,516528,3135.206937789917
3016,2021-11-20 07:11:03,516529,3241.015911102295
3017,2021-11-20 07:11:14,516529,3218.546152114868
3018,2021-11-20 08:11:43,516529,2947.939157485962
3019,2021-11-20 07:11:30,516530,3111.2349033355713
3020,2021-11-20 09:11:17,516530,3107.6200008392334
3021,2021-11-20 01:11:22,516532,3087.824821472168
3022,2021-11-20 03:11:56,516532,3016.6091918945312
3023,2021-11-20 08:11:36,516533,3116.766929626465
3024,2021-11-20 08:11:37,516533,3127.0768642425537
3025,2021-11-20 10:11:40,516533,3140.717029571533
3026,2021-11-20 08:11:50,516534,3215.4998779296875
3027,2021-11-20 08:11:03,516538,3175.4400730133057
3028,2021-11-20 10:11:05,516538,3040.050983428955
3029,2021-11-20 01:11:49,516541,2966.754198074341
3030,2021-11-20 12:11:03,516541,2969.1271781921387
3031,2021-11-20 10:11:55,516547,2964.1361236572266
3032,2021-11-21 12:11:26,516547,3209.165096282959
3033,2021-11-21 02:11:28,516550,3143.8519954681396
3034,2021-11-21 04:11:13,516550,3079.415798187256
3035,2021-11-21 04:11:58,516550,3195.61505317688
3036,2021-11-21 05:11:17,516550,3087.778091430664
3037,2021-11-21 05:11:47,516550,3146.541118621826
3038,2021-11-21 01:11:02,516551,3028.980016708374
3039,2021-11-21 02:11:38,516551,3079.1118144989014
3040,2021-11-21 02:11:40,516551,3118.9329624176025
3041,2021-11-21 03:11:03,516551,3249.9799728393555
3042,2021-11-21 09:11:30,516556,3203.460931777954
3043,2021-11-22 01:11:43,516556,3002.6960372924805
3044,2021-11-22 01:11:58,516556,2967.1790599823
3045,2021-11-22 02:11:18,516556,3023.432970046997
3046,2021-11-22 02:11:26,516556,3090.6898975372314
3047,2021-11-22 06:11:02,516556,3094.9881076812744
3048,2021-11-22 06:11:34,516556,3159.925937652588
3049,2021-11-22 07:11:20,516556,3068.0930614471436
3050,2021-11-22 09:11:55,516556,3041.2869453430176
3051,2021-11-22 07:11:12,516557,3042.8378582000732
3052,2021-11-22 07:11:22,516557,3110.9302043914795
3053,2021-11-22 08:11:27,516558,3153.8140773773193
3054,2021-11-22 08:11:42,516558,3169.919967651367
3055,2021-11-22 09:11:31,516558,2985.9538078308105
3056,2021-11-22 11:11:52,516558,3197.9548931121826
3057,2021-11-22 12:11:59,516558,3206.5398693084717
3058,2021-11-22 04:11:54,516559,3235.163927078247
3059,2021-11-22 05:11:13,516559,3187.242031097412
3060,2021-11-22 12:11:03,516559,3085.966110229492
3061,2021-11-22 05:11:29,516561,3027.756929397583
3062,2021-11-22 05:11:13,516562,2969.7000980377197
3063,2021-11-22 05:11:38,516562,3018.1779861450195
3064,2021-11-22 05:11:40,516562,3031.4760208129883
3065,2021-11-22 07:11:12,516562,3176.171064376831
3066,2021-11-22 07:11:28,516562,3214.6120071411133
3067,2021-11-22 08:11:09,516562,3085.1621627807617
3068,2021-11-22 07:11:01,516564,3040.8999919891357
3069,2021-11-22 07:11:11,516564,3170.085906982422
3070,2021-11-22 09:11:15,516564,3187.5200271606445
3071,2021-11-22 07:11:03,516565,3049.2141246795654
3072,2021-11-22 07:11:23,516565,3037.0380878448486
3073,2021-11-22 08:11:02,516567,2954.1878700256348
3074,2021-11-22 10:11:45,516567,3005.2740573883057
3075,2021-11-22 07:11:44,516569,3211.038112640381
3076,2021-11-22 08:11:23,516569,2996.626853942871
3077,2021-11-22 08:11:32,516569,3003.88503074646
3078,2021-11-22 11:11:50,516569,2975.3849506378174
3079,2021-11-22 11:11:57,516570,3267.9691314697266
3080,2021-11-23 01:11:39,516570,3246.5059757232666
3081,2021-11-23 01:11:54,516570,3192.5079822540283
3082,2021-11-23 12:11:33,516570,3000.4937648773193
3083,2021-11-22 11:11:01,516571,3054.9418926239014
3084,2021-11-22 11:11:05,516571,3101.257085800171
3085,2021-11-22 11:11:32,516571,3113.860845565796
3086,2021-11-23 01:11:40,516571,2995.215892791748
3087,2021-11-22 09:11:47,516572,2932.608127593994
3088,2021-11-22 11:11:09,516572,3210.1149559020996
3089,2021-11-23 02:11:56,516573,3124.6399879455566
3090,2021-11-23 12:11:30,516573,3074.6099948883057
3091,2021-11-23 12:11:33,516573,3022.6309299468994
3092,2021-11-23 02:11:13,516574,3215.999126434326
3093,2021-11-23 12:11:41,516574,3055.050849914551
3094,2021-11-23 01:11:09,516575,3046.7779636383057
3095,2021-11-23 04:11:42,516575,3170.5620288848877
3096,2021-11-23 01:11:14,516576,3134.5179080963135
3097,2021-11-23 04:11:16,516576,3254.862070083618
3098,2021-11-23 02:11:12,516578,3117.475986480713
3099,2021-11-23 05:11:56,516578,3010.028839111328
3100,2021-11-23 06:11:30,516578,2992.2921657562256
3101,2021-11-23 05:11:07,516579,3091.5849208831787
3102,2021-11-23 05:11:12,516579,3063.778877258301
3103,2021-11-23 05:11:30,516579,3108.912944793701
3104,2021-11-23 06:11:04,516579,2977.954149246216
3105,2021-11-23 06:11:32,516579,3070.258855819702
3106,2021-11-23 07:11:14,516579,3266.292095184326
3107,2021-11-23 07:11:17,516579,2957.5769901275635
3108,2021-11-23 08:11:23,516579,2972.2211360931396
3109,2021-11-23 08:11:24,516579,3314.1400814056396
3110,2021-11-23 08:11:31,516579,3229.1109561920166
3111,2021-11-23 09:11:33,516579,3001.307964324951
3112,2021-11-23 09:11:28,516582,3063.952922821045
3113,2021-11-23 11:11:31,516582,3221.790075302124
3114,2021-11-23 01:11:15,516583,3256.0222148895264
3115,2021-11-23 10:11:28,516583,3049.041986465454
3116,2021-11-23 10:11:39,516583,3019.901990890503
3117,2021-11-23 10:11:46,516583,3036.450147628784
3118,2021-11-23 10:11:47,516583,3066.0228729248047
3119,2021-11-23 11:11:27,516583,3183.845043182373
3120,2021-11-23 11:11:44,516583,3227.7140617370605
3121,2021-11-23 12:11:03,516583,3265.4268741607666
3122,2021-11-23 12:11:39,516583,3085.5350494384766
3123,2021-11-23 01:11:35,516585,3429.2259216308594
3124,2021-11-23 01:11:40,516585,3179.793119430542
3125,2021-11-23 02:11:28,516585,3069.77915763855
3126,2021-11-23 03:11:45,516585,3037.194013595581
3127,2021-11-23 01:11:20,516586,3008.3980560302734
3128,2021-11-23 02:11:09,516586,3187.296152114868
3129,2021-11-23 04:11:45,516588,3169.198989868164
3130,2021-11-23 05:11:01,516588,3149.5509147644043
3131,2021-11-23 04:11:32,516589,3051.948070526123
3132,2021-11-23 06:11:08,516589,3153.872013092041
3133,2021-11-23 05:11:46,516590,3185.199975967407
3134,2021-11-23 06:11:39,516590,3018.6920166015625
3135,2021-11-23 07:11:53,516590,3067.589044570923
3136,2021-11-23 08:11:53,516590,2931.976079940796
3137,2021-11-23 06:11:52,516592,3125.9820461273193
3138,2021-11-23 07:11:33,516593,3085.24489402771
3139,2021-11-23 08:11:15,516593,3235.1579666137695
3140,2021-11-23 08:11:32,516593,3159.3120098114014
3141,2021-11-23 10:11:32,516594,3118.704080581665
3142,2021-11-23 10:11:45,516594,3047.2750663757324
3143,2021-11-24 12:11:48,516594,3268.8040733337402
3144,2021-11-23 10:11:46,516596,3026.7131328582764
3145,2021-11-24 12:11:32,516596,3168.980121612549
3146,2021-11-23 10:11:31,516598,3039.7489070892334
3147,2021-11-24 12:11:38,516598,3118.91508102417
3148,2021-11-24 01:11:36,516604,3141.9200897216797
3149,2021-11-24 04:11:50,516605,2976.162910461426
3150,2021-11-24 05:11:24,516605,3276.685953140259
3151,2021-11-24 05:11:40,516605,3154.055118560791
3152,2021-11-24 06:11:47,516605,3161.996841430664
3153,2021-11-24 06:11:16,516606,3172.683000564575
3154,2021-11-24 06:11:58,516606,3034.8918437957764
3155,2021-11-24 07:11:04,516606,3036.5231037139893
3156,2021-11-24 07:11:47,516606,3157.69100189209
3157,2021-11-24 08:11:23,516608,2944.1678524017334
3158,2021-11-24 01:11:02,516609,3086.5020751953125
3159,2021-11-24 01:11:04,516609,2922.960042953491
3160,2021-11-24 01:11:11,516609,3003.4029483795166
3161,2021-11-24 01:11:49,516609,3049.1981506347656
3162,2021-11-24 02:11:29,516609,3222.400903701782
3163,2021-11-24 02:11:52,516609,3128.1118392944336
3164,2021-11-24 02:11:58,516609,3111.726999282837
3165,2021-11-24 03:11:02,516609,3102.2579669952393
3166,2021-11-24 03:11:09,516609,3102.447986602783
3167,2021-11-24 09:11:00,516609,3191.4899349212646
3168,2021-11-24 10:11:00,516609,2984.8380088806152
3169,2021-11-24 10:11:31,516609,3182.1129322052
3170,2021-11-24 10:11:56,516609,3109.4439029693604
3171,2021-11-24 11:11:15,516609,3035.5000495910645
3172,2021-11-24 11:11:24,516609,2928.5221099853516
3173,2021-11-24 11:11:54,516609,3135.845899581909
3174,2021-11-24 12:11:09,516609,2991.5640354156494
3175,2021-11-24 12:11:21,516609,3050.1279830932617
3176,2021-11-24 02:11:29,516610,3059.952974319458
3177,2021-11-24 02:11:50,516610,3022.684097290039
3178,2021-11-24 03:11:57,516610,3161.837100982666
3179,2021-11-24 04:11:36,516610,3115.226984024048
3180,2021-11-24 03:11:35,516611,3159.8360538482666
3181,2021-11-24 04:11:25,516611,3042.541027069092
3182,2021-11-24 05:11:14,516611,3096.283197402954
3183,2021-11-24 05:11:15,516611,3078.969955444336
3184,2021-11-24 05:11:44,516612,3092.801094055176
3185,2021-11-24 04:11:27,516613,3076.7810344696045
3186,2021-11-24 06:11:20,516613,3098.9649295806885
3187,2021-11-24 06:11:45,516613,3165.4841899871826
3188,2021-11-24 08:11:49,516613,3141.188859939575
3189,2021-11-24 06:11:17,516615,3079.7910690307617
3190,2021-11-24 06:11:50,516615,3030.4620265960693
3191,2021-11-24 08:11:25,516615,3212.4459743499756
3192,2021-11-24 09:11:26,516615,3077.883005142212
3193,2021-11-24 10:11:27,516615,3323.2600688934326
3194,2021-11-24 10:11:46,516615,3141.9460773468018
3195,2021-11-24 08:11:36,516616,3079.9739360809326
3196,2021-11-24 09:11:31,516617,3187.9451274871826
3197,2021-11-24 11:11:08,516617,2993.6001300811768
3198,2021-11-24 09:11:20,516618,3176.4771938323975
3199,2021-11-24 10:11:34,516618,3182.938814163208
3200,2021-11-25 12:11:48,516618,3142.7559852600098
3201,2021-11-24 10:11:34,516619,3059.9489212036133
3202,2021-11-24 10:11:41,516619,3134.345054626465
3203,2021-11-25 12:11:37,516619,3110.6441020965576
3204,2021-11-24 11:11:15,516620,3154.8900604248047
3205,2021-11-24 11:11:58,516620,3249.16410446167
3206,2021-11-25 01:11:09,516620,3147.5861072540283
3207,2021-11-25 12:11:31,516620,3172.0969676971436
3208,2021-11-25 02:11:51,516624,3103.8260459899902
3209,2021-11-25 05:11:10,516628,3055.9399127960205
3210,2021-11-25 07:11:49,516630,3080.778121948242
3211,2021-11-25 08:11:34,516630,3074.643135070801
3212,2021-11-25 10:11:51,516630,2997.213125228882
3213,2021-11-25 12:11:17,516630,3104.9468517303467
3214,2021-11-25 12:11:21,516630,3100.6059646606445
3215,2021-11-25 12:11:26,516630,3207.896947860718
3216,2021-11-25 01:11:06,516632,3156.003952026367
3217,2021-11-25 01:11:14,516632,3239.0830516815186
3218,2021-11-25 01:11:17,516632,3033.9889526367188
3219,2021-11-25 01:11:37,516632,3060.771942138672
3220,2021-11-25 01:11:57,516632,3148.207902908325
3221,2021-11-25 01:11:58,516632,3065.4549598693848
3222,2021-11-25 02:11:05,516632,3325.7761001586914
3223,2021-11-25 02:11:43,516632,3047.3010540008545
3224,2021-11-25 02:11:46,516632,2991.910934448242
3225,2021-11-25 04:11:18,516632,3377.2270679473877
3226,2021-11-25 05:11:00,516632,3150.637149810791
3227,2021-11-25 05:11:46,516632,3292.8099632263184
3228,2021-11-25 06:11:21,516632,3303.8270473480225
3229,2021-11-25 06:11:24,516632,3207.2067260742188
3230,2021-11-25 06:11:36,516632,3193.7782764434814
3231,2021-11-25 12:11:09,516632,3106.830835342407
3232,2021-11-25 12:11:35,516632,3066.3909912109375
3233,2021-11-25 12:11:48,516632,3046.894073486328
3234,2021-11-25 03:11:16,516633,3185.192823410034
3235,2021-11-25 04:11:11,516633,2998.444080352783
3236,2021-11-25 03:11:55,516634,3083.45890045166
3237,2021-11-25 06:11:25,516634,3208.5559368133545
3238,2021-11-25 04:11:08,516635,3031.785011291504
3239,2021-11-25 05:11:33,516635,3151.883125305176
3240,2021-11-25 07:11:09,516635,3024.977207183838
3241,2021-11-25 06:11:26,516638,3078.4499645233154
3242,2021-11-25 06:11:47,516638,3219.1240787506104
3243,2021-11-25 07:11:03,516638,3020.2951431274414
3244,2021-11-25 08:11:12,516638,3040.01784324646
3245,2021-11-25 09:11:38,516640,3158.444881439209
3246,2021-11-25 10:11:07,516640,3192.5950050354004
3247,2021-11-25 08:11:24,516641,3116.727113723755
3248,2021-11-25 08:11:27,516641,3144.9801921844482
3249,2021-11-25 10:11:14,516641,3267.9851055145264
3250,2021-11-25 11:11:08,516641,3192.850112915039
3251,2021-11-26 02:11:36,516641,3227.7419567108154
3252,2021-11-26 12:11:08,516641,3062.5970363616943
3253,2021-11-26 02:11:15,516642,3235.2499961853027
3254,2021-11-26 03:11:43,516642,3260.856866836548
3255,2021-11-26 12:11:44,516642,3221.0850715637207
3256,2021-11-26 05:11:38,516645,3188.631057739258
3257,2021-11-26 06:11:36,516645,3049.7469902038574
3258,2021-11-26 06:11:58,516645,3078.4170627593994
3259,2021-11-26 06:11:51,516648,3107.0539951324463
3260,2021-11-26 07:11:05,516648,3140.9871578216553
3261,2021-11-26 09:11:43,516648,2945.6911087036133
3262,2021-11-26 07:11:43,516649,3058.972120285034
3263,2021-11-26 09:11:45,516649,3080.250024795532
3264,2021-11-26 09:11:41,516651,3020.541191101074
3265,2021-11-26 10:11:29,516651,3024.751901626587
3266,2021-11-26 11:11:53,516651,3143.354892730713
3267,2021-11-26 01:11:06,516652,3189.7568702697754
3268,2021-11-26 02:11:02,516652,3104.785919189453
3269,2021-11-26 10:11:16,516652,3028.475046157837
3270,2021-11-26 11:11:05,516652,2981.73189163208
3271,2021-11-26 11:11:35,516652,3231.232166290283
3272,2021-11-26 12:11:05,516652,3043.4701442718506
3273,2021-11-26 12:11:15,516652,3014.530897140503
3274,2021-11-26 12:11:19,516652,2997.694969177246
3275,2021-11-26 12:11:26,516652,3085.5469703674316
3276,2021-11-26 12:11:43,516652,3259.8509788513184
3277,2021-11-26 01:11:06,516653,3099.6689796447754
3278,2021-11-26 01:11:23,516653,3124.380111694336
3279,2021-11-26 01:11:44,516653,3036.0560417175293
3280,2021-11-26 02:11:07,516653,3165.555953979492
3281,2021-11-26 02:11:14,516653,3132.397174835205
3282,2021-11-26 02:11:59,516653,3109.3969345092773
3283,2021-11-26 03:11:31,516653,2932.926893234253
3284,2021-11-26 03:11:42,516653,3032.1240425109863
3285,2021-11-26 03:11:55,516653,3133.5270404815674
3286,2021-11-26 04:11:01,516653,3019.5209980010986
3287,2021-11-26 04:11:25,516653,3078.8731575012207
3288,2021-11-26 03:11:35,516654,3011.4519596099854
3289,2021-11-26 03:11:47,516654,3249.1371631622314
3290,2021-11-26 05:11:54,516654,3108.179807662964
3291,2021-11-26 04:11:03,516655,3097.6080894470215
3292,2021-11-26 06:11:18,516655,3096.1151123046875
3293,2021-11-26 04:11:28,516658,3050.8599281311035
3294,2021-11-26 05:11:00,516658,3174.6790409088135
3295,2021-11-26 05:11:10,516658,3055.5429458618164
3296,2021-11-26 06:11:26,516658,3128.9470195770264
3297,2021-11-26 06:11:50,516658,3088.7389183044434
3298,2021-11-26 07:11:32,516658,3112.7638816833496
3299,2021-11-26 07:11:38,516658,3159.8150730133057
3300,2021-11-26 08:11:18,516658,3114.9518489837646
3301,2021-11-26 08:11:15,516663,3041.731119155884
3302,2021-11-26 09:11:30,516664,3067.0480728149414
3303,2021-11-26 11:11:38,516664,3094.883918762207
3304,2021-11-27 12:11:14,516664,3091.4320945739746
3305,2021-11-26 11:11:42,516666,3078.792095184326
3306,2021-11-27 01:11:15,516669,3158.017873764038
3307,2021-11-27 02:11:55,516670,3133.133888244629
3308,2021-11-27 04:11:57,516670,3115.7259941101074
3309,2021-11-27 02:11:04,516671,2981.506109237671
3310,2021-11-27 04:11:15,516671,3100.6100177764893
3311,2021-11-27 04:11:31,516671,3135.6308460235596
3312,2021-11-27 05:11:57,516671,3050.7678985595703
3313,2021-11-27 06:11:23,516671,3180.6678771972656
3314,2021-11-28 01:11:04,516676,3118.8101768493652
3315,2021-11-28 01:11:24,516676,3230.569839477539
3316,2021-11-29 02:11:08,516682,3011.7411613464355
3317,2021-11-29 08:11:57,516682,3018.8491344451904
3318,2021-11-29 12:11:08,516682,3060.991048812866
3319,2021-11-29 12:11:48,516682,2973.2139110565186
3320,2021-11-30 04:11:32,516682,3149.174928665161
3321,2021-11-30 06:11:09,516682,3082.669973373413
3322,2021-11-29 01:11:36,516683,3078.9339542388916
3323,2021-11-29 03:11:04,516683,3124.692916870117
3324,2021-11-29 01:11:44,516684,3036.181926727295
3325,2021-11-29 03:11:00,516684,3173.7608909606934
3326,2021-11-29 02:11:56,516685,3142.256021499634
3327,2021-11-29 03:11:28,516685,2945.850133895874
3328,2021-11-29 03:11:35,516685,2929.4469356536865
3329,2021-11-29 04:11:19,516685,2960.4458808898926
3330,2021-11-29 04:11:40,516685,3047.9300022125244
3331,2021-11-29 04:11:52,516685,3168.5760021209717
3332,2021-11-29 05:11:23,516685,3257.4338912963867
3333,2021-11-29 05:11:35,516685,3135.158061981201
3334,2021-11-29 05:11:44,516685,3164.069890975952
3335,2021-11-29 06:11:03,516685,2962.294101715088
3336,2021-11-29 06:11:37,516685,3032.7510833740234
3337,2021-11-29 07:11:10,516685,2957.6869010925293
3338,2021-11-29 09:11:37,516685,3077.7831077575684
3339,2021-11-29 08:11:08,516687,3054.835081100464
3340,2021-11-29 10:11:21,516687,3007.2689056396484
3341,2021-11-29 11:11:56,516687,3133.9001655578613
3342,2021-11-30 01:11:44,516688,3180.874824523926
3343,2021-11-30 12:11:53,516688,2993.298053741455
3344,2021-11-30 12:11:55,516688,3095.017194747925
3345,2021-11-30 01:11:21,516689,3160.1788997650146
3346,2021-11-30 03:11:19,516689,3037.5399589538574
3347,2021-11-30 04:11:24,516689,3134.680986404419
3348,2021-11-30 04:11:35,516689,3178.083896636963
3349,2021-11-30 05:11:02,516690,3008.2449913024902
3350,2021-11-30 05:11:17,516690,2948.241949081421
3351,2021-11-30 05:11:42,516690,3105.0198078155518
3352,2021-11-30 06:11:02,516690,3008.5649490356445
3353,2021-11-30 06:11:21,516690,3098.814010620117
3354,2021-11-30 06:11:26,516690,3172.316074371338
3355,2021-11-30 06:11:37,516691,3185.940980911255
3356,2021-11-30 08:11:36,516691,3113.231897354126
3357,2021-11-30 08:11:01,516692,3073.4879970550537
3358,2021-11-30 09:11:29,516692,3180.375099182129
3359,2021-11-30 10:11:29,516692,2959.805965423584
3360,2021-11-30 10:11:30,516693,2941.3321018218994
3361,2021-11-30 01:11:28,516697,3033.198833465576
3362,2021-11-30 01:11:39,516697,3012.4142169952393
3363,2021-11-30 01:11:44,516697,3230.121850967407
3364,2021-11-30 01:11:54,516697,3118.5660362243652
3365,2021-11-30 02:11:42,516697,3082.3423862457275
3366,2021-11-30 02:11:59,516697,3027.763843536377
3367,2021-11-30 03:11:52,516697,3140.2852535247803
3368,2021-11-30 03:11:56,516697,3220.5419540405273
3369,2021-11-30 12:11:03,516697,3057.431936264038
3370,2021-11-30 04:11:37,516700,3179.6159744262695
3371,2021-11-30 09:11:19,516700,3065.518856048584
3372,2021-11-30 09:11:59,516701,3105.717897415161
3373,2021-12-01 05:12:20,516701,3170.240879058838
3374,2021-12-01 06:12:37,516701,3088.5610580444336
3375,2021-11-30 11:11:44,516706,3013.0510330200195
3376,2021-12-01 02:12:14,516710,3062.0291233062744
3377,2021-12-01 02:12:16,516710,3085.374116897583
3378,2021-12-01 03:12:49,516710,3009.474992752075
3379,2021-12-01 06:12:02,516710,3189.0950202941895
3380,2021-12-01 02:12:52,516713,3147.373914718628
3381,2021-12-01 03:12:10,516713,3125.4329681396484
3382,2021-12-01 03:12:52,516713,2970.423936843872
3383,2021-12-01 03:12:55,516713,3141.9830322265625
3384,2021-12-01 06:12:53,516713,3063.9889240264893
3385,2021-12-01 07:12:10,516713,3106.4388751983643
3386,2021-12-01 07:12:20,516713,3236.1888885498047
3387,2021-12-01 08:12:06,516713,3204.9760818481445
3388,2021-12-01 08:12:19,516713,3026.728868484497
3389,2021-12-01 09:12:07,516713,2942.71183013916
3390,2021-12-01 10:12:29,516713,3104.9880981445312
3391,2021-12-01 12:12:08,516713,3091.736078262329
3392,2021-12-01 12:12:22,516713,3127.197027206421
3393,2021-12-01 12:12:35,516713,3206.605911254883
3394,2021-12-02 04:12:58,516713,3139.9261951446533
3395,2021-12-01 07:12:11,516714,2922.7349758148193
3396,2021-12-01 09:12:09,516714,2972.0990657806396
3397,2021-12-01 09:12:59,516714,3145.3189849853516
3398,2021-12-01 10:12:08,516714,3203.1610012054443
3399,2021-12-01 10:12:11,516714,3098.7069606781006
3400,2021-12-01 10:12:41,516714,3113.2259368896484
3401,2021-12-01 11:12:33,516714,3218.9998626708984
3402,2021-12-02 12:12:13,516714,3098.6061096191406
3403,2021-12-02 12:12:39,516714,3077.1331787109375
3404,2021-12-01 11:12:29,516715,3226.1509895324707
3405,2021-12-02 01:12:33,516715,3071.0299015045166
3406,2021-12-02 02:12:06,516715,3188.5321140289307
3407,2021-12-02 02:12:12,516715,2997.9310035705566
3408,2021-12-02 12:12:43,516715,3097.913980484009
3409,2021-12-02 12:12:06,516716,3024.834632873535
3410,2021-12-02 12:12:29,516716,3047.5523471832275
3411,2021-12-02 01:12:16,516719,3117.7978515625
3412,2021-12-02 01:12:44,516719,2952.3751735687256
3413,2021-12-02 02:12:00,516719,2976.642370223999
3414,2021-12-02 03:12:34,516719,3168.449878692627
3415,2021-12-02 05:12:15,516723,3117.8841590881348
3416,2021-12-02 08:12:14,516723,3259.8440647125244
3417,2021-12-02 07:12:55,516725,3097.0585346221924
3418,2021-12-02 08:12:51,516725,3164.663553237915
3419,2021-12-02 01:12:13,516727,3292.7346229553223
3420,2021-12-02 08:12:30,516727,3120.7664012908936
3421,2021-12-02 08:12:51,516727,2939.213991165161
3422,2021-12-02 09:12:03,516727,3174.75962638855
3423,2021-12-02 10:12:12,516727,3256.725788116455
3424,2021-12-02 10:12:34,516727,3130.467176437378
3425,2021-12-02 11:12:00,516727,3158.0612659454346
3426,2021-12-02 11:12:07,516727,3065.640687942505
3427,2021-12-02 11:12:19,516727,3158.4062576293945
3428,2021-12-02 11:12:55,516727,3087.655544281006
3429,2021-12-02 01:12:04,516728,3143.073081970215
3430,2021-12-02 01:12:15,516728,2884.6609592437744
3431,2021-12-02 02:12:08,516728,3191.450595855713
3432,2021-12-02 02:12:23,516728,3017.986059188843
3433,2021-12-02 11:12:47,516728,2996.3436126708984
3434,2021-12-02 11:12:57,516728,3095.6366062164307
3435,2021-12-02 12:12:32,516728,3145.604372024536
3436,2021-12-02 12:12:34,516728,3200.1073360443115
3437,2021-12-02 12:12:46,516728,3127.7389526367188
3438,2021-12-02 12:12:47,516728,2985.0478172302246
3439,2021-12-02 12:12:54,516728,3100.0800132751465
3440,2021-12-02 02:12:01,516729,2952.6991844177246
3441,2021-12-02 04:12:32,516729,3176.694631576538
3442,2021-12-02 02:12:59,516731,3148.2887268066406
3443,2021-12-02 04:12:57,516731,2940.7906532287598
3444,2021-12-02 03:12:13,516732,3082.359790802002
3445,2021-12-02 05:12:18,516732,3206.2149047851562
3446,2021-12-02 05:12:00,516734,3150.6507396698
3447,2021-12-02 07:12:09,516734,3036.8151664733887
3448,2021-12-02 05:12:23,516735,2977.085590362549
3449,2021-12-02 06:12:18,516736,3023.4949588775635
3450,2021-12-02 09:12:34,516736,3163.7918949127197
3451,2021-12-02 10:12:15,516736,2992.5880432128906
3452,2021-12-02 10:12:25,516736,3035.372495651245
3453,2021-12-03 02:12:07,516736,3245.3720569610596
3454,2021-12-03 02:12:09,516736,3141.6056156158447
3455,2021-12-03 02:12:17,516736,3177.569627761841
3456,2021-12-03 02:12:23,516736,3148.6892700195312
3457,2021-12-02 07:12:03,516737,2994.7948455810547
3458,2021-12-02 07:12:42,516737,3081.803798675537
3459,2021-12-02 10:12:33,516737,3178.5902976989746
3460,2021-12-02 07:12:16,516739,3156.582832336426
3461,2021-12-02 08:12:01,516739,3081.2668800354004
3462,2021-12-02 08:12:59,516739,3075.6945610046387
3463,2021-12-02 10:12:24,516739,3086.102247238159
3464,2021-12-02 11:12:19,516739,3022.7677822113037
3465,2021-12-03 12:12:32,516739,2962.3653888702393
3466,2021-12-02 11:12:12,516740,3095.327138900757
3467,2021-12-03 01:12:09,516740,3057.847261428833
3468,2021-12-02 11:12:46,516742,3035.382032394409
3469,2021-12-03 01:12:02,516742,3134.467363357544
3470,2021-12-03 12:12:02,516742,3227.3879051208496
3471,2021-12-03 12:12:53,516743,2998.6891746520996
3472,2021-12-03 02:12:00,516749,3096.3456630706787
3473,2021-12-03 05:12:03,516754,3101.9089221954346
3474,2021-12-03 05:12:08,516754,3087.445020675659
3475,2021-12-03 05:12:25,516755,3088.827133178711
3476,2021-12-03 06:12:37,516755,3157.9439640045166
3477,2021-12-03 07:12:19,516755,3083.4481716156006
3478,2021-12-03 07:12:47,516755,3041.971445083618
3479,2021-12-03 06:12:29,516756,3055.868148803711
3480,2021-12-03 07:12:38,516756,2939.1493797302246
3481,2021-12-03 07:12:41,516756,3039.8597717285156
3482,2021-12-03 08:12:33,516756,3050.194263458252
3483,2021-12-03 09:12:35,516760,3108.154773712158
3484,2021-12-03 11:12:45,516760,3030.9994220733643
3485,2021-12-03 12:12:27,516760,3006.3743591308594
3486,2021-12-03 12:12:35,516760,3055.342197418213
3487,2021-12-03 01:12:12,516761,3115.2095794677734
3488,2021-12-03 01:12:17,516761,3217.082738876343
3489,2021-12-03 01:12:58,516761,3138.457775115967
3490,2021-12-03 02:12:00,516761,3030.9574604034424
3491,2021-12-03 10:12:04,516761,3035.7444286346436
3492,2021-12-03 11:12:19,516761,3009.951114654541
3493,2021-12-03 11:12:27,516761,3151.1566638946533
3494,2021-12-03 11:12:50,516761,3132.1847438812256
3495,2021-12-03 12:12:18,516761,2975.558042526245
3496,2021-12-03 12:12:29,516761,3050.4424571990967
3497,2021-12-03 12:12:38,516761,3248.295783996582
3498,2021-12-03 12:12:54,516761,3124.634027481079
3499,2021-12-03 04:12:21,516763,3125.823497772217
3500,2021-12-03 04:12:42,516763,3050.8759021759033
3501,2021-12-03 06:12:15,516763,3154.9112796783447
3502,2021-12-03 06:12:46,516763,3065.2873516082764
3503,2021-12-03 05:12:23,516765,2959.6102237701416
3504,2021-12-03 05:12:29,516765,3093.600034713745
3505,2021-12-03 06:12:36,516765,3030.8597087860107
3506,2021-12-03 07:12:25,516769,3171.0894107818604
3507,2021-12-03 07:12:54,516769,3093.5511589050293
3508,2021-12-03 11:12:56,516769,3109.5736026763916
3509,2021-12-03 11:12:01,516770,3081.334352493286
3510,2021-12-03 11:12:39,516770,3125.068426132202
3511,2021-12-04 01:12:22,516771,2948.5151767730713
3512,2021-12-04 12:12:14,516771,3140.5162811279297
3513,2021-12-04 12:12:43,516771,2977.2446155548096
3514,2021-12-04 01:12:48,516772,3087.721824645996
3515,2021-12-04 12:12:06,516772,2972.9669094085693
3516,2021-12-04 01:12:10,516775,3076.972484588623
3517,2021-12-04 01:12:02,516778,3239.687442779541
3518,2021-12-04 01:12:37,516778,3077.0108699798584
3519,2021-12-04 01:12:20,516779,3179.6276569366455
3520,2021-12-04 03:12:12,516779,3069.7925090789795
3521,2021-12-04 01:12:50,516780,3192.5671100616455
3522,2021-12-04 02:12:25,516780,3054.734945297241
3523,2021-12-04 03:12:12,516780,3033.076763153076
3524,2021-12-04 03:12:48,516780,3101.2585163116455
3525,2021-12-04 04:12:57,516781,3130.420923233032
3526,2021-12-04 06:12:04,516781,3206.2599658966064
3527,2021-12-04 06:12:27,516781,3102.6759147644043
3528,2021-12-04 06:12:29,516781,3232.828140258789
3529,2021-12-05 03:12:46,516791,3084.512948989868
3530,2021-12-05 04:12:35,516791,3129.7240257263184
3531,2021-12-05 06:12:51,516791,3062.8509521484375
3532,2021-12-05 07:12:05,516791,3032.0985317230225
3533,2021-12-05 08:12:47,516791,3109.4143390655518
3534,2021-12-05 10:12:30,516791,3053.6837577819824
3535,2021-12-05 11:12:53,516791,2974.4160175323486
3536,2021-12-05 11:12:58,516791,3062.835931777954
3537,2021-12-06 03:12:51,516794,2997.164487838745
3538,2021-12-06 04:12:31,516795,3034.1475009918213
3539,2021-12-06 05:12:21,516796,3133.847236633301
3540,2021-12-06 09:12:44,516796,3069.196939468384
3541,2021-12-06 09:12:46,516796,3107.6650619506836
3542,2021-12-06 10:12:41,516796,3082.367420196533
3543,2021-12-06 11:12:51,516796,3136.1074447631836
3544,2021-12-06 12:12:47,516796,2989.7313117980957
3545,2021-12-06 03:12:10,516797,3050.058126449585
3546,2021-12-06 03:12:12,516797,3017.524003982544
3547,2021-12-06 03:12:47,516797,3132.46750831604
3548,2021-12-06 03:12:50,516797,3045.518398284912
3549,2021-12-06 04:12:11,516797,3096.238136291504
3550,2021-12-06 05:12:04,516797,3045.4511642456055
3551,2021-12-06 05:12:28,516797,3121.2761402130127
3552,2021-12-06 05:12:46,516797,3149.768590927124
3553,2021-12-06 05:12:47,516797,3083.6470127105713
3554,2021-12-06 04:12:01,516798,3224.2445945739746
3555,2021-12-06 04:12:14,516798,3055.626392364502
3556,2021-12-06 04:12:41,516798,3114.4347190856934
3557,2021-12-06 04:12:43,516798,3038.2957458496094
3558,2021-12-06 05:12:14,516798,3229.6273708343506
3559,2021-12-06 05:12:47,516798,3114.7804260253906
3560,2021-12-06 05:12:51,516798,3162.668228149414
3561,2021-12-06 05:12:52,516798,3153.433322906494
3562,2021-12-06 05:12:59,516798,3046.9274520874023
3563,2021-12-06 06:12:13,516798,3042.9391860961914
3564,2021-12-06 06:12:14,516798,2967.052698135376
3565,2021-12-06 06:12:39,516798,3056.492328643799
3566,2021-12-06 06:12:46,516798,3071.5856552124023
3567,2021-12-06 06:12:50,516798,3011.1074447631836
3568,2021-12-06 06:12:56,516798,3080.214738845825
3569,2021-12-06 07:12:30,516798,2991.0340309143066
3570,2021-12-06 08:12:19,516798,3205.982208251953
3571,2021-12-06 08:12:07,516800,3065.0675296783447
3572,2021-12-06 08:12:16,516800,3080.9223651885986
3573,2021-12-06 08:12:57,516800,3074.1019248962402
3574,2021-12-06 10:12:05,516800,3064.556360244751
3575,2021-12-06 10:12:16,516800,3077.2416591644287
3576,2021-12-06 10:12:17,516800,3083.017110824585
3577,2021-12-06 10:12:39,516800,3087.001085281372
3578,2021-12-06 10:12:55,516800,3090.167760848999
3579,2021-12-06 11:12:24,516800,3020.240068435669
3580,2021-12-07 01:12:26,516800,3122.596502304077
3581,2021-12-07 01:12:55,516800,3150.777578353882
3582,2021-12-07 12:12:38,516800,3145.479440689087
3583,2021-12-07 12:12:41,516800,3070.307970046997
3584,2021-12-07 12:12:12,516804,3142.5061225891113
3585,2021-12-07 01:12:48,516805,3096.348762512207
3586,2021-12-07 02:12:53,516805,3063.418388366699
3587,2021-12-07 02:12:56,516805,3161.569595336914
3588,2021-12-07 12:12:13,516805,3034.808874130249
3589,2021-12-07 12:12:15,516805,3190.868616104126
3590,2021-12-07 02:12:24,516806,3067.68798828125
3591,2021-12-07 03:12:47,516806,3048.2566356658936
3592,2021-12-07 05:12:17,516810,3114.7732734680176
3593,2021-12-07 07:12:19,516810,2960.677146911621
3594,2021-12-07 06:12:18,516811,2947.8604793548584
3595,2021-12-07 07:12:41,516811,3068.7177181243896
3596,2021-12-07 09:12:20,516815,3134.850263595581
3597,2021-12-07 11:12:47,516815,3222.564458847046
3598,2021-12-07 09:12:27,516818,2974.848985671997
3599,2021-12-07 11:12:04,516818,3136.3470554351807
3600,2021-12-07 11:12:54,516818,3032.249689102173
3601,2021-12-07 12:12:12,516821,2994.166612625122
3602,2021-12-07 02:12:04,516823,3212.8384113311768
3603,2021-12-07 03:12:52,516823,3098.769426345825
3604,2021-12-07 04:12:07,516825,3119.8747158050537
3605,2021-12-07 04:12:13,516825,2928.295135498047
3606,2021-12-07 05:12:05,516825,3139.8911476135254
3607,2021-12-07 05:12:10,516825,2916.5306091308594
3608,2021-12-07 06:12:26,516825,3066.2121772766113
3609,2021-12-07 06:12:39,516825,3076.958656311035
3610,2021-12-07 07:12:35,516825,3079.430341720581
3611,2021-12-07 08:12:18,516825,3120.8956241607666
3612,2021-12-07 08:12:28,516825,3099.8287200927734
3613,2021-12-07 08:12:37,516825,3193.167209625244
3614,2021-12-07 09:12:03,516825,3001.6565322875977
3615,2021-12-07 09:12:43,516825,3061.4013671875
3616,2021-12-07 09:12:57,516825,3106.732130050659
3617,2021-12-07 10:12:06,516825,3174.797296524048
3618,2021-12-07 10:12:08,516825,3068.8729286193848
3619,2021-12-07 10:12:09,516825,3070.267915725708
3620,2021-12-07 10:12:13,516825,3070.3094005584717
3621,2021-12-07 10:12:29,516825,3023.1709480285645
3622,2021-12-07 10:12:38,516825,3018.8229084014893
3623,2021-12-07 10:12:58,516825,3028.154134750366
3624,2021-12-07 11:12:51,516825,3060.9004497528076
3625,2021-12-08 12:12:17,516825,3065.241575241089
3626,2021-12-07 11:12:01,516826,3084.341049194336
3627,2021-12-07 11:12:16,516826,3020.207643508911
3628,2021-12-08 12:12:43,516826,3058.899402618408
3629,2021-12-08 12:12:44,516826,3022.6714611053467
3630,2021-12-08 01:12:41,516828,3120.8508014678955
3631,2021-12-08 03:12:14,516828,3147.531509399414
3632,2021-12-08 05:12:23,516828,3079.164505004883
3633,2021-12-08 05:12:37,516829,3240.459203720093
3634,2021-12-08 05:12:53,516829,2945.4398155212402
3635,2021-12-08 06:12:21,516829,3039.3385887145996
3636,2021-12-08 06:12:07,516830,3186.815023422241
3637,2021-12-08 06:12:08,516830,3022.351026535034
3638,2021-12-08 06:12:21,516830,3106.4846515655518
3639,2021-12-08 07:12:33,516830,3041.3715839385986
3640,2021-12-08 07:12:48,516830,3206.717014312744
3641,2021-12-08 08:12:04,516830,3159.2724323272705
3642,2021-12-08 08:12:14,516830,3196.200370788574
3643,2021-12-08 09:12:20,516830,3066.4591789245605
3644,2021-12-08 09:12:33,516830,3035.118818283081
3645,2021-12-08 10:12:31,516830,3053.7636280059814
3646,2021-12-08 10:12:51,516830,3169.8362827301025
3647,2021-12-08 09:12:43,516832,3236.931085586548
3648,2021-12-08 10:12:12,516832,2987.5855445861816
3649,2021-12-08 10:12:42,516832,3038.459062576294
3650,2021-12-08 01:12:05,516833,3139.4565105438232
3651,2021-12-08 01:12:46,516833,3059.0567588806152
3652,2021-12-08 02:12:43,516833,2971.9371795654297
3653,2021-12-08 11:12:06,516833,3032.6085090637207
3654,2021-12-08 12:12:01,516833,3174.0808486938477
3655,2021-12-08 12:12:03,516833,2930.3979873657227
3656,2021-12-08 12:12:30,516833,2996.967077255249
3657,2021-12-08 12:12:50,516833,3016.6056156158447
3658,2021-12-08 01:12:01,516834,3132.460832595825
3659,2021-12-08 01:12:26,516834,3149.355411529541
3660,2021-12-08 01:12:39,516834,3042.94753074646
3661,2021-12-08 03:12:15,516834,3195.3070163726807
3662,2021-12-08 03:12:39,516834,3214.825391769409
3663,2021-12-08 02:12:26,516835,3130.988121032715
3664,2021-12-08 04:12:44,516835,3148.9219665527344
3665,2021-12-08 03:12:26,516838,3095.628023147583
3666,2021-12-08 04:12:10,516838,3132.521152496338
3667,2021-12-08 04:12:14,516839,3008.439540863037
3668,2021-12-08 06:12:00,516839,3074.296474456787
3669,2021-12-08 05:12:57,516840,3083.256483078003
3670,2021-12-08 06:12:43,516840,3044.0738201141357
3671,2021-12-08 05:12:50,516841,3069.90909576416
3672,2021-12-08 06:12:01,516841,3009.84787940979
3673,2021-12-08 08:12:11,516841,3030.7886600494385
3674,2021-12-08 08:12:46,516843,3090.7506942749023
3675,2021-12-08 10:12:12,516843,3116.086483001709
3676,2021-12-08 08:12:05,516844,3168.004274368286
3677,2021-12-08 10:12:24,516844,2998.810052871704
3678,2021-12-08 09:12:22,516846,3136.890649795532
3679,2021-12-08 11:12:00,516846,2902.378797531128
3680,2021-12-08 10:12:27,516849,3133.93235206604
3681,2021-12-08 11:12:14,516849,3074.8507976531982
3682,2021-12-09 01:12:16,516849,3195.8553791046143
3683,2021-12-09 12:12:18,516851,3004.439115524292
3684,2021-12-09 01:12:01,516854,3094.188451766968
3685,2021-12-09 03:12:07,516856,3004.270076751709
3686,2021-12-09 06:12:35,516859,3085.85786819458
3687,2021-12-09 07:12:17,516859,3095.947027206421
3688,2021-12-09 05:12:18,516860,3025.1097679138184
3689,2021-12-09 05:12:26,516860,3186.974048614502
3690,2021-12-09 06:12:06,516861,2936.915159225464
3691,2021-12-09 06:12:24,516861,3107.71107673645
3692,2021-12-09 06:12:43,516861,3107.487678527832
3693,2021-12-09 01:12:09,516864,3105.2308082580566
3694,2021-12-09 01:12:25,516864,3128.1309127807617
3695,2021-12-09 01:12:50,516864,2949.342966079712
3696,2021-12-09 01:12:57,516864,3156.4385890960693
3697,2021-12-09 02:12:12,516864,3084.581136703491
3698,2021-12-09 02:12:55,516864,3019.444704055786
3699,2021-12-09 03:12:06,516864,3016.4875984191895
3700,2021-12-09 03:12:06,516864,3156.357526779175
3701,2021-12-09 08:12:00,516864,2998.2011318206787
3702,2021-12-09 08:12:28,516864,2973.3715057373047
3703,2021-12-09 09:12:43,516864,2953.456163406372
3704,2021-12-09 10:12:14,516864,3039.5710468292236
3705,2021-12-09 11:12:13,516864,3021.2230682373047
3706,2021-12-09 11:12:53,516864,3208.1031799316406
3707,2021-12-09 12:12:12,516864,3046.4820861816406
3708,2021-12-09 12:12:23,516864,3075.389623641968
3709,2021-12-09 12:12:26,516864,2967.9994583129883
3710,2021-12-09 12:12:45,516864,3174.7443675994873
3711,2021-12-09 02:12:18,516865,3205.2814960479736
3712,2021-12-09 02:12:19,516865,3136.366605758667
3713,2021-12-09 02:12:55,516865,3063.0383491516113
3714,2021-12-09 03:12:37,516865,3119.826555252075
3715,2021-12-09 03:12:07,516866,2944.5440769195557
3716,2021-12-09 03:12:12,516867,3047.238826751709
3717,2021-12-09 03:12:48,516867,3113.866090774536
3718,2021-12-09 04:12:28,516867,3048.3527183532715
3719,2021-12-09 04:12:32,516867,3010.33878326416
3720,2021-12-09 03:12:30,516869,3017.5113677978516
3721,2021-12-09 04:12:10,516869,3098.4251499176025
3722,2021-12-09 04:12:39,516869,2988.5003566741943
3723,2021-12-09 05:12:04,516871,3117.2120571136475
3724,2021-12-09 05:12:05,516871,3083.888053894043
3725,2021-12-09 05:12:52,516871,3180.3507804870605
3726,2021-12-09 07:12:12,516871,3144.075632095337
3727,2021-12-09 07:12:25,516871,3181.8203926086426
3728,2021-12-09 06:12:29,516872,3047.6889610290527
3729,2021-12-09 07:12:56,516872,3013.399839401245
3730,2021-12-09 10:12:49,516877,3110.644817352295
3731,2021-12-10 12:12:56,516877,3052.3273944854736
3732,2021-12-09 10:12:31,516878,3087.4695777893066
3733,2021-12-10 01:12:29,516880,3120.703935623169
3734,2021-12-10 01:12:02,516883,3038.3708477020264
3735,2021-12-10 01:12:06,516883,3059.0460300445557
3736,2021-12-10 04:12:16,516883,3153.0346870422363
3737,2021-12-10 05:12:34,516883,3072.2579956054688
3738,2021-12-10 05:12:52,516883,3054.6092987060547
3739,2021-12-10 06:12:21,516883,3091.879367828369
3740,2021-12-10 08:12:47,516883,3041.6390895843506
3741,2021-12-10 09:12:51,516883,3004.1966438293457
3742,2021-12-10 10:12:15,516883,3043.954372406006
3743,2021-12-10 10:12:23,516883,2998.8348484039307
3744,2021-12-10 10:12:25,516883,3168.9417362213135
3745,2021-12-10 10:12:42,516883,2941.6162967681885
3746,2021-12-10 12:12:24,516883,3146.3825702667236
3747,2021-12-10 12:12:27,516883,3210.1681232452393
3748,2021-12-10 12:12:44,516883,3182.7850341796875
3749,2021-12-10 11:12:02,516884,3107.154607772827
3750,2021-12-10 12:12:37,516884,3021.578788757324
3751,2021-12-10 12:12:42,516884,3024.7507095336914
3752,2021-12-10 12:12:50,516884,3163.374423980713
3753,2021-12-10 01:12:22,516885,3120.260000228882
3754,2021-12-10 01:12:47,516885,3238.1951808929443
3755,2021-12-10 01:12:16,516886,2974.62797164917
3756,2021-12-10 03:12:12,516886,3055.241584777832
3757,2021-12-10 02:12:11,516887,3122.601270675659
3758,2021-12-10 02:12:35,516887,3075.613498687744
3759,2021-12-10 03:12:28,516887,3010.171413421631
3760,2021-12-10 03:12:12,516888,3078.7928104400635
3761,2021-12-10 03:12:22,516888,3167.9306030273438
3762,2021-12-10 05:12:37,516888,3088.1693363189697
3763,2021-12-10 06:12:00,516892,3092.311382293701
3764,2021-12-10 06:12:31,516892,3037.8119945526123
3765,2021-12-10 06:12:43,516892,2952.193260192871
3766,2021-12-10 07:12:58,516892,2987.5006675720215
3767,2021-12-10 08:12:04,516892,3036.679744720459
3768,2021-12-10 07:12:55,516893,2935.6937408447266
3769,2021-12-10 08:12:14,516893,3117.7475452423096
3770,2021-12-10 09:12:09,516893,3298.8438606262207
3771,2021-12-10 08:12:10,516894,3107.3672771453857
3772,2021-12-10 08:12:10,516895,2992.265224456787
3773,2021-12-10 08:12:37,516895,3083.7490558624268
3774,2021-12-10 08:12:54,516895,3060.190439224243
3775,2021-12-10 10:12:56,516895,2990.9703731536865
3776,2021-12-10 11:12:16,516895,3071.1052417755127
3777,2021-12-10 11:12:51,516895,3088.280200958252
3778,2021-12-10 09:12:26,516896,3054.9533367156982
3779,2021-12-10 09:12:27,516896,3147.6621627807617
3780,2021-12-10 09:12:29,516896,3124.5763301849365
3781,2021-12-10 10:12:19,516896,3073.760509490967
3782,2021-12-10 10:12:16,516897,3231.5878868103027
3783,2021-12-10 10:12:56,516898,3063.528299331665
3784,2021-12-10 11:12:41,516898,3120.962619781494
3785,2021-12-11 12:12:37,516898,2839.517831802368
3786,2021-12-11 12:12:55,516898,3193.7925815582275
3787,2021-12-10 11:12:09,516900,3091.478109359741
3788,2021-12-10 11:12:19,516900,3170.959234237671
3789,2021-12-11 01:12:02,516900,3095.691919326782
3790,2021-12-11 01:12:36,516900,3043.043613433838
3791,2021-12-11 01:12:24,516901,3114.9532794952393
3792,2021-12-11 02:12:08,516901,3160.7561111450195
3793,2021-12-11 12:12:22,516901,3068.607807159424
3794,2021-12-11 02:12:32,516902,3005.6989192962646
3795,2021-12-11 11:12:30,516909,3192.6119327545166
3796,2021-12-11 11:12:32,516909,3062.9279613494873
3797,2021-12-11 12:12:22,516909,3127.9590129852295
3798,2021-12-12 01:12:56,516909,3123.356580734253
3799,2021-12-12 11:12:58,516909,3044.3472862243652
3800,2021-12-12 12:12:01,516909,2989.3548488616943
3801,2021-12-12 12:12:21,516909,3089.9264812469482
3802,2021-12-12 04:12:22,516910,3253.1044483184814
3803,2021-12-12 05:12:09,516911,3176.891565322876
3804,2021-12-12 06:12:04,516911,3084.6874713897705
3805,2021-12-12 01:12:21,516912,3075.6731033325195
3806,2021-12-12 01:12:35,516912,3127.3159980773926
3807,2021-12-12 02:12:00,516912,2900.1193046569824
3808,2021-12-12 12:12:24,516912,3108.562707901001
3809,2021-12-13 04:12:22,516914,3098.5028743743896
3810,2021-12-13 05:12:09,516915,2972.0377922058105
3811,2021-12-13 06:12:08,516915,3037.4789237976074
3812,2021-12-13 06:12:42,516915,3112.2641563415527
3813,2021-12-13 06:12:57,516915,2883.714437484741
3814,2021-12-13 07:12:06,516915,3091.883659362793
3815,2021-12-13 07:12:22,516915,3037.975311279297
3816,2021-12-13 08:12:05,516915,3172.997236251831
3817,2021-12-13 01:12:43,516916,3255.1653385162354
3818,2021-12-13 01:12:47,516916,3161.0372066497803
3819,2021-12-13 01:12:49,516916,3075.3157138824463
3820,2021-12-13 01:12:49,516916,3090.6248092651367
3821,2021-12-13 02:12:00,516916,3049.6413707733154
3822,2021-12-13 02:12:21,516916,2984.102487564087
3823,2021-12-13 02:12:28,516916,2980.301856994629
3824,2021-12-13 07:12:29,516916,3201.9267082214355
3825,2021-12-13 08:12:16,516916,3052.5166988372803
3826,2021-12-13 09:12:11,516916,3099.2531776428223
3827,2021-12-13 09:12:30,516916,2940.850257873535
3828,2021-12-13 10:12:30,516916,3153.2487869262695
3829,2021-12-13 10:12:31,516916,3036.3709926605225
3830,2021-12-13 10:12:37,516916,3020.0958251953125
3831,2021-12-13 10:12:41,516916,3062.6776218414307
3832,2021-12-13 10:12:57,516916,3019.4263458251953
3833,2021-12-13 11:12:13,516916,3099.911689758301
3834,2021-12-13 11:12:45,516916,3094.585180282593
3835,2021-12-13 11:12:50,516916,2979.3641567230225
3836,2021-12-13 12:12:53,516916,3052.082300186157
3837,2021-12-13 12:12:56,516916,2932.912826538086
3838,2021-12-13 02:12:21,516917,3123.7006187438965
3839,2021-12-13 02:12:50,516917,3001.401662826538
3840,2021-12-13 02:12:56,516917,3208.024263381958
3841,2021-12-13 03:12:11,516917,2996.7947006225586
3842,2021-12-13 03:12:32,516917,3275.7508754730225
3843,2021-12-13 03:12:33,516917,3041.948080062866
3844,2021-12-13 03:12:58,516917,3051.866054534912
3845,2021-12-13 04:12:52,516917,3042.849063873291
3846,2021-12-13 04:12:05,516918,3141.1924362182617
3847,2021-12-13 08:12:11,516921,3030.331611633301
3848,2021-12-13 07:12:30,516922,2946.319341659546
3849,2021-12-13 08:12:03,516922,3068.497896194458
3850,2021-12-13 08:12:57,516922,3115.2923107147217
3851,2021-12-13 09:12:25,516922,3153.1355381011963
3852,2021-12-13 10:12:09,516922,3065.5951499938965
3853,2021-12-13 09:12:48,516924,3063.03071975708
3854,2021-12-13 10:12:57,516924,3033.993721008301
3855,2021-12-13 11:12:53,516924,3161.052465438843
3856,2021-12-13 11:12:28,516925,2997.3747730255127
3857,2021-12-13 11:12:32,516926,3161.7350578308105
3858,2021-12-14 01:12:48,516928,3255.16939163208
3859,2021-12-14 02:12:19,516928,3971.0679054260254
3860,2021-12-14 03:12:03,516928,3177.0637035369873
3861,2021-12-14 03:12:52,516928,3040.9905910491943
3862,2021-12-14 04:12:34,516936,3161.454677581787
3863,2021-12-14 05:12:33,516936,3218.7302112579346
3864,2021-12-14 06:12:01,516936,3208.4107398986816
3865,2021-12-14 06:12:03,516936,3044.208765029907
3866,2021-12-14 06:12:26,516937,3094.9692726135254
3867,2021-12-14 07:12:42,516937,3047.3732948303223
3868,2021-12-14 01:12:01,516939,3132.8954696655273
3869,2021-12-14 01:12:17,516939,3078.75657081604
3870,2021-12-14 02:12:10,516939,3201.066493988037
3871,2021-12-14 07:12:41,516939,3057.969570159912
3872,2021-12-14 08:12:20,516939,3008.575201034546
3873,2021-12-14 11:12:20,516939,3152.794361114502
3874,2021-12-14 11:12:42,516939,3068.068742752075
3875,2021-12-14 12:12:13,516939,3012.434482574463
3876,2021-12-14 12:12:30,516939,3140.486001968384
3877,2021-12-14 12:12:32,516939,3168.6654090881348
3878,2021-12-14 12:12:59,516939,3119.260311126709
3879,2021-12-14 02:12:38,516940,2979.808807373047
3880,2021-12-14 12:12:06,516940,3179.9025535583496
3881,2021-12-14 02:12:01,516941,3036.1580848693848
3882,2021-12-14 02:12:06,516941,3064.4712448120117
3883,2021-12-14 02:12:37,516941,3082.43727684021
3884,2021-12-14 04:12:48,516941,3153.2435417175293
3885,2021-12-14 03:12:19,516942,3201.1184692382812
3886,2021-12-14 03:12:34,516942,3090.0089740753174
3887,2021-12-14 03:12:34,516942,3060.1727962493896
3888,2021-12-14 03:12:37,516942,3048.6483573913574
3889,2021-12-14 03:12:58,516942,3193.922519683838
3890,2021-12-14 04:12:56,516942,3021.904230117798
3891,2021-12-14 04:12:01,516944,3182.9400062561035
3892,2021-12-14 05:12:01,516944,3211.6987705230713
3893,2021-12-14 05:12:30,516945,3104.724168777466
3894,2021-12-14 07:12:41,516945,3089.353561401367
3895,2021-12-14 05:12:21,516946,2997.4663257598877
3896,2021-12-14 07:12:33,516946,3148.818254470825
3897,2021-12-14 08:12:06,516949,3196.115732192993
3898,2021-12-14 10:12:06,516950,3084.463357925415
3899,2021-12-14 10:12:49,516950,3112.3812198638916
3900,2021-12-14 10:12:06,516951,3108.7894439697266
3901,2021-12-15 12:12:32,516954,3097.929000854492
3902,2021-12-15 04:12:38,516955,2984.557867050171
3903,2021-12-15 04:12:56,516955,3016.7696475982666
3904,2021-12-15 04:12:12,516956,3047.5921630859375
3905,2021-12-15 04:12:49,516956,3001.920461654663
3906,2021-12-15 05:12:33,516956,3189.20636177063
3907,2021-12-15 05:12:55,516957,3118.6575889587402
3908,2021-12-15 06:12:33,516957,3035.668134689331
3909,2021-12-15 06:12:58,516957,2924.9656200408936
3910,2021-12-15 07:12:51,516957,2989.9144172668457
3911,2021-12-15 01:12:42,516959,3032.7134132385254
3912,2021-12-15 01:12:47,516959,3100.4438400268555
3913,2021-12-15 01:12:54,516959,3146.070957183838
3914,2021-12-15 09:12:44,516959,3156.599521636963
3915,2021-12-15 10:12:38,516959,3075.9379863739014
3916,2021-12-15 11:12:02,516959,3156.5375328063965
3917,2021-12-15 11:12:07,516959,3152.235507965088
3918,2021-12-15 11:12:23,516959,3098.443031311035
3919,2021-12-15 11:12:37,516959,3058.3369731903076
3920,2021-12-15 12:12:02,516959,3185.776710510254
3921,2021-12-15 12:12:42,516959,3134.2575550079346
3922,2021-12-15 12:12:44,516959,2972.5594520568848
3923,2021-12-15 12:12:59,516959,3068.4847831726074
3924,2021-12-15 01:12:04,516961,3028.1901359558105
3925,2021-12-15 02:12:34,516961,3114.5315170288086
3926,2021-12-15 03:12:09,516964,3109.0378761291504
3927,2021-12-15 03:12:22,516964,3175.2333641052246
3928,2021-12-15 04:12:26,516964,3060.1978302001953
3929,2021-12-15 05:12:10,516964,3090.7483100891113
3930,2021-12-15 06:12:51,516964,3116.2209510803223
3931,2021-12-15 05:12:04,516965,3085.986375808716
3932,2021-12-15 05:12:18,516965,3146.622896194458
3933,2021-12-15 06:12:03,516965,3054.260730743408
3934,2021-12-15 06:12:33,516965,3169.016122817993
3935,2021-12-15 07:12:11,516967,3173.074245452881
3936,2021-12-15 08:12:50,516967,3134.8509788513184
3937,2021-12-15 07:12:07,516969,3106.6715717315674
3938,2021-12-15 07:12:56,516969,3222.259759902954
3939,2021-12-15 08:12:25,516969,3047.8086471557617
3940,2021-12-15 09:12:37,516969,3166.1694049835205
3941,2021-12-15 08:12:50,516970,3117.1634197235107
3942,2021-12-15 09:12:36,516970,2988.211154937744
3943,2021-12-15 09:12:52,516970,3088.884115219116
3944,2021-12-15 10:12:40,516970,3032.1521759033203
3945,2021-12-15 11:12:29,516970,3089.390277862549
3946,2021-12-15 09:12:14,516972,3138.1921768188477
3947,2021-12-16 12:12:09,516973,2987.5941276550293
3948,2021-12-16 03:12:44,516975,3135.531425476074
3949,2021-12-16 04:12:53,516975,3017.747640609741
3950,2021-12-16 05:12:02,516975,3194.701910018921
3951,2021-12-16 06:12:49,516975,3145.033121109009
3952,2021-12-16 05:12:29,516976,3124.069929122925
3953,2021-12-16 06:12:14,516976,3171.841621398926
3954,2021-12-16 09:12:53,516976,3119.349241256714
3955,2021-12-16 10:12:30,516976,3151.3512134552
3956,2021-12-16 01:12:03,516978,2941.1134719848633
3957,2021-12-16 01:12:10,516978,3094.5394039154053
3958,2021-12-16 01:12:19,516978,3233.4084510803223
3959,2021-12-16 01:12:44,516978,3127.674341201782
3960,2021-12-16 01:12:54,516978,3151.036024093628
3961,2021-12-16 10:12:57,516978,3076.472043991089
3962,2021-12-16 11:12:14,516978,2971.605062484741
3963,2021-12-16 11:12:33,516978,3011.829137802124
3964,2021-12-16 11:12:58,516978,3209.713935852051
3965,2021-12-16 12:12:31,516978,3189.1489028930664
3966,2021-12-16 12:12:34,516978,3088.6313915252686
3967,2021-12-16 12:12:37,516978,3141.3838863372803
3968,2021-12-16 12:12:49,516978,3058.0623149871826
3969,2021-12-16 12:12:59,516978,3036.1928939819336
3970,2021-12-16 01:12:09,516980,3269.3464756011963
3971,2021-12-16 01:12:14,516980,3165.3366088867188
3972,2021-12-16 01:12:16,516980,3012.484550476074
3973,2021-12-16 02:12:33,516980,3196.559190750122
3974,2021-12-16 02:12:35,516980,3057.1203231811523
3975,2021-12-16 02:12:43,516980,3031.503438949585
3976,2021-12-16 01:12:08,516982,3088.9029502868652
3977,2021-12-16 02:12:49,516982,3138.6759281158447
3978,2021-12-16 03:12:16,516982,3103.6252975463867
3979,2021-12-16 02:12:33,516983,2975.0890731811523
3980,2021-12-16 03:12:08,516984,3148.135185241699
3981,2021-12-16 05:12:21,516984,3132.6041221618652
3982,2021-12-16 06:12:08,516984,2994.760751724243
3983,2021-12-16 06:12:11,516984,3143.9201831817627
3984,2021-12-16 03:12:07,516985,3166.7511463165283
3985,2021-12-16 03:12:17,516985,3170.8366870880127
3986,2021-12-16 04:12:10,516985,3253.9634704589844
3987,2021-12-16 04:12:29,516986,2982.999563217163
3988,2021-12-16 06:12:11,516986,3016.0043239593506
3989,2021-12-16 05:12:07,516987,3051.4299869537354
3990,2021-12-16 05:12:44,516987,3094.858407974243
3991,2021-12-16 05:12:51,516987,4194.463014602661
3992,2021-12-16 06:12:03,516987,3100.6476879119873
3993,2021-12-16 07:12:20,516987,3075.505256652832
3994,2021-12-16 07:12:30,516987,3180.759906768799
3995,2021-12-16 09:12:57,516994,3004.7366619110107
3996,2021-12-16 10:12:59,516994,3153.559446334839
3997,2021-12-16 09:12:17,516996,3179.898977279663
3998,2021-12-16 09:12:47,516996,3059.6656799316406
3999,2021-12-16 11:12:31,516996,3170.196056365967
4000,2021-12-16 11:12:30,516998,3130.486011505127
4001,2021-12-17 12:12:46,517000,3163.987636566162
4002,2021-12-17 04:12:17,517001,3000.6000995635986
4003,2021-12-17 04:12:33,517001,2978.4746170043945
4004,2021-12-17 04:12:45,517001,2989.6275997161865
4005,2021-12-17 05:12:00,517001,2859.2050075531006
4006,2021-12-17 05:12:33,517001,3018.9049243927
4007,2021-12-17 06:12:33,517001,3341.269016265869
4008,2021-12-17 07:12:06,517001,3087.0797634124756
4009,2021-12-17 07:12:30,517001,3120.011329650879
4010,2021-12-17 08:12:05,517001,3190.1495456695557
4011,2021-12-17 08:12:11,517001,3216.3326740264893
4012,2021-12-17 08:12:52,517001,2931.284189224243
4013,2021-12-17 08:12:54,517001,3196.00772857666
4014,2021-12-17 10:12:01,517001,3068.3655738830566
4015,2021-12-17 10:12:05,517001,3109.5504760742188
4016,2021-12-17 10:12:30,517001,3152.183771133423
4017,2021-12-17 10:12:34,517001,3118.5433864593506
4018,2021-12-17 10:12:39,517001,3049.84974861145
4019,2021-12-17 10:12:40,517001,2955.824375152588
4020,2021-12-17 10:12:43,517001,3145.246744155884
4021,2021-12-17 10:12:49,517001,2948.1263160705566
4022,2021-12-17 11:12:43,517001,3258.157730102539
4023,2021-12-20 02:12:17,517001,3190.394639968872
4024,2021-12-20 02:12:31,517001,3084.8302841186523
4025,2021-12-20 02:12:36,517001,3063.692092895508
4026,2021-12-20 02:12:56,517001,3118.271589279175
4027,2021-12-17 11:12:33,517002,3084.806203842163
4028,2021-12-17 11:12:45,517003,3104.766845703125
4029,2021-12-17 01:12:11,517004,2991.8041229248047
4030,2021-12-17 01:12:53,517004,3126.6541481018066
4031,2021-12-17 11:12:31,517004,3120.4519271850586
4032,2021-12-17 12:12:14,517004,3159.418821334839
4033,2021-12-17 01:12:11,517005,3079.8044204711914
4034,2021-12-17 01:12:42,517005,3231.516122817993
4035,2021-12-17 01:12:48,517005,3020.665407180786
4036,2021-12-17 02:12:14,517005,3020.616292953491
4037,2021-12-17 03:12:09,517005,3166.2940979003906
4038,2021-12-17 03:12:18,517005,3117.9816722869873
4039,2021-12-17 12:12:38,517005,3155.9836864471436
4040,2021-12-17 02:12:04,517008,2993.736505508423
4041,2021-12-17 02:12:29,517008,3021.3565826416016
4042,2021-12-17 03:12:29,517008,3177.562713623047
4043,2021-12-17 03:12:46,517008,3074.998140335083
4044,2021-12-17 02:12:50,517009,3015.1572227478027
4045,2021-12-17 04:12:15,517009,3146.3677883148193
4046,2021-12-17 05:12:33,517011,3086.0660076141357
4047,2021-12-17 06:12:12,517011,3166.332721710205
4048,2021-12-17 06:12:21,517012,3034.759283065796
4049,2021-12-17 06:12:58,517012,2986.0126972198486
4050,2021-12-17 06:12:01,517013,2998.81649017334
4051,2021-12-17 09:12:12,517013,3055.413007736206
4052,2021-12-17 07:12:23,517014,2993.957996368408
4053,2021-12-17 09:12:44,517014,3151.002883911133
4054,2021-12-17 10:12:41,517016,3123.878002166748
4055,2021-12-17 11:12:47,517016,3033.8666439056396
4056,2021-12-17 11:12:07,517017,3023.5610008239746
4057,2021-12-17 11:12:52,517017,3114.6106719970703
4058,2021-12-17 11:12:54,517017,3112.807273864746
4059,2021-12-18 01:12:26,517017,3458.597421646118
4060,2021-12-18 01:12:28,517017,3171.149969100952
4061,2021-12-18 02:12:39,517017,3031.562566757202
4062,2021-12-18 12:12:30,517017,3062.5991821289062
4063,2021-12-18 12:12:30,517017,3162.590980529785
4064,2021-12-18 01:12:24,517019,3031.3005447387695
4065,2021-12-18 01:12:46,517019,3127.493143081665
4066,2021-12-18 01:12:58,517019,2976.70316696167
4067,2021-12-18 02:12:43,517019,3148.479223251343
4068,2021-12-18 03:12:37,517019,2998.0411529541016
4069,2021-12-18 05:12:46,517023,2993.622064590454
4070,2021-12-18 02:12:04,517025,3177.971601486206
4071,2021-12-18 06:12:13,517025,3263.0550861358643
4072,2021-12-18 06:12:57,517025,3053.394317626953
4073,2021-12-18 07:12:18,517025,3084.064483642578
4074,2021-12-19 03:12:09,517025,3132.2367191314697
4075,2021-12-19 05:12:48,517025,3107.639789581299
4076,2021-12-19 12:12:45,517025,3196.8259811401367
4077,2021-12-19 03:12:04,517031,2994.358539581299
4078,2021-12-20 03:12:56,517031,3034.130096435547
4079,2021-12-20 04:12:21,517031,3198.8401412963867
4080,2021-12-20 04:12:47,517031,3173.5153198242188
4081,2021-12-20 05:12:21,517031,2974.16615486145
4082,2021-12-20 05:12:21,517031,3211.8306159973145
4083,2021-12-20 08:12:18,517031,3075.955390930176
4084,2021-12-20 09:12:24,517031,3120.603322982788
4085,2021-12-20 10:12:21,517033,3153.4039974212646
4086,2021-12-20 10:12:41,517033,3131.4945220947266
4087,2021-12-20 11:12:28,517033,3069.2877769470215
4088,2021-12-20 01:12:50,517034,3073.594093322754
4089,2021-12-20 11:12:46,517034,2982.4044704437256
4090,2021-12-20 12:12:41,517034,3202.202320098877
4091,2021-12-20 05:12:17,517035,2997.821569442749
4092,2021-12-20 01:12:12,517036,3115.7288551330566
4093,2021-12-20 01:12:19,517036,3155.3118228912354
4094,2021-12-20 01:12:19,517036,3049.2262840270996
4095,2021-12-20 01:12:24,517036,3160.6550216674805
4096,2021-12-20 01:12:42,517036,3209.542989730835
4097,2021-12-20 02:12:10,517036,3273.141622543335
4098,2021-12-20 02:12:15,517036,3058.6299896240234
4099,2021-12-20 02:12:27,517036,3039.149284362793
4100,2021-12-20 02:12:28,517036,3080.61146736145
4101,2021-12-20 03:12:10,517036,3123.2569217681885
4102,2021-12-20 03:12:50,517036,3071.43497467041
4103,2021-12-20 03:12:54,517036,3167.3099994659424
4104,2021-12-20 03:12:56,517036,3112.459421157837
4105,2021-12-20 03:12:57,517036,3008.74924659729
4106,2021-12-20 04:12:07,517036,3200.589418411255
4107,2021-12-20 04:12:14,517036,3077.9247283935547
4108,2021-12-20 04:12:54,517036,3104.5613288879395
4109,2021-12-20 12:12:04,517036,3070.9450244903564
4110,2021-12-20 04:12:42,517037,2931.840419769287
4111,2021-12-20 05:12:14,517037,3112.597942352295
4112,2021-12-20 04:12:15,517038,3235.154151916504
4113,2021-12-20 04:12:26,517038,3092.543840408325
4114,2021-12-20 05:12:06,517038,3104.8879623413086
4115,2021-12-20 05:12:20,517038,3042.762517929077
4116,2021-12-20 07:12:03,517038,3159.273147583008
4117,2021-12-20 07:12:49,517038,3114.9682998657227
4118,2021-12-20 07:12:55,517038,3119.4448471069336
4119,2021-12-20 08:12:39,517038,3072.923421859741
4120,2021-12-20 05:12:18,517040,3015.8114433288574
4121,2021-12-20 06:12:15,517040,3147.4101543426514
4122,2021-12-20 07:12:51,517040,3075.183391571045
4123,2021-12-20 07:12:32,517041,2994.3084716796875
4124,2021-12-20 07:12:40,517041,3179.3980598449707
4125,2021-12-20 08:12:11,517041,3117.036819458008
4126,2021-12-20 09:12:45,517041,3190.9873485565186
4127,2021-12-20 09:12:48,517041,3081.3846588134766
4128,2021-12-20 08:12:18,517042,3000.7781982421875
4129,2021-12-20 09:12:54,517042,3135.0278854370117
4130,2021-12-21 05:12:27,517042,3120.0478076934814
4131,2021-12-20 11:12:24,517043,2990.7243251800537
4132,2021-12-21 01:12:20,517043,3248.039960861206
4133,2021-12-21 01:12:34,517043,3137.9241943359375
4134,2021-12-21 02:12:29,517043,3086.9131088256836
4135,2021-12-21 02:12:37,517043,3065.922498703003
4136,2021-12-21 03:12:54,517043,3164.4327640533447
4137,2021-12-21 04:12:10,517043,3088.5939598083496
4138,2021-12-21 04:12:38,517043,3201.409339904785
4139,2021-12-21 05:12:12,517043,3077.0609378814697
4140,2021-12-21 05:12:38,517043,3087.3725414276123
4141,2021-12-21 06:12:39,517043,3117.732048034668
4142,2021-12-21 07:12:15,517043,3173.827886581421
4143,2021-12-21 12:12:11,517043,3047.724485397339
4144,2021-12-21 09:12:55,517046,3029.3779373168945
4145,2021-12-21 10:12:06,517046,2977.0989418029785
4146,2021-12-21 10:12:29,517046,3090.416193008423
4147,2021-12-21 10:12:44,517046,3159.7049236297607
4148,2021-12-21 12:12:09,517049,3022.357702255249
4149,2021-12-21 12:12:33,517049,3039.3247604370117
4150,2021-12-21 01:12:32,517051,3026.590585708618
4151,2021-12-21 01:12:53,517051,3026.7133712768555
4152,2021-12-21 02:12:34,517052,3053.1463623046875
4153,2021-12-21 02:12:38,517052,3198.6284255981445
4154,2021-12-21 02:12:40,517052,3091.2017822265625
4155,2021-12-21 03:12:31,517052,2994.346857070923
4156,2021-12-21 03:12:01,517053,3048.7968921661377
4157,2021-12-21 03:12:32,517053,2975.2721786499023
4158,2021-12-21 03:12:33,517053,3029.402732849121
4159,2021-12-21 03:12:42,517053,3057.2094917297363
4160,2021-12-21 04:12:58,517053,3079.434394836426
4161,2021-12-21 04:12:02,517056,3015.9425735473633
4162,2021-12-21 04:12:28,517056,3051.7327785491943
4163,2021-12-21 05:12:25,517058,3032.618522644043
4164,2021-12-21 06:12:54,517058,3137.315034866333
4165,2021-12-21 05:12:54,517061,2953.242778778076
4166,2021-12-21 06:12:13,517061,3032.3190689086914
4167,2021-12-21 06:12:17,517061,3085.4856967926025
4168,2021-12-21 06:12:41,517061,3025.1264572143555
4169,2021-12-21 06:12:41,517061,3015.227794647217
4170,2021-12-21 07:12:26,517061,3182.14750289917
4171,2021-12-21 07:12:52,517061,2971.8010425567627
4172,2021-12-21 08:12:53,517063,3206.141948699951
4173,2021-12-21 09:12:29,517064,3088.5376930236816
4174,2021-12-21 09:12:23,517065,2999.97615814209
4175,2021-12-21 09:12:44,517065,3100.461721420288
4176,2021-12-21 09:12:56,517065,3165.337324142456
4177,2021-12-21 10:12:09,517066,3205.2037715911865
4178,2021-12-21 10:12:00,517069,3025.513172149658
4179,2021-12-21 10:12:09,517070,3086.3070487976074
4180,2021-12-22 01:12:27,517070,3150.562524795532
4181,2021-12-22 04:12:29,517074,3076.2922763824463
4182,2021-12-22 05:12:13,517075,3069.1776275634766
4183,2021-12-22 05:12:37,517075,3116.8229579925537
4184,2021-12-22 07:12:11,517075,3104.839324951172
4185,2021-12-22 07:12:12,517075,2985.9886169433594
4186,2021-12-22 06:12:01,517076,3074.831008911133
4187,2021-12-22 06:12:25,517076,3135.711908340454
4188,2021-12-22 06:12:26,517076,3095.010280609131
4189,2021-12-22 08:12:05,517076,3215.372085571289
4190,2021-12-22 09:12:54,517076,3133.300304412842
4191,2021-12-22 09:12:56,517076,3213.965654373169
4192,2021-12-22 10:12:40,517076,3303.664445877075
4193,2021-12-22 10:12:42,517076,3112.682104110718
4194,2021-12-22 10:12:45,517076,2974.097490310669
4195,2021-12-22 11:12:23,517076,3053.041696548462
4196,2021-12-22 11:12:46,517076,3100.9488105773926
4197,2021-12-22 10:12:31,517077,3001.8584728240967
4198,2021-12-22 04:12:18,517085,3093.3287143707275
4199,2021-12-22 04:12:54,517085,3127.474308013916
4200,2021-12-22 06:12:04,517085,2997.973680496216
4201,2021-12-22 07:12:09,517085,3163.3052825927734
4202,2021-12-22 07:12:40,517085,3213.4079933166504
4203,2021-12-22 06:12:14,517086,3139.3349170684814
4204,2021-12-22 06:12:24,517086,3069.715738296509
4205,2021-12-22 06:12:09,517087,3188.632011413574
4206,2021-12-22 07:12:05,517087,3073.8067626953125
4207,2021-12-22 07:12:06,517087,3245.1729774475098
4208,2021-12-22 07:12:28,517087,3149.1143703460693
4209,2021-12-22 08:12:30,517087,3092.806577682495
4210,2021-12-22 08:12:57,517087,2998.6586570739746
4211,2021-12-22 09:12:54,517087,3089.3943309783936
4212,2021-12-22 09:12:57,517087,3106.4581871032715
4213,2021-12-22 08:12:07,517089,3135.3228092193604
4214,2021-12-22 08:12:15,517089,2996.504783630371
4215,2021-12-22 08:12:51,517089,3278.388261795044
4216,2021-12-22 09:12:05,517089,3171.6840267181396
4217,2021-12-22 09:12:21,517089,2964.339256286621
4218,2021-12-22 09:12:31,517089,3068.9072608947754
4219,2021-12-22 09:12:37,517089,3248.6307621002197
4220,2021-12-22 09:12:52,517089,2978.121042251587
4221,2021-12-22 10:12:02,517089,3248.286247253418
4222,2021-12-22 10:12:03,517089,3214.3800258636475
4223,2021-12-22 10:12:13,517089,2946.835517883301
4224,2021-12-22 10:12:20,517089,3000.2806186676025
4225,2021-12-22 10:12:21,517089,3054.802417755127
4226,2021-12-22 10:12:43,517089,3147.1526622772217
4227,2021-12-22 11:12:32,517089,2945.7621574401855
4228,2021-12-22 11:12:45,517089,3131.3514709472656
4229,2021-12-22 11:12:48,517089,3014.3914222717285
4230,2021-12-22 11:12:56,517089,3151.8125534057617
4231,2021-12-23 01:12:29,517089,3101.407766342163
4232,2021-12-23 01:12:42,517089,3029.143810272217
4233,2021-12-23 12:12:01,517089,3175.6179332733154
4234,2021-12-23 12:12:06,517089,3102.6532649993896
4235,2021-12-23 12:12:16,517089,3087.9640579223633
4236,2021-12-23 12:12:24,517089,3027.716636657715
4237,2021-12-23 12:12:28,517089,3088.1998538970947
4238,2021-12-23 12:12:40,517089,3042.966842651367
4239,2021-12-22 11:12:43,517090,3170.8168983459473
4240,2021-12-23 01:12:00,517090,3271.4555263519287
4241,2021-12-23 01:12:35,517090,3109.0354919433594
4242,2021-12-23 12:12:39,517090,3137.3324394226074
4243,2021-12-23 02:12:22,517093,3207.026243209839
4244,2021-12-23 02:12:24,517093,3323.4012126922607
4245,2021-12-23 04:12:09,517093,3058.2098960876465
4246,2021-12-23 04:12:19,517093,3053.740978240967
4247,2021-12-23 04:12:47,517093,3040.818691253662
4248,2021-12-23 03:12:28,517095,3207.124710083008
4249,2021-12-23 05:12:19,517095,3146.115779876709
4250,2021-12-23 06:12:00,517095,3046.1020469665527
4251,2021-12-23 06:12:15,517095,3019.822120666504
4252,2021-12-23 04:12:18,517099,3137.3825073242188
4253,2021-12-23 05:12:26,517099,3033.2860946655273
4254,2021-12-23 06:12:31,517099,3175.0290393829346
4255,2021-12-23 07:12:43,517099,3068.124532699585
4256,2021-12-23 07:12:46,517099,3002.171754837036
4257,2021-12-23 07:12:56,517099,3157.533645629883
4258,2021-12-23 08:12:46,517100,2991.1959171295166
4259,2021-12-23 09:12:54,517101,3134.061098098755
4260,2021-12-23 08:12:25,517102,3057.5597286224365
4261,2021-12-23 10:12:40,517103,3009.3612670898438
4262,2021-12-23 11:12:24,517103,3027.2324085235596
4263,2021-12-23 12:12:25,517103,3108.7489128112793
4264,2021-12-23 01:12:20,517104,3150.114059448242
4265,2021-12-23 01:12:31,517104,3148.632764816284
4266,2021-12-23 11:12:38,517104,3118.0903911590576
4267,2021-12-23 11:12:54,517104,3156.5487384796143
4268,2021-12-23 12:12:36,517104,3058.7971210479736
4269,2021-12-23 10:12:44,517105,3159.964084625244
4270,2021-12-23 12:12:11,517105,3159.4669818878174
4271,2021-12-23 12:12:21,517105,3180.819511413574
4272,2021-12-23 12:12:35,517105,3058.2330226898193
4273,2021-12-23 01:12:17,517106,3079.625129699707
4274,2021-12-23 01:12:31,517106,3080.479621887207
4275,2021-12-23 01:12:44,517106,3010.951280593872
4276,2021-12-23 01:12:51,517106,3039.849281311035
4277,2021-12-23 02:12:04,517106,3151.042699813843
4278,2021-12-23 02:12:12,517106,3351.666212081909
4279,2021-12-23 02:12:59,517106,3098.229169845581
4280,2021-12-23 03:12:08,517106,3060.957908630371
4281,2021-12-23 03:12:28,517106,3072.847366333008
4282,2021-12-23 11:12:24,517106,3127.0670890808105
4283,2021-12-23 12:12:54,517106,3159.5191955566406
4284,2021-12-23 03:12:18,517108,3032.353639602661
4285,2021-12-23 04:12:01,517108,3085.1495265960693
4286,2021-12-23 05:12:43,517108,3050.5239963531494
4287,2021-12-23 05:12:56,517108,3315.16695022583
4288,2021-12-23 04:12:25,517111,3057.0101737976074
4289,2021-12-23 04:12:07,517112,3013.4739875793457
4290,2021-12-23 04:12:38,517112,3193.8891410827637
4291,2021-12-23 05:12:01,517113,3045.8035469055176
4292,2021-12-23 05:12:26,517114,3227.1573543548584
4293,2021-12-23 07:12:45,517117,3057.7046871185303
4294,2021-12-23 09:12:52,517119,3180.072069168091
4295,2021-12-23 10:12:38,517119,3072.1421241760254
4296,2021-12-23 10:12:41,517119,2948.962450027466
4297,2021-12-23 11:12:00,517119,3052.3877143859863
4298,2021-12-23 11:12:01,517119,3012.118101119995
4299,2021-12-23 11:12:30,517119,3009.6054077148438
4300,2021-12-24 03:12:21,517122,3131.4187049865723
4301,2021-12-24 03:12:48,517122,2969.566822052002
4302,2021-12-24 04:12:36,517122,3120.485782623291
4303,2021-12-24 04:12:50,517122,3062.877416610718
4304,2021-12-24 12:12:25,517122,3042.757511138916
4305,2021-12-24 03:12:07,517123,3080.6539058685303
4306,2021-12-24 03:12:42,517123,3043.059825897217
4307,2021-12-24 03:12:50,517123,3099.562644958496
4308,2021-12-24 04:12:04,517123,3168.830394744873
4309,2021-12-24 04:12:25,517123,3226.243019104004
4310,2021-12-24 04:12:57,517123,3102.276563644409
4311,2021-12-24 05:12:23,517123,2943.338632583618
4312,2021-12-24 05:12:35,517123,2966.665506362915
4313,2021-12-24 05:12:38,517123,2936.1062049865723
4314,2021-12-24 08:12:36,517126,3055.1373958587646
4315,2021-12-24 09:12:01,517127,3211.217164993286
4316,2021-12-24 10:12:21,517128,3080.3470611572266
4317,2021-12-24 10:12:21,517131,3307.8653812408447
4318,2021-12-24 12:12:16,517131,3177.7005195617676
4319,2021-12-24 01:12:40,517133,2984.919309616089
4320,2021-12-24 12:12:40,517133,3231.5990924835205
4321,2021-12-24 06:12:54,517134,3073.352098464966
4322,2021-12-24 07:12:51,517134,3160.587787628174
4323,2021-12-25 09:12:27,517134,3041.879653930664
4324,2021-12-26 04:12:26,517134,3082.294225692749
4325,2021-12-26 12:12:59,517134,2954.3747901916504
4326,2021-12-27 03:12:20,517134,3093.8873291015625
4327,2021-12-27 03:12:24,517134,2970.555067062378
4328,2021-12-27 03:12:28,517134,3163.9273166656494
4329,2021-12-27 03:12:53,517134,2965.43025970459
4330,2021-12-27 04:12:00,517135,2977.250099182129
4331,2021-12-27 08:12:02,517137,3105.834722518921
4332,2021-12-27 09:12:09,517137,2994.274377822876
4333,2021-12-27 09:12:36,517137,3145.8230018615723
4334,2021-12-27 09:12:53,517137,3061.0485076904297
4335,2021-12-27 09:12:59,517137,3143.343210220337
4336,2021-12-27 10:12:00,517137,3080.70707321167
4337,2021-12-27 11:12:59,517137,3067.739486694336
4338,2021-12-27 12:12:24,517137,3181.238889694214
4339,2021-12-27 12:12:30,517137,3184.7782135009766
4340,2021-12-27 01:12:24,517138,3148.2574939727783
4341,2021-12-27 01:12:28,517138,3143.7792778015137
4342,2021-12-27 01:12:29,517138,3087.8982543945312
4343,2021-12-27 01:12:38,517138,3126.411199569702
4344,2021-12-27 01:12:55,517138,3175.4229068756104
4345,2021-12-27 02:12:10,517138,3006.7238807678223
4346,2021-12-27 02:12:23,517138,3073.561429977417
4347,2021-12-27 02:12:27,517138,3159.120559692383
4348,2021-12-27 03:12:05,517138,3203.057289123535
4349,2021-12-27 10:12:06,517138,3178.8148880004883
4350,2021-12-27 11:12:05,517138,2996.392250061035
4351,2021-12-27 11:12:17,517138,3091.8331146240234
4352,2021-12-27 11:12:31,517138,3224.299669265747
4353,2021-12-27 11:12:46,517138,3200.1280784606934
4354,2021-12-27 12:12:08,517138,3078.6919593811035
4355,2021-12-27 12:12:17,517138,3114.7735118865967
4356,2021-12-27 03:12:25,517140,3132.1942806243896
4357,2021-12-27 05:12:42,517140,2985.8860969543457
4358,2021-12-27 06:12:16,517144,3027.541399002075
4359,2021-12-27 07:12:51,517144,2923.15936088562
4360,2021-12-27 07:12:42,517145,3258.760929107666
4361,2021-12-27 11:12:31,517148,2939.2929077148438
4362,2021-12-28 04:12:14,517149,3058.3982467651367
4363,2021-12-28 06:12:00,517149,3093.9745903015137
4364,2021-12-28 06:12:02,517149,3095.315933227539
4365,2021-12-28 06:12:29,517149,3229.9201488494873
4366,2021-12-28 08:12:26,517149,3166.626214981079
4367,2021-12-28 08:12:07,517150,3098.3734130859375
4368,2021-12-28 08:12:29,517150,3038.670063018799
4369,2021-12-28 09:12:47,517150,3035.842180252075
4370,2021-12-28 10:12:24,517150,3108.630895614624
4371,2021-12-28 11:12:37,517150,3282.2155952453613
4372,2021-12-28 11:12:41,517150,3058.192729949951
4373,2021-12-28 01:12:03,517151,3050.8956909179688
4374,2021-12-28 01:12:50,517151,3228.801965713501
4375,2021-12-28 11:12:42,517151,2955.472230911255
4376,2021-12-28 12:12:02,517151,3045.3879833221436
4377,2021-12-28 01:12:49,517152,3183.6094856262207
4378,2021-12-28 02:12:21,517152,3118.5507774353027
4379,2021-12-28 02:12:44,517152,3135.375499725342
4380,2021-12-28 02:12:02,517153,3245.4099655151367
4381,2021-12-28 03:12:58,517153,3199.188470840454
4382,2021-12-28 04:12:40,517153,3051.100969314575
4383,2021-12-28 05:12:11,517153,3189.021110534668
4384,2021-12-28 05:12:20,517153,3078.346014022827
4385,2021-12-28 07:12:12,517153,3032.0658683776855
4386,2021-12-28 08:12:09,517155,3166.590452194214
4387,2021-12-28 08:12:16,517155,3003.4468173980713
4388,2021-12-28 11:12:36,517157,3056.065797805786
4389,2021-12-29 01:12:39,517157,3115.3998374938965
4390,2021-12-29 04:12:28,517158,3963.557720184326
4391,2021-12-29 04:12:29,517158,3192.8296089172363
4392,2021-12-29 05:12:55,517158,3055.5131435394287
4393,2021-12-29 06:12:29,517158,2966.4878845214844
4394,2021-12-29 06:12:46,517158,3165.4937267303467
4395,2021-12-29 06:12:09,517160,3235.067844390869
4396,2021-12-29 06:12:51,517160,3139.397144317627
4397,2021-12-29 09:12:20,517160,3152.822732925415
4398,2021-12-29 09:12:39,517160,3121.11759185791
4399,2021-12-29 12:12:58,517163,3075.4013061523438
4400,2021-12-29 01:12:19,517164,2993.351459503174
4401,2021-12-29 01:12:33,517164,3000.453472137451
4402,2021-12-29 02:12:13,517164,3284.8944664001465
4403,2021-12-29 02:12:34,517164,2985.053777694702
4404,2021-12-29 12:12:11,517164,3062.4959468841553
4405,2021-12-29 12:12:32,517164,3088.8540744781494
4406,2021-12-29 04:12:55,517165,2918.191909790039
4407,2021-12-29 08:12:26,517166,3135.03360748291
4408,2021-12-29 08:12:43,517166,3139.1000747680664
4409,2021-12-30 01:12:04,517167,3139.392137527466
4410,2021-12-30 03:12:23,517167,3209.1846466064453
4411,2021-12-30 04:12:20,517167,3359.7960472106934
4412,2021-12-30 04:12:33,517167,3128.2331943511963
4413,2021-12-30 05:12:35,517167,3113.3780479431152
4414,2021-12-30 06:12:06,517167,3170.6573963165283
4415,2021-12-30 08:12:38,517167,3056.6651821136475
4416,2021-12-30 08:12:39,517167,3054.9747943878174
4417,2021-12-30 09:12:04,517167,3136.556386947632
4418,2021-12-30 10:12:21,517167,3155.146598815918
4419,2021-12-30 11:12:59,517167,3041.536569595337
4420,2021-12-30 12:12:40,517167,2984.9932193756104
4421,2021-12-30 12:12:54,517167,3045.9811687469482
4422,2021-12-30 12:12:59,517167,3023.5719680786133
4423,2021-12-30 02:12:06,517170,3191.3630962371826
4424,2021-12-30 02:12:19,517170,3060.082197189331
4425,2021-12-30 02:12:31,517170,2986.8686199188232
4426,2021-12-30 03:12:05,517170,3039.9091243743896
4427,2021-12-30 03:12:50,517170,3059.0360164642334
4428,2021-12-30 04:12:14,517170,3095.5145359039307
4429,2021-12-30 07:12:32,517170,3091.5768146514893
4430,2021-12-30 09:12:14,517170,3010.3654861450195
4431,2021-12-30 11:12:20,517172,3000.870943069458
4432,2021-12-31 03:12:27,517172,2987.567901611328
4433,2021-12-31 04:12:17,517172,3032.588481903076
4434,2021-12-31 06:12:10,517172,3196.2599754333496
4435,2021-12-31 06:12:08,517174,3044.1789627075195
4436,2021-12-31 07:12:37,517174,3134.9527835845947
4437,2021-12-31 06:12:13,517175,3178.133726119995
4438,2021-12-31 07:12:05,517175,3140.500545501709
4439,2021-12-31 07:12:59,517175,2934.3271255493164
4440,2021-12-31 09:12:19,517178,3035.2370738983154
4441,2021-12-31 04:12:09,517180,3136.31272315979
4442,2021-12-31 05:12:54,517180,3188.2572174072266
4443,2021-12-31 07:12:47,517180,3073.4753608703613
4444,2022-01-01 04:01:54,517180,3085.22629737854
4445,2022-01-01 06:01:12,517180,3110.6209754943848
4446,2022-01-01 09:01:50,517180,3017.2035694122314
4447,2022-01-01 12:01:08,517180,2903.6362171173096
4448,2022-01-02 04:01:14,517180,3054.09836769104
4449,2022-01-03 04:01:30,517180,3057.872772216797
4450,2022-01-03 05:01:16,517180,3067.164421081543
4451,2022-01-03 06:01:29,517180,2986.222505569458
4452,2022-01-03 06:01:41,517180,3135.8234882354736
4453,2022-01-03 08:01:37,517180,3066.4944648742676
4454,2022-01-03 08:01:48,517180,3008.4943771362305
4455,2022-01-03 10:01:13,517180,3147.3729610443115
4456,2022-01-03 10:01:52,517180,3046.8087196350098
4457,2022-01-03 10:01:53,517180,3235.4118824005127
4458,2022-01-03 10:01:56,517180,3111.0002994537354
4459,2022-01-03 11:01:06,517180,3137.2880935668945
4460,2022-01-03 11:01:31,517180,3185.2245330810547
4461,2022-01-03 11:01:40,517180,3129.9924850463867
4462,2022-01-03 11:01:42,517180,3084.918737411499
4463,2022-01-03 11:01:47,517180,3048.335075378418
4464,2022-01-03 12:01:25,517180,3156.9526195526123
4465,2022-01-03 01:01:08,517182,3058.9637756347656
4466,2022-01-03 01:01:20,517182,3150.224447250366
4467,2022-01-03 02:01:22,517182,3061.4702701568604
4468,2022-01-03 02:01:32,517183,3140.4166221618652
4469,2022-01-03 03:01:30,517183,3290.0893688201904
4470,2022-01-03 02:01:04,517184,3048.9864349365234
4471,2022-01-03 02:01:45,517184,3157.2189331054688
4472,2022-01-03 03:01:01,517184,3086.681842803955
4473,2022-01-03 03:01:46,517184,3172.6808547973633
4474,2022-01-03 04:01:07,517184,3251.0340213775635
4475,2022-01-03 04:01:17,517184,3192.0485496520996
4476,2022-01-03 03:01:57,517185,3140.094995498657
4477,2022-01-04 01:01:02,517196,3067.9917335510254
4478,2022-01-04 02:01:01,517196,2993.837356567383
4479,2022-01-04 04:01:06,517196,3044.2347526550293
4480,2022-01-04 04:01:45,517196,3147.7668285369873
4481,2022-01-04 05:01:46,517196,3002.0720958709717
4482,2022-01-04 05:01:52,517196,3243.939161300659
4483,2022-01-04 06:01:00,517196,3044.187307357788
4484,2022-01-04 06:01:27,517196,3191.5323734283447
4485,2022-01-04 06:01:29,517196,3094.996213912964
4486,2022-01-04 06:01:51,517196,3102.078914642334
4487,2022-01-04 07:01:08,517196,2991.372585296631
4488,2022-01-04 07:01:13,517196,3052.6063442230225
4489,2022-01-04 07:01:26,517196,3016.467332839966
4490,2022-01-04 08:01:05,517196,3177.468776702881
4491,2022-01-04 08:01:12,517196,3182.3244094848633
4492,2022-01-04 08:01:34,517196,3277.0655155181885
4493,2022-01-04 09:01:54,517196,3115.1912212371826
4494,2022-01-04 10:01:45,517196,2951.258897781372
4495,2022-01-04 11:01:02,517196,3152.5585651397705
4496,2022-01-04 11:01:34,517196,3038.811683654785
4497,2022-01-04 11:01:59,517196,2983.069896697998
4498,2022-01-04 12:01:57,517196,3005.1491260528564
4499,2022-01-04 01:01:10,517197,3243.6532974243164
4500,2022-01-04 01:01:17,517197,3085.5250358581543
4501,2022-01-04 01:01:21,517197,3033.895254135132
4502,2022-01-04 02:01:22,517197,3145.258665084839
4503,2022-01-04 02:01:38,517197,3138.1676197052
4504,2022-01-04 03:01:12,517197,3128.4127235412598
4505,2022-01-04 03:01:19,517197,3186.2685680389404
4506,2022-01-04 03:01:20,517197,3188.882827758789
4507,2022-01-04 04:01:01,517197,3032.9856872558594
4508,2022-01-04 11:01:07,517197,3220.4196453094482
4509,2022-01-04 12:01:23,517197,3072.152614593506
4510,2022-01-04 03:01:45,517198,3033.0982208251953
4511,2022-01-04 04:01:17,517198,3202.76141166687
4512,2022-01-04 05:01:17,517198,3024.179697036743
4513,2022-01-04 04:01:48,517199,3139.7602558135986
4514,2022-01-04 04:01:45,517200,3120.2049255371094
4515,2022-01-04 06:01:33,517200,3097.9065895080566
4516,2022-01-04 05:01:17,517201,3159.7089767456055
4517,2022-01-04 06:01:44,517203,3064.4209384918213
4518,2022-01-04 07:01:00,517203,2999.437093734741
4519,2022-01-04 08:01:00,517203,3216.456890106201
4520,2022-01-04 07:01:47,517204,3010.3418827056885
4521,2022-01-04 08:01:57,517206,3163.167715072632
4522,2022-01-04 09:01:45,517206,3116.7545318603516
4523,2022-01-04 10:01:32,517208,3053.7991523742676
4524,2022-01-04 10:01:01,517209,3143.908739089966
4525,2022-01-04 11:01:14,517210,3068.88484954834
4526,2022-01-05 01:01:26,517210,3195.1043605804443
4527,2022-01-05 02:01:15,517210,3199.610948562622
4528,2022-01-05 02:01:50,517210,3043.8754558563232
4529,2022-01-05 12:01:09,517212,3096.4481830596924
4530,2022-01-05 06:01:26,517217,3219.3706035614014
4531,2022-01-05 06:01:47,517217,3072.9732513427734
4532,2022-01-05 06:01:52,517217,3258.4261894226074
4533,2022-01-05 07:01:20,517217,3068.901538848877
4534,2022-01-05 07:01:22,517217,3059.765577316284
4535,2022-01-05 08:01:01,517218,3198.7364292144775
4536,2022-01-05 08:01:56,517218,3085.5488777160645
4537,2022-01-05 10:01:22,517218,3190.652370452881
4538,2022-01-05 10:01:34,517218,3153.765916824341
4539,2022-01-05 10:01:54,517218,3058.8104724884033
4540,2022-01-05 11:01:05,517218,3091.0704135894775
4541,2022-01-05 11:01:06,517218,3192.203998565674
4542,2022-01-05 11:01:29,517218,3095.227003097534
4543,2022-01-05 11:01:47,517218,3040.2026176452637
4544,2022-01-05 11:01:56,517218,3084.8398208618164
4545,2022-01-05 12:01:19,517218,3156.4879417419434
4546,2022-01-05 12:01:37,517218,3137.9711627960205
4547,2022-01-05 12:01:53,517218,3168.8733100891113
4548,2022-01-05 01:01:05,517221,3019.6280479431152
4549,2022-01-05 01:01:19,517222,3151.937246322632
4550,2022-01-05 01:01:38,517222,3098.9344120025635
4551,2022-01-05 01:01:13,517223,3112.980604171753
4552,2022-01-05 01:01:48,517223,3071.0885524749756
4553,2022-01-05 02:01:16,517223,2953.432559967041
4554,2022-01-05 03:01:03,517227,3090.883731842041
4555,2022-01-05 04:01:05,517228,3121.138572692871
4556,2022-01-05 05:01:25,517228,3005.9549808502197
4557,2022-01-05 04:01:19,517229,3027.4291038513184
4558,2022-01-05 05:01:08,517229,3085.4339599609375
4559,2022-01-05 05:01:52,517229,3214.7340774536133
4560,2022-01-05 06:01:02,517229,3204.749345779419
4561,2022-01-05 06:01:43,517229,3075.6187438964844
4562,2022-01-05 06:01:46,517231,3205.1355838775635
4563,2022-01-05 07:01:07,517231,3298.0105876922607
4564,2022-01-05 07:01:25,517231,3138.836145401001
4565,2022-01-05 08:01:25,517231,3130.709171295166
4566,2022-01-05 11:01:47,517237,3033.4830284118652
4567,2022-01-06 01:01:07,517237,3165.0943756103516
4568,2022-01-06 01:01:01,517239,3039.804697036743
4569,2022-01-06 03:01:21,517239,3150.32696723938
4570,2022-01-06 03:01:21,517239,3193.6912536621094
4571,2022-01-06 04:01:17,517239,3218.394994735718
4572,2022-01-06 05:01:44,517239,2976.029396057129
4573,2022-01-06 05:01:00,517240,3098.668336868286
4574,2022-01-06 05:01:35,517240,3138.730049133301
4575,2022-01-06 05:01:51,517240,3035.7072353363037
4576,2022-01-06 07:01:54,517240,3115.5548095703125
4577,2022-01-06 09:01:47,517240,3126.5299320220947
4578,2022-01-06 09:01:58,517240,3256.0465335845947
4579,2022-01-06 10:01:04,517240,3083.4360122680664
4580,2022-01-06 10:01:27,517240,3043.154716491699
4581,2022-01-06 11:01:02,517240,3189.3599033355713
4582,2022-01-06 11:01:39,517240,3076.9124031066895
4583,2022-01-06 12:01:12,517240,3056.598663330078
4584,2022-01-06 12:01:41,517240,3022.876501083374
4585,2022-01-06 10:01:22,517242,3104.609489440918
4586,2022-01-06 11:01:24,517242,3124.5245933532715
4587,2022-01-06 11:01:42,517242,3004.262924194336
4588,2022-01-06 01:01:01,517246,2976.7820835113525
4589,2022-01-06 01:01:33,517246,3082.2906494140625
4590,2022-01-06 02:01:43,517246,3061.868906021118
4591,2022-01-06 02:01:51,517246,3125.664472579956
4592,2022-01-06 02:01:40,517247,3157.0847034454346
4593,2022-01-07 01:01:43,517253,3193.958282470703
4594,2022-01-07 05:01:09,517253,3206.5467834472656
4595,2022-01-07 05:01:18,517253,2990.196943283081
4596,2022-01-07 06:01:31,517253,3234.602212905884
4597,2022-01-07 06:01:45,517253,3218.7421321868896
4598,2022-01-07 07:01:14,517253,3045.752763748169
4599,2022-01-07 10:01:27,517253,3178.795576095581
4600,2022-01-07 11:01:44,517253,3067.6090717315674
4601,2022-01-07 11:01:45,517253,3207.3652744293213
4602,2022-01-07 12:01:29,517253,3066.120386123657
4603,2022-01-07 01:01:10,517254,3160.9020233154297
4604,2022-01-07 01:01:17,517254,3083.1167697906494
4605,2022-01-07 01:01:21,517254,3167.8411960601807
4606,2022-01-07 02:01:34,517254,3095.954418182373
4607,2022-01-07 02:01:42,517254,3127.3066997528076
4608,2022-01-07 03:01:23,517254,3040.0185585021973
4609,2022-01-07 04:01:13,517254,3164.134740829468
4610,2022-01-07 04:01:40,517254,3120.452642440796
4611,2022-01-07 12:01:25,517254,3302.0424842834473
4612,2022-01-07 12:01:42,517254,3173.198938369751
4613,2022-01-07 04:01:29,517258,3052.765130996704
4614,2022-01-07 05:01:09,517261,2937.936544418335
4615,2022-01-07 06:01:15,517261,3101.5679836273193
4616,2022-01-07 06:01:47,517262,3093.7891006469727
4617,2022-01-07 07:01:39,517263,2987.5547885894775
4618,2022-01-07 09:01:34,517265,3270.7583904266357
4619,2022-01-08 12:01:21,517266,3120.3813552856445
4620,2022-01-08 05:01:02,517267,3051.236391067505
4621,2022-01-08 05:01:46,517267,2980.163335800171
4622,2022-01-10 01:01:23,517268,3093.0683612823486
4623,2022-01-10 02:01:18,517268,3174.2806434631348
4624,2022-01-10 02:01:39,517268,3057.2733879089355
4625,2022-01-10 04:01:06,517268,3124.1540908813477
4626,2022-01-10 04:01:16,517268,3013.5343074798584
4627,2022-01-10 05:01:55,517268,3361.677408218384
4628,2022-01-10 12:01:31,517268,3140.562057495117
4629,2022-01-10 06:01:02,517269,3003.1228065490723
4630,2022-01-10 06:01:30,517269,3128.01456451416
4631,2022-01-10 06:01:56,517269,3014.4612789154053
4632,2022-01-10 07:01:56,517269,3120.2869415283203
4633,2022-01-10 09:01:49,517269,3271.7843055725098
4634,2022-01-10 10:01:48,517270,2881.0691833496094
4635,2022-01-10 11:01:07,517272,3182.6393604278564
4636,2022-01-10 11:01:21,517272,3167.4420833587646
4637,2022-01-10 01:01:26,517273,3193.704605102539
4638,2022-01-10 11:01:03,517273,3223.928451538086
4639,2022-01-10 11:01:13,517273,3180.7310581207275
4640,2022-01-10 12:01:53,517273,3065.5319690704346
4641,2022-01-10 12:01:53,517273,3001.6839504241943
4642,2022-01-10 01:01:51,517274,3116.058111190796
4643,2022-01-10 02:01:06,517274,2966.358423233032
4644,2022-01-10 02:01:50,517274,2883.793354034424
4645,2022-01-10 02:01:51,517274,3049.062490463257
4646,2022-01-10 02:01:01,517275,2932.0461750030518
4647,2022-01-10 04:01:27,517275,3182.7523708343506
4648,2022-01-10 04:01:33,517275,3259.1795921325684
4649,2022-01-10 05:01:09,517275,3161.2539291381836
4650,2022-01-10 05:01:14,517275,3116.760730743408
4651,2022-01-10 05:01:36,517275,3191.359758377075
4652,2022-01-10 07:01:38,517275,3174.036741256714
4653,2022-01-10 08:01:03,517275,3216.811180114746
4654,2022-01-10 08:01:45,517275,3063.0853176116943
4655,2022-01-10 07:01:17,517278,3051.835298538208
4656,2022-01-10 08:01:03,517278,3183.3808422088623
4657,2022-01-10 09:01:02,517284,3237.1857166290283
4658,2022-01-10 10:01:40,517284,3153.660297393799
4659,2022-01-11 01:01:17,517287,3055.927276611328
4660,2022-01-11 01:01:22,517287,3154.3092727661133
4661,2022-01-11 01:01:27,517287,3121.342897415161
4662,2022-01-11 02:01:07,517287,3056.46014213562
4663,2022-01-11 02:01:39,517287,3096.292734146118
4664,2022-01-11 03:01:13,517287,3036.764144897461
4665,2022-01-11 01:01:19,517288,3042.7446365356445
4666,2022-01-11 05:01:19,517288,3007.6730251312256
4667,2022-01-11 05:01:27,517288,2997.6367950439453
4668,2022-01-11 05:01:50,517288,3229.7465801239014
4669,2022-01-11 05:01:59,517288,3061.7315769195557
4670,2022-01-11 06:01:05,517288,3023.4010219573975
4671,2022-01-11 06:01:36,517288,3024.183750152588
4672,2022-01-11 06:01:52,517288,3041.8264865875244
4673,2022-01-11 07:01:05,517288,3079.3509483337402
4674,2022-01-11 07:01:40,517288,3060.7221126556396
4675,2022-01-11 08:01:15,517288,3236.9673252105713
4676,2022-01-11 08:01:31,517288,3125.520944595337
4677,2022-01-11 09:01:13,517288,3209.8634243011475
4678,2022-01-11 11:01:30,517288,3099.68900680542
4679,2022-01-11 11:01:39,517288,3126.429796218872
4680,2022-01-11 12:01:24,517288,3100.50368309021
4681,2022-01-11 01:01:08,517289,3145.509719848633
4682,2022-01-11 02:01:57,517289,3045.118570327759
4683,2022-01-11 11:01:45,517289,3013.1537914276123
4684,2022-01-11 02:01:26,517290,3051.637887954712
4685,2022-01-11 02:01:33,517290,3023.9338874816895
4686,2022-01-11 02:01:55,517290,3088.2813930511475
4687,2022-01-11 03:01:03,517290,3096.4455604553223
4688,2022-01-11 03:01:21,517290,2934.0505599975586
4689,2022-01-11 03:01:33,517290,3158.3619117736816
4690,2022-01-11 03:01:46,517290,3125.704050064087
4691,2022-01-11 04:01:30,517290,3030.362606048584
4692,2022-01-11 04:01:33,517290,3157.4161052703857
4693,2022-01-11 04:01:32,517291,3152.0140171051025
4694,2022-01-11 04:01:40,517291,3163.6509895324707
4695,2022-01-11 05:01:20,517293,3156.904697418213
4696,2022-01-11 08:01:45,517293,2974.113702774048
4697,2022-01-11 09:01:04,517293,3085.0188732147217
4698,2022-01-11 09:01:30,517293,3110.841751098633
4699,2022-01-11 09:01:32,517293,3064.6848678588867
4700,2022-01-11 10:01:16,517293,3103.689432144165
4701,2022-01-11 10:01:22,517294,3136.007070541382
4702,2022-01-11 10:01:28,517294,3280.6456089019775
4703,2022-01-11 11:01:11,517294,3142.9529190063477
4704,2022-01-11 11:01:58,517294,3055.4728507995605
4705,2022-01-12 01:01:42,517302,3084.120273590088
4706,2022-01-12 04:01:07,517306,3123.9914894104004
4707,2022-01-12 05:01:05,517306,3212.4478816986084
4708,2022-01-12 05:01:35,517306,3210.3042602539062
4709,2022-01-12 05:01:50,517306,3182.43145942688
4710,2022-01-12 06:01:11,517306,3095.407485961914
4711,2022-01-12 07:01:14,517306,3230.5245399475098
4712,2022-01-12 07:01:51,517306,3055.3536415100098
4713,2022-01-12 07:01:53,517306,3009.1545581817627
4714,2022-01-12 07:01:56,517306,3183.429956436157
4715,2022-01-12 08:01:43,517306,2993.495225906372
4716,2022-01-12 08:01:45,517306,3065.0851726531982
4717,2022-01-12 08:01:48,517306,3108.7987422943115
4718,2022-01-12 08:01:50,517306,2939.23282623291
4719,2022-01-12 09:01:50,517306,2971.925973892212
4720,2022-01-12 10:01:09,517306,3127.7973651885986
4721,2022-01-12 10:01:49,517306,3123.04949760437
4722,2022-01-12 11:01:02,517306,3216.5024280548096
4723,2022-01-12 11:01:42,517306,3093.25909614563
4724,2022-01-12 11:01:51,517306,3091.099739074707
4725,2022-01-12 11:01:59,517306,3172.70827293396
4726,2022-01-12 12:01:53,517307,3033.926486968994
4727,2022-01-12 01:01:21,517308,3071.4077949523926
4728,2022-01-12 01:01:43,517308,3167.632818222046
4729,2022-01-12 01:01:59,517308,2991.5287494659424
4730,2022-01-12 12:01:03,517308,3151.742935180664
4731,2022-01-12 12:01:55,517308,3175.6386756896973
4732,2022-01-12 01:01:32,517309,3145.551919937134
4733,2022-01-12 01:01:34,517309,3115.0293350219727
4734,2022-01-12 01:01:55,517309,3131.148338317871
4735,2022-01-12 02:01:36,517309,3077.472686767578
4736,2022-01-12 03:01:19,517309,3001.319646835327
4737,2022-01-12 03:01:24,517309,3033.815622329712
4738,2022-01-12 02:01:25,517312,3167.4866676330566
4739,2022-01-12 03:01:19,517312,3088.142156600952
4740,2022-01-12 03:01:47,517315,3136.113166809082
4741,2022-01-12 03:01:18,517316,3106.736183166504
4742,2022-01-12 03:01:31,517316,3201.730728149414
4743,2022-01-12 04:01:13,517318,3013.274669647217
4744,2022-01-12 04:01:23,517318,2954.444169998169
4745,2022-01-12 05:01:21,517318,3190.9351348876953
4746,2022-01-12 04:01:24,517320,3257.1518421173096
4747,2022-01-12 04:01:44,517320,3132.266044616699
4748,2022-01-12 05:01:49,517320,3101.3996601104736
4749,2022-01-12 05:01:52,517320,2990.3600215911865
4750,2022-01-12 05:01:15,517323,3048.4888553619385
4751,2022-01-12 07:01:49,517323,3020.4944610595703
4752,2022-01-12 08:01:06,517329,3226.7932891845703
4753,2022-01-12 08:01:41,517329,3148.0584144592285
4754,2022-01-13 12:01:54,517332,3132.08270072937
4755,2022-01-13 01:01:20,517336,3231.5728664398193
4756,2022-01-13 12:01:45,517336,3216.435194015503
4757,2022-01-13 01:01:37,517337,3129.8577785491943
4758,2022-01-13 02:01:55,517337,3162.4298095703125
4759,2022-01-13 02:01:56,517337,3100.438117980957
4760,2022-01-13 12:01:29,517337,3147.1781730651855
4761,2022-01-13 04:01:41,517342,3016.8211460113525
4762,2022-01-13 05:01:24,517342,3029.772996902466
4763,2022-01-13 05:01:05,517343,3215.1200771331787
4764,2022-01-13 05:01:15,517343,3062.511920928955
4765,2022-01-13 05:01:18,517343,3211.5066051483154
4766,2022-01-13 05:01:34,517343,3075.4241943359375
4767,2022-01-13 06:01:12,517343,3173.4566688537598
4768,2022-01-13 06:01:13,517343,3076.0083198547363
4769,2022-01-13 06:01:16,517343,3201.9705772399902
4770,2022-01-13 06:01:23,517343,3061.945915222168
4771,2022-01-13 06:01:50,517343,3114.3062114715576
4772,2022-01-13 06:01:54,517343,3010.3812217712402
4773,2022-01-13 07:01:05,517343,3087.2979164123535
4774,2022-01-13 07:01:30,517343,3167.2463417053223
4775,2022-01-13 07:01:40,517343,3191.2639141082764
4776,2022-01-13 08:01:25,517343,3203.747034072876
4777,2022-01-13 08:01:19,517344,2961.0848426818848
4778,2022-01-13 09:01:33,517344,3152.3468494415283
4779,2022-01-13 09:01:35,517344,3174.837112426758
4780,2022-01-13 10:01:54,517344,3225.238561630249
4781,2022-01-13 11:01:15,517344,3013.908863067627
4782,2022-01-13 11:01:57,517344,3147.197961807251
4783,2022-01-13 11:01:59,517344,3121.2587356567383
4784,2022-01-13 12:01:47,517344,3135.385751724243
4785,2022-01-13 11:01:45,517345,3243.4327602386475
4786,2022-01-13 12:01:12,517345,3132.251024246216
4787,2022-01-13 12:01:46,517345,3354.4657230377197
4788,2022-01-13 01:01:21,517347,3103.358030319214
4789,2022-01-13 01:01:57,517347,3150.222063064575
4790,2022-01-13 02:01:11,517349,3091.4876461029053
4791,2022-01-13 03:01:16,517350,3111.2163066864014
4792,2022-01-13 03:01:10,517351,3191.707134246826
4793,2022-01-13 05:01:05,517352,3199.2108821868896
4794,2022-01-13 05:01:27,517352,3290.212631225586
4795,2022-01-13 08:01:37,517352,3262.939453125
4796,2022-01-13 08:01:55,517352,3199.31960105896
4797,2022-01-13 05:01:48,517354,3178.159713745117
4798,2022-01-13 06:01:57,517355,2990.8761978149414
4799,2022-01-13 09:01:32,517359,3082.784414291382
4800,2022-01-13 09:01:36,517360,3141.3142681121826
4801,2022-01-13 10:01:47,517360,3217.1504497528076
4802,2022-01-13 11:01:14,517360,3173.2780933380127
4803,2022-01-14 12:01:28,517360,3097.398519515991
4804,2022-01-14 12:01:33,517360,3170.731544494629
4805,2022-01-14 12:01:46,517360,3158.1270694732666
4806,2022-01-14 01:01:02,517362,2956.4247131347656
4807,2022-01-14 01:01:21,517362,3037.625551223755
4808,2022-01-14 01:01:44,517362,3105.2565574645996
4809,2022-01-14 01:01:59,517362,3118.7565326690674
4810,2022-01-14 02:01:45,517362,3068.584680557251
4811,2022-01-14 03:01:02,517362,3033.090829849243
4812,2022-01-14 03:01:26,517362,3064.922332763672
4813,2022-01-14 03:01:26,517362,3085.8538150787354
4814,2022-01-14 04:01:24,517362,3056.196689605713
4815,2022-01-14 04:01:58,517362,3143.613576889038
4816,2022-01-14 05:01:17,517362,3198.192596435547
4817,2022-01-14 05:01:21,517362,2985.790014266968
4818,2022-01-14 06:01:07,517362,3038.1720066070557
4819,2022-01-14 06:01:43,517362,3029.50382232666
4820,2022-01-14 06:01:52,517362,3284.2516899108887
4821,2022-01-14 07:01:00,517362,3029.1786193847656
4822,2022-01-14 08:01:06,517362,3198.333740234375
4823,2022-01-14 08:01:43,517362,2972.404956817627
4824,2022-01-14 09:01:45,517362,3063.18736076355
4825,2022-01-14 09:01:52,517362,3075.6447315216064
4826,2022-01-14 10:01:14,517362,3271.181583404541
4827,2022-01-14 10:01:15,517362,3156.0776233673096
4828,2022-01-14 11:01:12,517362,3092.0369625091553
4829,2022-01-14 11:01:40,517362,3132.750988006592
4830,2022-01-14 11:01:59,517362,3067.863941192627
4831,2022-01-14 04:01:58,517364,3052.973747253418
4832,2022-01-14 05:01:27,517364,3097.9318618774414
4833,2022-01-14 06:01:02,517364,3141.482353210449
4834,2022-01-14 06:01:34,517364,3167.729139328003
4835,2022-01-14 06:01:40,517364,3086.7857933044434
4836,2022-01-14 07:01:08,517364,3026.123523712158
4837,2022-01-14 08:01:02,517364,2993.8552379608154
4838,2022-01-14 08:01:07,517364,3199.108362197876
4839,2022-01-14 07:01:07,517365,3084.270715713501
4840,2022-01-14 07:01:29,517365,3116.201162338257
4841,2022-01-14 07:01:58,517365,3087.5205993652344
4842,2022-01-14 09:01:46,517367,3123.626947402954
4843,2022-01-14 10:01:00,517367,3060.3156089782715
4844,2022-01-14 10:01:26,517367,3073.5363960266113
4845,2022-01-15 12:01:56,517367,3085.181713104248
4846,2022-01-14 08:01:43,517368,2999.3205070495605
4847,2022-01-14 11:01:37,517368,3038.9564037323
4848,2022-01-14 11:01:47,517368,2936.185598373413
4849,2022-01-15 01:01:15,517368,3098.292350769043
4850,2022-01-15 01:01:18,517368,3257.0385932922363
4851,2022-01-15 02:01:22,517368,3137.707233428955
4852,2022-01-15 02:01:23,517368,3313.8675689697266
4853,2022-01-15 02:01:27,517368,3178.0803203582764
4854,2022-01-15 02:01:34,517368,3187.1140003204346
4855,2022-01-15 02:01:53,517368,3062.774658203125
4856,2022-01-15 12:01:59,517368,3070.014238357544
4857,2022-01-15 03:01:08,517369,3237.5640869140625
4858,2022-01-15 05:01:23,517370,3106.064558029175
4859,2022-01-15 07:01:13,517370,3046.5786457061768
4860,2022-01-15 01:01:24,517372,3098.8128185272217
4861,2022-01-15 04:01:20,517372,3031.9552421569824
4862,2022-01-15 04:01:59,517372,3144.8278427124023
4863,2022-01-15 05:01:05,517372,3036.134719848633
4864,2022-01-15 05:01:47,517372,3127.6628971099854
4865,2022-01-15 06:01:34,517373,3245.1024055480957
4866,2022-01-15 09:01:53,517373,3043.9720153808594
4867,2022-01-15 10:01:48,517373,3158.881664276123
4868,2022-01-16 12:01:46,517373,3048.31862449646
4869,2022-01-16 03:01:06,517374,3182.255983352661
4870,2022-01-16 10:01:00,517375,3178.1857013702393
4871,2022-01-17 04:01:10,517375,3138.533353805542
4872,2022-01-17 04:01:25,517375,3122.182607650757
4873,2022-01-17 05:01:07,517375,3131.8769454956055
4874,2022-01-17 05:01:54,517375,3197.6168155670166
4875,2022-01-17 06:01:56,517375,3030.23099899292
4876,2022-01-17 12:01:16,517375,3126.1849403381348
4877,2022-01-17 05:01:54,517376,3062.540292739868
4878,2022-01-17 05:01:51,517377,3021.998167037964
4879,2022-01-17 06:01:29,517377,3049.412727355957
4880,2022-01-17 07:01:28,517377,3056.328296661377
4881,2022-01-17 10:01:10,517379,3203.218460083008
4882,2022-01-17 10:01:26,517379,3149.998426437378
4883,2022-01-17 11:01:55,517379,3190.725326538086
4884,2022-01-17 11:01:57,517379,3101.712226867676
4885,2022-01-17 12:01:44,517379,3177.125930786133
4886,2022-01-17 12:01:54,517379,3252.330780029297
4887,2022-01-17 01:01:14,517380,3034.386396408081
4888,2022-01-17 01:01:45,517380,2985.910177230835
4889,2022-01-17 11:01:00,517380,3100.525379180908
4890,2022-01-17 11:01:10,517380,3042.130470275879
4891,2022-01-17 02:01:57,517384,3023.5278606414795
4892,2022-01-17 02:01:53,517385,3004.7528743743896
4893,2022-01-17 02:01:32,517387,2981.3034534454346
4894,2022-01-17 03:01:49,517389,3008.995771408081
4895,2022-01-17 04:01:16,517389,3022.916078567505
4896,2022-01-17 04:01:34,517389,3127.408266067505
4897,2022-01-17 05:01:32,517389,3195.7976818084717
4898,2022-01-17 05:01:49,517389,3185.040235519409
4899,2022-01-17 06:01:27,517389,2956.630229949951
4900,2022-01-17 06:01:52,517389,3034.9981784820557
4901,2022-01-17 07:01:16,517389,3104.604482650757
4902,2022-01-17 07:01:23,517389,3025.334358215332
4903,2022-01-17 07:01:34,517389,2987.4539375305176
4904,2022-01-17 08:01:23,517389,3080.5680751800537
4905,2022-01-17 09:01:10,517389,2979.3179035186768
4906,2022-01-17 09:01:26,517389,3110.975503921509
4907,2022-01-20 05:01:01,517389,3092.1566486358643
4908,2022-01-20 05:01:29,517389,3061.5761280059814
4909,2022-01-20 06:01:04,517389,3038.975238800049
4910,2022-01-20 06:01:51,517389,3103.506565093994
4911,2022-01-20 07:01:17,517389,3137.9377841949463
4912,2022-01-20 07:01:44,517389,3112.7994060516357
4913,2022-01-20 08:01:20,517389,3056.2822818756104
4914,2022-01-20 08:01:45,517389,3013.770580291748
4915,2022-01-20 09:01:05,517389,3219.2611694335938
4916,2022-01-20 09:01:15,517389,2942.2247409820557
4917,2022-01-20 10:01:04,517389,2992.149829864502
4918,2022-01-20 10:01:08,517389,3101.001501083374
4919,2022-01-20 11:01:08,517389,3030.2083492279053
4920,2022-01-20 11:01:23,517389,3048.694133758545
4921,2022-01-21 01:01:05,517389,3049.071788787842
4922,2022-01-21 01:01:29,517389,2945.7638263702393
4923,2022-01-21 01:01:50,517389,3021.3935375213623
4924,2022-01-21 02:01:24,517389,2998.1441497802734
4925,2022-01-21 02:01:25,517389,3075.0949382781982
4926,2022-01-21 03:01:39,517389,3197.080135345459
4927,2022-01-21 03:01:58,517389,3144.256353378296
4928,2022-01-21 04:01:15,517389,3122.3933696746826
4929,2022-01-21 04:01:16,517389,3174.036741256714
4930,2022-01-21 05:01:13,517389,3121.3278770446777
4931,2022-01-21 05:01:40,517389,3070.518970489502
4932,2022-01-21 06:01:06,517389,3225.452661514282
4933,2022-01-21 06:01:34,517389,3157.768487930298
4934,2022-01-21 07:01:34,517389,3106.842517852783
4935,2022-01-21 07:01:59,517389,3128.2520294189453
4936,2022-01-21 08:01:23,517389,2984.4000339508057
4937,2022-01-21 08:01:48,517389,3032.597780227661
4938,2022-01-21 09:01:19,517389,3187.497138977051
4939,2022-01-21 09:01:56,517389,3102.9534339904785
4940,2022-01-21 10:01:17,517389,2996.777296066284
4941,2022-01-21 10:01:35,517389,3103.402853012085
4942,2022-01-21 11:01:17,517389,3059.0476989746094
4943,2022-01-21 11:01:51,517389,3208.000898361206
4944,2022-01-21 12:01:12,517389,3096.9083309173584
4945,2022-01-21 12:01:20,517389,3063.427686691284
4946,2022-01-21 12:01:38,517389,2998.9013671875
4947,2022-01-21 12:01:50,517389,3073.82869720459
4948,2022-01-17 09:01:13,517391,3031.1238765716553
4949,2022-01-17 09:01:29,517391,3173.3131408691406
4950,2022-01-17 09:01:47,517391,3057.724714279175
4951,2022-01-17 10:01:00,517391,3072.0932483673096
4952,2022-01-17 11:01:44,517391,3154.4370651245117
4953,2022-01-18 12:01:00,517391,3200.2527713775635
4954,2022-01-17 10:01:47,517392,3091.554880142212
4955,2022-01-17 11:01:52,517395,3191.380500793457
4956,2022-01-18 12:01:06,517395,3047.8038787841797
4957,2022-01-18 01:01:18,517398,3040.3122901916504
4958,2022-01-18 02:01:41,517399,3063.1561279296875
4959,2022-01-18 04:01:45,517400,3197.8249549865723
4960,2022-01-18 05:01:04,517401,3113.3384704589844
4961,2022-01-18 05:01:50,517401,3009.0858936309814
4962,2022-01-18 07:01:59,517401,3188.952684402466
4963,2022-01-18 06:01:38,517402,3040.2963161468506
4964,2022-01-18 08:01:33,517402,3106.092929840088
4965,2022-01-18 06:01:02,517403,2949.3167400360107
4966,2022-01-18 06:01:34,517403,3076.6215324401855
4967,2022-01-18 08:01:32,517403,3233.6251735687256
4968,2022-01-18 06:01:19,517404,3204.3967247009277
4969,2022-01-18 07:01:12,517404,3054.1396141052246
4970,2022-01-18 08:01:27,517404,3021.690607070923
4971,2022-01-18 08:01:55,517404,3193.2880878448486
4972,2022-01-18 08:01:20,517408,3131.1898231506348
4973,2022-01-18 10:01:49,517408,3010.361433029175
4974,2022-01-18 09:01:32,517410,2991.1932945251465
4975,2022-01-18 10:01:49,517410,3134.0091228485107
4976,2022-01-18 11:01:40,517410,3015.799045562744
4977,2022-01-18 01:01:29,517411,3026.548385620117
4978,2022-01-18 04:01:54,517411,3031.285285949707
4979,2022-01-18 04:01:56,517411,3097.787857055664
4980,2022-01-18 05:01:07,517411,3110.7916831970215
4981,2022-01-18 05:01:46,517411,3027.094602584839
4982,2022-01-18 09:01:10,517411,2929.8853874206543
4983,2022-01-18 09:01:33,517411,3071.4077949523926
4984,2022-01-18 09:01:38,517411,2933.037757873535
4985,2022-01-18 09:01:47,517411,3015.254020690918
4986,2022-01-18 11:01:41,517411,3018.235445022583
4987,2022-01-18 11:01:50,517411,3200.4942893981934
4988,2022-01-18 12:01:50,517411,2951.2367248535156
4989,2022-01-18 01:01:29,517412,3107.185125350952
4990,2022-01-18 04:01:23,517412,3094.5160388946533
4991,2022-01-18 04:01:55,517413,2990.5683994293213
4992,2022-01-18 05:01:47,517413,3042.0591831207275
4993,2022-01-18 04:01:54,517414,3160.447597503662
4994,2022-01-18 04:01:56,517414,3232.6512336730957
4995,2022-01-18 05:01:14,517416,3130.2688121795654
4996,2022-01-18 07:01:16,517416,3202.2178173065186
4997,2022-01-18 05:01:57,517417,3013.569116592407
4998,2022-01-18 08:01:37,517417,3195.5206394195557
4999,2022-01-18 10:01:02,517418,3029.904365539551
5000,2022-01-18 10:01:56,517418,3079.2648792266846
5001,2022-01-18 11:01:24,517418,2973.6762046813965
5002,2022-01-18 11:01:14,517421,2947.1912384033203
5003,2022-01-19 01:01:37,517421,2997.408151626587
5004,2022-01-19 12:01:18,517421,3192.3627853393555
5005,2022-01-19 01:01:37,517422,3119.960069656372
5006,2022-01-19 02:01:25,517422,3101.957321166992
5007,2022-01-19 12:01:51,517422,3251.5859603881836
5008,2022-01-19 01:01:14,517423,3082.1263790130615
5009,2022-01-19 01:01:26,517423,3171.478271484375
5010,2022-01-19 01:01:44,517423,3122.9560375213623
5011,2022-01-19 02:01:24,517423,3164.921998977661
5012,2022-01-19 02:01:52,517423,3079.3797969818115
5013,2022-01-19 03:01:33,517426,3107.431173324585
5014,2022-01-19 03:01:35,517426,3133.669376373291
5015,2022-01-19 03:01:45,517426,3184.8831176757812
5016,2022-01-19 04:01:05,517426,2978.644609451294
5017,2022-01-19 05:01:03,517426,3097.0356464385986
5018,2022-01-19 05:01:24,517426,3146.6143131256104
5019,2022-01-19 05:01:34,517426,3152.879476547241
5020,2022-01-19 05:01:38,517426,2967.6408767700195
5021,2022-01-19 05:01:50,517426,3160.17746925354
5022,2022-01-19 04:01:22,517427,3026.128053665161
5023,2022-01-19 04:01:30,517427,2973.480463027954
5024,2022-01-19 04:01:41,517427,3194.671869277954
5025,2022-01-19 05:01:03,517427,3130.192279815674
5026,2022-01-19 05:01:04,517427,3082.4193954467773
5027,2022-01-19 05:01:43,517427,3078.9730548858643
5028,2022-01-19 06:01:05,517427,2903.0416011810303
5029,2022-01-19 06:01:40,517427,3094.543218612671
5030,2022-01-19 07:01:28,517427,3018.0625915527344
5031,2022-01-19 06:01:06,517428,3118.0150508880615
5032,2022-01-19 06:01:49,517428,3130.267858505249
5033,2022-01-19 07:01:32,517428,3178.2243251800537
5034,2022-01-19 07:01:55,517428,3010.087728500366
5035,2022-01-19 08:01:03,517428,3195.622682571411
5036,2022-01-19 07:01:51,517429,3154.19864654541
5037,2022-01-19 08:01:25,517429,3193.0456161499023
5038,2022-01-19 07:01:44,517430,3137.6793384552
5039,2022-01-19 09:01:07,517430,3177.83260345459
5040,2022-01-19 01:01:14,517431,3254.966974258423
5041,2022-01-19 01:01:47,517431,3133.3367824554443
5042,2022-01-19 09:01:45,517431,3204.1573524475098
5043,2022-01-19 09:01:55,517431,3114.088535308838
5044,2022-01-19 10:01:20,517431,3111.739158630371
5045,2022-01-19 10:01:24,517431,2937.776565551758
5046,2022-01-19 10:01:41,517431,3103.7964820861816
5047,2022-01-19 11:01:03,517431,3067.5723552703857
5048,2022-01-19 11:01:05,517431,3016.8042182922363
5049,2022-01-19 11:01:26,517431,2939.1746520996094
5050,2022-01-19 11:01:29,517431,3166.2583351135254
5051,2022-01-19 12:01:06,517431,3106.797933578491
5052,2022-01-19 12:01:38,517431,3114.3178939819336
5053,2022-01-19 01:01:32,517432,3194.612741470337
5054,2022-01-19 01:01:33,517432,3240.9355640411377
5055,2022-01-19 02:01:17,517432,3286.224842071533
5056,2022-01-19 02:01:55,517432,3097.0053672790527
5057,2022-01-19 12:01:05,517432,3147.2229957580566
5058,2022-01-19 12:01:27,517432,3126.6183853149414
5059,2022-01-19 12:01:51,517432,3106.065034866333
5060,2022-01-19 12:01:59,517432,3110.058307647705
5061,2022-01-19 01:01:35,517433,3046.417236328125
5062,2022-01-19 02:01:14,517437,3146.521806716919
5063,2022-01-19 02:01:43,517437,3125.6470680236816
5064,2022-01-19 02:01:45,517437,3160.2070331573486
5065,2022-01-19 03:01:40,517437,3271.596670150757
5066,2022-01-19 03:01:19,517438,3195.6491470336914
5067,2022-01-19 03:01:45,517438,3060.09578704834
5068,2022-01-19 03:01:19,517439,3135.1544857025146
5069,2022-01-19 04:01:52,517441,3061.718463897705
5070,2022-01-19 04:01:12,517442,2970.5121517181396
5071,2022-01-19 04:01:16,517442,3084.956645965576
5072,2022-01-19 04:01:22,517442,3168.0619716644287
5073,2022-01-19 06:01:27,517442,3005.086660385132
5074,2022-01-19 06:01:38,517446,3151.539087295532
5075,2022-01-19 07:01:41,517446,3138.6609077453613
5076,2022-01-19 08:01:40,517449,3215.383768081665
5077,2022-01-19 09:01:44,517449,3113.3627891540527
5078,2022-01-19 08:01:28,517451,3040.306806564331
5079,2022-01-19 09:01:55,517451,3062.825918197632
5080,2022-01-19 11:01:48,517458,3089.5776748657227
5081,2022-01-20 12:01:48,517458,3345.191478729248
5082,2022-01-20 01:01:47,517462,3226.2284755706787
5083,2022-01-20 01:01:47,517462,3054.792642593384
5084,2022-01-20 02:01:25,517462,3401.0672569274902
5085,2022-01-20 04:01:45,517467,3209.300756454468
5086,2022-01-20 06:01:48,517467,3259.891986846924
5087,2022-01-20 04:01:12,517468,3050.5337715148926
5088,2022-01-20 05:01:34,517468,3255.802631378174
5089,2022-01-20 04:01:08,517469,3031.7697525024414
5090,2022-01-20 04:01:17,517469,2994.389772415161
5091,2022-01-20 05:01:08,517469,3146.43931388855
5092,2022-01-20 06:01:49,517469,3182.3384761810303
5093,2022-01-20 07:01:59,517469,3146.6591358184814
5094,2022-01-20 01:01:14,517470,3206.4003944396973
5095,2022-01-20 01:01:22,517470,3150.484561920166
5096,2022-01-20 01:01:36,517470,3187.577962875366
5097,2022-01-20 02:01:22,517470,3602.0987033843994
5098,2022-01-20 02:01:53,517470,3023.5371589660645
5099,2022-01-20 03:01:26,517470,3145.1656818389893
5100,2022-01-20 04:01:46,517470,3115.9253120422363
5101,2022-01-20 05:01:43,517470,3132.8113079071045
5102,2022-01-20 06:01:25,517470,3153.4433364868164
5103,2022-01-20 06:01:29,517470,3132.2972774505615
5104,2022-01-20 06:01:38,517470,3165.665864944458
5105,2022-01-20 07:01:21,517470,3208.2290649414062
5106,2022-01-20 07:01:56,517470,3077.3348808288574
5107,2022-01-20 08:01:03,517470,3281.050205230713
5108,2022-01-20 08:01:43,517470,3288.520574569702
5109,2022-01-20 08:01:47,517470,3099.268674850464
5110,2022-01-20 10:01:38,517470,3110.0518703460693
5111,2022-01-20 10:01:58,517470,3144.749402999878
5112,2022-01-20 11:01:03,517470,3102.4422645568848
5113,2022-01-20 11:01:43,517470,3292.5407886505127
5114,2022-01-20 12:01:10,517470,3144.585132598877
5115,2022-01-20 12:01:45,517470,3031.680107116699
5116,2022-01-20 01:01:26,517471,3039.6111011505127
5117,2022-01-20 01:01:55,517471,3272.430419921875
5118,2022-01-20 02:01:01,517471,3026.597023010254
5119,2022-01-20 02:01:37,517471,3023.6661434173584
5120,2022-01-20 02:01:50,517471,3212.7137184143066
5121,2022-01-20 03:01:44,517471,3134.8049640655518
5122,2022-01-20 03:01:52,517471,3075.5624771118164
5123,2022-01-20 02:01:09,517472,3109.64298248291
5124,2022-01-20 03:01:47,517473,3161.4904403686523
5125,2022-01-20 03:01:53,517473,3094.991445541382
5126,2022-01-20 04:01:36,517473,3140.836477279663
5127,2022-01-20 04:01:15,517474,3091.8264389038086
5128,2022-01-20 04:01:31,517474,2968.8854217529297
5129,2022-01-20 05:01:34,517476,3209.8872661590576
5130,2022-01-20 05:01:47,517476,3126.237630844116
5131,2022-01-20 05:01:55,517476,3025.689125061035
5132,2022-01-20 06:01:38,517476,3044.5876121520996
5133,2022-01-20 07:01:33,517476,3196.129083633423
5134,2022-01-20 05:01:34,517478,3183.978319168091
5135,2022-01-20 06:01:09,517479,3003.913402557373
5136,2022-01-20 07:01:10,517479,3154.6661853790283
5137,2022-01-20 08:01:37,517480,3134.840726852417
5138,2022-01-20 09:01:51,517480,3253.314733505249
5139,2022-01-20 08:01:36,517482,3009.2291831970215
5140,2022-01-20 08:01:25,517483,3189.3932819366455
5141,2022-01-20 09:01:50,517483,3101.3433933258057
5142,2022-01-20 09:01:51,517484,3087.6781940460205
5143,2022-01-20 10:01:50,517484,3008.9364051818848
5144,2022-01-20 09:01:56,517485,3100.224733352661
5145,2022-01-20 10:01:10,517489,3216.667652130127
5146,2022-01-21 12:01:02,517489,3065.6685829162598
5147,2022-01-20 10:01:20,517491,2961.805820465088
5148,2022-01-20 11:01:50,517494,3152.547836303711
5149,2022-01-21 01:01:01,517498,3069.117784500122
5150,2022-01-21 01:01:53,517500,3158.1199169158936
5151,2022-01-21 02:01:10,517500,3145.875930786133
5152,2022-01-21 02:01:57,517500,3129.572868347168
5153,2022-01-21 05:01:29,517500,3025.336265563965
5154,2022-01-21 05:01:31,517500,3042.4821376800537
5155,2022-01-21 06:01:20,517500,3132.1449279785156
5156,2022-01-21 07:01:05,517500,3062.9162788391113
5157,2022-01-21 07:01:17,517500,3237.6041412353516
5158,2022-01-21 07:01:40,517500,3329.9360275268555
5159,2022-01-21 07:01:50,517500,3059.8509311676025
5160,2022-01-21 08:01:42,517500,3077.6941776275635
5161,2022-01-21 08:01:57,517500,3213.5748863220215
5162,2022-01-21 09:01:40,517500,3056.959390640259
5163,2022-01-21 09:01:46,517500,3081.5231800079346
5164,2022-01-21 09:01:49,517500,3109.889507293701
5165,2022-01-21 10:01:13,517500,3136.9388103485107
5166,2022-01-21 10:01:17,517500,3180.1376342773438
5167,2022-01-21 10:01:41,517500,3206.8071365356445
5168,2022-01-21 12:01:21,517500,3150.7787704467773
5169,2022-01-21 12:01:45,517500,3119.6799278259277
5170,2022-01-21 12:01:00,517501,3070.9221363067627
5171,2022-01-21 12:01:55,517501,3203.327178955078
5172,2022-01-21 01:01:18,517502,3112.9519939422607
5173,2022-01-21 01:01:27,517502,3151.355028152466
5174,2022-01-21 02:01:03,517502,3254.061698913574
5175,2022-01-21 02:01:35,517502,3146.2812423706055
5176,2022-01-21 02:01:48,517502,3164.1592979431152
5177,2022-01-21 02:01:50,517502,3167.6979064941406
5178,2022-01-21 03:01:09,517502,3177.8507232666016
5179,2022-01-21 03:01:18,517502,3187.492609024048
5180,2022-01-21 03:01:24,517502,3083.3277702331543
5181,2022-01-21 03:01:27,517502,3217.177629470825
5182,2022-01-21 03:01:50,517502,3094.254493713379
5183,2022-01-21 03:01:50,517502,3090.5938148498535
5184,2022-01-21 04:01:11,517502,3305.1517009735107
5185,2022-01-21 04:01:13,517502,3118.4158325195312
5186,2022-01-21 04:01:28,517502,3182.6953887939453
5187,2022-01-21 04:01:43,517502,3195.8534717559814
5188,2022-01-21 04:01:53,517502,3159.5005989074707
5189,2022-01-21 05:01:02,517502,3032.2141647338867
5190,2022-01-21 05:01:03,517502,3077.280282974243
5191,2022-01-21 02:01:38,517503,3089.5681381225586
5192,2022-01-21 04:01:50,517503,3140.1543617248535
5193,2022-01-21 03:01:21,517504,3114.851474761963
5194,2022-01-21 04:01:07,517504,3050.926685333252
5195,2022-01-21 04:01:11,517504,3033.5729122161865
5196,2022-01-21 04:01:50,517504,3089.1871452331543
5197,2022-01-21 05:01:11,517504,3138.6120319366455
5198,2022-01-21 05:01:52,517504,3015.9175395965576
5199,2022-01-21 04:01:20,517505,3128.3440589904785
5200,2022-01-21 04:01:41,517505,3189.2075538635254
5201,2022-01-21 04:01:26,517506,3037.8382205963135
5202,2022-01-21 06:01:11,517506,3055.0906658172607
5203,2022-01-21 05:01:46,517507,3190.5319690704346
5204,2022-01-21 05:01:58,517508,3167.412757873535
5205,2022-01-21 05:01:24,517510,3237.993001937866
5206,2022-01-21 06:01:08,517510,2995.9716796875
5207,2022-01-21 07:01:08,517511,3166.149854660034
5208,2022-01-21 07:01:01,517515,3031.7728519439697
5209,2022-01-21 07:01:29,517515,3047.2211837768555
5210,2022-01-21 08:01:33,517515,3238.6059761047363
5211,2022-01-21 07:01:54,517517,3131.377935409546
5212,2022-01-21 08:01:10,517517,3131.3672065734863
5213,2022-01-21 10:01:17,517517,3246.617078781128
5214,2022-01-21 09:01:38,517520,3081.9294452667236
5215,2022-01-21 10:01:17,517521,3084.6455097198486
5216,2022-01-21 11:01:32,517521,3223.7372398376465
5217,2022-01-22 12:01:00,517521,3017.7853107452393
5218,2022-01-22 12:01:57,517526,3089.944839477539
5219,2022-01-22 03:01:29,517535,3070.422649383545
5220,2022-01-22 06:01:49,517535,3010.3659629821777
5221,2022-01-22 06:01:50,517535,3122.8811740875244
5222,2022-01-22 09:01:28,517535,3042.0522689819336
5223,2022-01-22 08:01:42,517538,3169.8930263519287
5224,2022-01-23 04:01:52,517539,3239.8993968963623
5225,2022-01-23 08:01:16,517539,3190.6301975250244
5226,2022-01-23 01:01:05,517540,3069.119453430176
5227,2022-01-23 01:01:37,517540,3127.3176670074463
5228,2022-01-23 01:01:48,517540,3128.3118724823
5229,2022-01-23 03:01:28,517541,3025.718927383423
5230,2022-01-23 05:01:32,517541,3248.8391399383545
5231,2022-01-23 08:01:55,517543,3170.0546741485596
5232,2022-01-23 08:01:57,517543,3191.281318664551
5233,2022-01-23 09:01:28,517543,3084.4430923461914
5234,2022-01-23 10:01:33,517543,2921.2753772735596
5235,2022-01-23 10:01:54,517543,3066.4942264556885
5236,2022-01-23 10:01:55,517543,3173.068046569824
5237,2022-01-24 01:01:13,517543,3077.1658420562744
5238,2022-01-24 12:01:18,517543,3114.62140083313
5239,2022-01-24 04:01:25,517547,3120.867967605591
5240,2022-01-24 05:01:02,517547,3049.222946166992
5241,2022-01-24 05:01:21,517547,3185.2071285247803
5242,2022-01-24 05:01:35,517548,2967.930555343628
5243,2022-01-24 05:01:05,517549,3193.162441253662
5244,2022-01-24 05:01:48,517549,3096.9200134277344
5245,2022-01-24 07:01:41,517549,3024.197578430176
5246,2022-01-24 08:01:37,517549,3145.0531482696533
5247,2022-01-24 09:01:03,517550,3053.6320209503174
5248,2022-01-24 10:01:42,517550,3116.884708404541
5249,2022-01-24 10:01:41,517551,3132.413864135742
5250,2022-01-24 10:01:47,517551,3252.041816711426
5251,2022-01-24 11:01:28,517552,3184.0670108795166
5252,2022-01-24 11:01:33,517552,3003.535032272339
5253,2022-01-24 11:01:38,517552,3159.70778465271
5254,2022-01-24 12:01:53,517552,2944.5486068725586
5255,2022-01-24 02:01:01,517553,3130.030393600464
5256,2022-01-24 12:01:18,517553,2968.569040298462
5257,2022-01-24 01:01:04,517554,3198.890209197998
5258,2022-01-24 03:01:45,517554,3045.6552505493164
5259,2022-01-24 01:01:08,517555,3139.930486679077
5260,2022-01-24 01:01:24,517555,3131.7968368530273
5261,2022-01-24 02:01:05,517555,3242.243528366089
5262,2022-01-24 02:01:23,517555,3302.180528640747
5263,2022-01-24 02:01:39,517555,3125.0531673431396
5264,2022-01-24 02:01:35,517556,3060.9829425811768
5265,2022-01-24 02:01:37,517556,3039.430618286133
5266,2022-01-24 03:01:17,517556,3082.5040340423584
5267,2022-01-24 03:01:18,517556,3124.6399879455566
5268,2022-01-24 03:01:32,517556,2938.955068588257
5269,2022-01-24 03:01:44,517556,3166.3920879364014
5270,2022-01-24 04:01:47,517556,3029.42156791687
5271,2022-01-24 05:01:57,517556,3096.858024597168
5272,2022-01-25 01:01:27,517556,3144.38533782959
5273,2022-01-25 12:01:59,517556,3085.6542587280273
5274,2022-01-24 04:01:50,517559,3032.62996673584
5275,2022-01-24 04:01:56,517559,2952.906847000122
5276,2022-01-24 05:01:07,517559,3093.392848968506
5277,2022-01-24 06:01:57,517561,3014.6031379699707
5278,2022-01-24 07:01:17,517561,3047.440528869629
5279,2022-01-24 07:01:39,517561,3110.9962463378906
5280,2022-01-24 08:01:35,517561,3174.9088764190674
5281,2022-01-24 07:01:14,517562,2949.089765548706
5282,2022-01-24 09:01:33,517562,3012.756586074829
5283,2022-01-24 08:01:25,517563,3139.0621662139893
5284,2022-01-24 08:01:03,517564,2988.3909225463867
5285,2022-01-24 08:01:50,517564,3120.048761367798
5286,2022-01-24 09:01:45,517564,3116.6398525238037
5287,2022-01-24 10:01:52,517564,3080.712080001831
5288,2022-01-25 01:01:04,517568,3099.479913711548
5289,2022-01-25 01:01:18,517568,3139.855146408081
5290,2022-01-25 01:01:25,517568,3012.5887393951416
5291,2022-01-25 01:01:46,517568,3136.758327484131
5292,2022-01-25 03:01:35,517568,3085.681200027466
5293,2022-01-25 04:01:47,517573,3109.689474105835
5294,2022-01-25 05:01:25,517573,3078.932046890259
5295,2022-01-25 06:01:17,517573,3164.8499965667725
5296,2022-01-25 06:01:27,517573,3201.0085582733154
5297,2022-01-25 07:01:29,517574,3130.626440048218
5298,2022-01-25 07:01:32,517574,3235.307455062866
5299,2022-01-25 07:01:35,517574,2904.9558639526367
5300,2022-01-25 07:01:47,517574,3111.809730529785
5301,2022-01-25 08:01:48,517574,3155.0281047821045
5302,2022-01-25 09:01:04,517574,3113.3060455322266
5303,2022-01-25 09:01:30,517574,3074.4049549102783
5304,2022-01-25 09:01:46,517574,3190.000295639038
5305,2022-01-25 09:01:49,517574,3148.4925746917725
5306,2022-01-25 10:01:07,517575,2982.5477600097656
5307,2022-01-25 01:01:00,517577,3126.5792846679688
5308,2022-01-25 11:01:57,517577,3013.691186904907
5309,2022-01-25 01:01:22,517578,2873.324155807495
5310,2022-01-25 01:01:32,517578,2977.355480194092
5311,2022-01-25 03:01:54,517578,3236.823320388794
5312,2022-01-25 12:01:56,517578,2942.1682357788086
5313,2022-01-25 02:01:13,517580,3110.8670234680176
5314,2022-01-25 02:01:17,517580,3060.539484024048
5315,2022-01-25 03:01:12,517580,3013.00311088562
5316,2022-01-25 03:01:22,517580,3033.1711769104004
5317,2022-01-25 03:01:22,517580,3246.041774749756
5318,2022-01-25 03:01:53,517580,3280.1671028137207
5319,2022-01-25 04:01:08,517580,3120.011568069458
5320,2022-01-25 04:01:11,517580,3184.5946311950684
5321,2022-01-25 04:01:16,517580,3228.8475036621094
5322,2022-01-25 04:01:19,517580,3014.3260955810547
5323,2022-01-25 04:01:20,517580,3007.5745582580566
5324,2022-01-25 04:01:35,517580,3271.4836597442627
5325,2022-01-25 04:01:54,517580,2925.1389503479004
5326,2022-01-25 05:01:00,517580,3132.992744445801
5327,2022-01-25 05:01:40,517580,3187.464952468872
5328,2022-01-25 06:01:58,517580,3167.5941944122314
5329,2022-01-25 05:01:39,517582,3009.0606212615967
5330,2022-01-25 06:01:41,517582,3136.4073753356934
5331,2022-01-25 07:01:10,517582,3164.149761199951
5332,2022-01-25 07:01:22,517582,3024.677276611328
5333,2022-01-25 07:01:45,517582,3110.677719116211
5334,2022-01-25 07:01:57,517582,3072.8418827056885
5335,2022-01-25 08:01:12,517582,3220.223903656006
5336,2022-01-25 08:01:23,517582,3187.6020431518555
5337,2022-01-25 09:01:50,517582,3155.492067337036
5338,2022-01-25 07:01:24,517583,3069.352626800537
5339,2022-01-25 08:01:31,517583,3048.5010147094727
5340,2022-01-25 08:01:33,517583,3153.6738872528076
5341,2022-01-25 09:01:00,517583,3179.654836654663
5342,2022-01-25 09:01:12,517583,3096.195936203003
5343,2022-01-25 09:01:20,517583,3090.0259017944336
5344,2022-01-25 10:01:08,517583,3131.6308975219727
5345,2022-01-25 10:01:19,517583,3172.2357273101807
5346,2022-01-25 10:01:20,517583,3123.664140701294
5347,2022-01-25 09:01:48,517584,3126.1026859283447
5348,2022-01-25 10:01:12,517586,3016.704559326172
5349,2022-01-25 10:01:21,517586,3078.1960487365723
5350,2022-01-26 01:01:29,517586,3099.4153022766113
5351,2022-01-25 11:01:20,517588,3042.6042079925537
5352,2022-01-25 11:01:28,517588,3057.145833969116
5353,2022-01-26 01:01:05,517588,3186.2103939056396
5354,2022-01-26 01:01:49,517597,3422.7657318115234
5355,2022-01-26 06:01:01,517597,2983.0732345581055
5356,2022-01-26 06:01:13,517600,3101.8173694610596
5357,2022-01-26 06:01:23,517600,3160.3009700775146
5358,2022-01-26 09:01:34,517600,3054.3570518493652
5359,2022-01-26 09:01:54,517601,3249.67360496521
5360,2022-01-26 10:01:03,517602,3020.742177963257
5361,2022-01-26 10:01:08,517602,3021.526098251343
5362,2022-01-26 10:01:11,517602,3139.5912170410156
5363,2022-01-26 10:01:29,517602,2982.820987701416
5364,2022-01-26 10:01:53,517602,3184.2620372772217
5365,2022-01-26 11:01:01,517602,3166.6622161865234
5366,2022-01-26 11:01:20,517602,3146.6875076293945
5367,2022-01-26 11:01:46,517602,3075.19793510437
5368,2022-01-26 12:01:38,517602,3051.9769191741943
5369,2022-01-26 11:01:10,517603,3228.801727294922
5370,2022-01-26 11:01:19,517603,3266.080379486084
5371,2022-01-26 01:01:36,517604,3117.604970932007
5372,2022-01-26 11:01:01,517604,3065.1187896728516
5373,2022-01-26 03:01:13,517606,3177.5214672088623
5374,2022-01-26 11:01:01,517606,3061.3391399383545
5375,2022-01-26 11:01:05,517606,3187.8485679626465
5376,2022-01-26 11:01:43,517606,3196.662187576294
5377,2022-01-26 12:01:00,517606,3044.0337657928467
5378,2022-01-26 12:01:59,517606,3117.445230484009
5379,2022-01-26 02:01:40,517607,3139.132261276245
5380,2022-01-26 02:01:54,517607,3235.334873199463
5381,2022-01-26 07:01:51,517607,3025.9692668914795
5382,2022-01-26 03:01:56,517608,3071.460723876953
5383,2022-01-26 03:01:59,517608,2934.069871902466
5384,2022-01-26 04:01:04,517608,3044.4107055664062
5385,2022-01-26 03:01:44,517610,3243.568181991577
5386,2022-01-26 03:01:25,517611,3208.3206176757812
5387,2022-01-26 06:01:42,517619,3102.0970344543457
5388,2022-01-26 07:01:58,517619,3008.716583251953
5389,2022-01-26 08:01:35,517620,2927.910804748535
5390,2022-01-27 03:01:59,517627,3087.451696395874
5391,2022-01-27 04:01:54,517627,3079.214096069336
5392,2022-01-27 01:01:14,517628,3164.992094039917
5393,2022-01-27 01:01:19,517628,3050.43625831604
5394,2022-01-27 01:01:24,517628,3026.933431625366
5395,2022-01-27 01:01:24,517628,3196.7098712921143
5396,2022-01-27 01:01:26,517628,3007.2550773620605
5397,2022-01-27 01:01:30,517628,3233.470678329468
5398,2022-01-27 01:01:32,517628,3036.2472534179688
5399,2022-01-27 02:01:16,517628,3093.668222427368
5400,2022-01-27 02:01:25,517628,3072.256326675415
5401,2022-01-27 03:01:26,517628,3077.4896144866943
5402,2022-01-27 04:01:46,517628,3145.3888416290283
5403,2022-01-27 05:01:20,517628,2968.4183597564697
5404,2022-01-27 05:01:31,517628,3008.207321166992
5405,2022-01-27 05:01:40,517628,2983.933687210083
5406,2022-01-27 06:01:07,517628,3043.393135070801
5407,2022-01-27 06:01:07,517628,3118.788719177246
5408,2022-01-27 06:01:32,517628,3072.934865951538
5409,2022-01-27 07:01:10,517628,3219.7372913360596
5410,2022-01-27 08:01:15,517628,3155.1918983459473
5411,2022-01-27 08:01:25,517628,3127.2387504577637
5412,2022-01-27 08:01:52,517628,2994.4841861724854
5413,2022-01-27 10:01:27,517628,2969.6314334869385
5414,2022-01-27 10:01:28,517628,3198.073625564575
5415,2022-01-27 11:01:05,517628,3093.946695327759
5416,2022-01-27 11:01:34,517628,3083.8794708251953
5417,2022-01-27 12:01:33,517628,3046.1671352386475
5418,2022-01-27 12:01:44,517628,3121.1750507354736
5419,2022-01-27 02:01:05,517629,3143.3265209198
5420,2022-01-27 02:01:09,517629,3197.477340698242
5421,2022-01-27 02:01:22,517629,3135.7409954071045
5422,2022-01-27 02:01:51,517629,3149.172067642212
5423,2022-01-27 05:01:41,517629,3113.3358478546143
5424,2022-01-27 06:01:21,517629,3035.654306411743
5425,2022-01-27 02:01:32,517630,2888.112783432007
5426,2022-01-27 06:01:29,517630,3138.808012008667
5427,2022-01-27 06:01:51,517630,3138.6773586273193
5428,2022-01-27 08:01:41,517630,3163.227319717407
5429,2022-01-27 06:01:45,517631,3196.885824203491
5430,2022-01-27 06:01:12,517633,3050.2710342407227
5431,2022-01-27 07:01:28,517633,3205.1851749420166
5432,2022-01-27 07:01:54,517633,3061.1488819122314
5433,2022-01-27 08:01:30,517635,3057.4207305908203
5434,2022-01-27 10:01:10,517635,3153.245449066162
5435,2022-01-27 10:01:13,517635,3078.413248062134
5436,2022-01-27 11:01:12,517635,3097.4433422088623
5437,2022-01-27 11:01:55,517635,3438.469171524048
5438,2022-01-28 01:01:34,517635,3175.335168838501
5439,2022-01-28 01:01:52,517635,3060.978651046753
5440,2022-01-28 12:01:51,517635,3074.5153427124023
5441,2022-01-28 01:01:57,517636,3040.5919551849365
5442,2022-01-28 02:01:23,517636,3150.8500576019287
5443,2022-01-28 02:01:45,517636,3023.5745906829834
5444,2022-01-28 12:01:44,517636,2985.173463821411
5445,2022-01-28 12:01:41,517637,3291.8312549591064
5446,2022-01-28 01:01:01,517640,3021.6755867004395
5447,2022-01-28 02:01:32,517640,3014.0106678009033
5448,2022-01-28 01:01:29,517642,3042.525053024292
5449,2022-01-28 02:01:14,517642,3197.477102279663
5450,2022-01-28 01:01:40,517643,3089.020252227783
5451,2022-01-28 02:01:29,517644,3047.795295715332
5452,2022-01-28 02:01:08,517645,3235.482692718506
5453,2022-01-28 03:01:08,517646,3172.6934909820557
5454,2022-01-28 03:01:46,517647,3195.4424381256104
5455,2022-01-28 06:01:47,517649,3139.2316818237305
5456,2022-01-28 07:01:30,517649,3280.5187702178955
5457,2022-01-28 07:01:58,517650,3152.270555496216
5458,2022-01-28 09:01:06,517651,3108.8714599609375
5459,2022-01-28 09:01:45,517651,3028.3806324005127
5460,2022-01-28 10:01:06,517651,3000.3650188446045
5461,2022-01-28 10:01:08,517651,3081.1009407043457
5462,2022-01-28 10:01:11,517651,3113.741159439087
5463,2022-01-28 10:01:37,517651,3127.6931762695312
5464,2022-01-28 11:01:00,517651,3117.1441078186035
5465,2022-01-28 12:01:07,517651,3046.548366546631
5466,2022-01-28 12:01:45,517651,3167.1459674835205
5467,2022-01-28 12:01:47,517651,3072.585105895996
5468,2022-01-28 01:01:19,517652,3212.0132446289062
5469,2022-01-28 01:01:29,517652,3049.294948577881
5470,2022-01-28 11:01:10,517652,3019.423723220825
5471,2022-01-28 11:01:30,517652,3119.1976070404053
5472,2022-01-28 11:01:33,517652,3181.612730026245
5473,2022-01-28 11:01:58,517652,3031.1946868896484
5474,2022-01-28 12:01:01,517652,3171.005964279175
5475,2022-01-28 12:01:36,517652,3084.97953414917
5476,2022-01-28 12:01:50,517652,3127.8858184814453
5477,2022-01-28 12:01:59,517652,3130.793809890747
5478,2022-01-28 02:01:26,517653,3197.793960571289
5479,2022-01-28 03:01:31,517653,3265.284776687622
5480,2022-01-28 01:01:46,517654,3150.1898765563965
5481,2022-01-28 02:01:46,517654,3004.932403564453
5482,2022-01-28 03:01:21,517654,3182.5380325317383
5483,2022-01-28 02:01:19,517656,3146.592378616333
5484,2022-01-28 03:01:54,517656,3031.1570167541504
5485,2022-01-28 05:01:49,517661,3150.2387523651123
5486,2022-01-28 06:01:23,517663,3097.038745880127
5487,2022-01-28 06:01:42,517663,3126.4874935150146
5488,2022-01-28 08:01:06,517663,3242.349863052368
5489,2022-01-28 07:01:06,517664,3195.6887245178223
5490,2022-01-28 08:01:00,517664,3048.6252307891846
5491,2022-01-28 07:01:08,517665,3084.944725036621
5492,2022-01-28 07:01:41,517665,3267.125368118286
5493,2022-01-28 08:01:13,517665,3154.6266078948975
5494,2022-01-28 08:01:56,517665,3123.2032775878906
5495,2022-01-28 09:01:11,517665,3259.3741416931152
5496,2022-01-28 09:01:40,517665,2981.4963340759277
5497,2022-01-28 10:01:49,517665,3058.558225631714
5498,2022-01-28 09:01:09,517667,3015.603542327881
5499,2022-01-28 10:01:17,517667,3037.7562046051025
5500,2022-01-28 09:01:45,517668,2977.7255058288574
5501,2022-01-28 09:01:37,517669,3102.5853157043457
5502,2022-01-28 10:01:02,517669,3075.4294395446777
5503,2022-01-28 10:01:03,517670,3019.343137741089
5504,2022-01-29 12:01:47,517670,3039.003849029541
5505,2022-01-29 01:01:31,517673,3095.9980487823486
5506,2022-01-29 02:01:23,517673,3139.8305892944336
5507,2022-01-29 12:01:49,517673,3148.483991622925
5508,2022-01-29 08:01:22,517676,3127.962112426758
5509,2022-01-29 01:01:37,517677,3123.121500015259
5510,2022-01-29 02:01:47,517677,3112.0481491088867
5511,2022-01-30 03:01:10,517678,3161.717176437378
5512,2022-01-30 03:01:40,517678,3093.0328369140625
5513,2022-01-30 05:01:23,517678,3256.3576698303223
5514,2022-01-30 05:01:46,517678,3133.148193359375
5515,2022-01-30 12:01:03,517678,3123.659372329712
5516,2022-01-30 12:01:23,517678,3209.5746994018555
5517,2022-01-30 12:01:02,517679,3194.540500640869
5518,2022-01-30 12:01:59,517679,3013.620615005493
5519,2022-01-30 05:01:29,517680,3070.5807209014893
5520,2022-01-30 06:01:13,517680,3160.7797145843506
5521,2022-01-31 11:01:35,517686,3067.582845687866
5522,2022-01-31 12:01:03,517686,3194.887399673462
5523,2022-01-31 10:01:18,517687,3031.418800354004
5524,2022-01-31 02:01:19,517688,3091.4080142974854
5525,2022-01-31 02:01:45,517688,3016.105890274048
5526,2022-01-31 04:01:29,517688,3058.992624282837
5527,2022-01-31 12:01:17,517688,3193.2454109191895
5528,2022-01-31 12:01:32,517688,2941.9302940368652
5529,2022-01-31 12:01:55,517688,3038.910150527954
5530,2022-01-31 01:01:12,517689,2931.884288787842
5531,2022-01-31 01:01:19,517689,3125.97918510437
5532,2022-01-31 01:01:49,517689,3083.29176902771
5533,2022-01-31 02:01:04,517689,3118.7400817871094
5534,2022-01-31 02:01:37,517689,2980.963706970215
5535,2022-01-31 04:01:05,517689,3118.0546283721924
5536,2022-01-31 04:01:10,517689,3145.1754570007324
5537,2022-01-31 02:01:12,517690,2943.7310695648193
5538,2022-01-31 02:01:48,517690,3064.9092197418213
5539,2022-01-31 04:01:07,517690,3150.569438934326
5540,2022-01-31 04:01:25,517690,3068.138837814331
5541,2022-01-31 05:01:07,517690,3137.3836994171143
5542,2022-01-31 05:01:13,517690,3123.807668685913
5543,2022-01-31 05:01:16,517690,3094.1476821899414
5544,2022-01-31 06:01:08,517690,3254.497289657593
5545,2022-01-31 06:01:35,517690,2997.37811088562
5546,2022-01-31 06:01:40,517690,3086.5800380706787
5547,2022-01-31 05:01:26,517691,3129.9922466278076
5548,2022-01-31 06:01:04,517691,3145.565986633301
5549,2022-01-31 07:01:50,517691,3119.3368434906006
5550,2022-01-31 08:01:02,517691,3119.995594024658
5551,2022-01-31 08:01:23,517691,2957.7279090881348
5552,2022-01-31 08:01:23,517691,3156.444311141968
5553,2022-01-31 08:01:25,517691,2972.1016883850098
5554,2022-01-31 07:01:20,517692,3060.487985610962
5555,2022-01-31 08:01:40,517692,2953.7203311920166
5556,2022-01-31 08:01:42,517693,2968.0426120758057
5557,2022-01-31 09:01:10,517693,3154.285192489624
5558,2022-01-31 09:01:21,517693,3277.233123779297
5559,2022-01-31 09:01:44,517693,3069.8790550231934
5560,2022-01-31 09:01:48,517693,3111.9186878204346
5561,2022-01-31 10:01:18,517693,3230.1113605499268
5562,2022-01-31 10:01:47,517693,3188.4608268737793
5563,2022-01-31 11:01:25,517693,3271.5704441070557
5564,2022-02-01 12:02:32,517693,3115.570068359375
5565,2022-02-01 12:02:34,517693,3330.343246459961
5566,2022-01-31 10:01:53,517695,2958.5084915161133
5567,2022-02-01 01:02:52,517704,3037.454843521118
5568,2022-02-01 05:02:44,517704,3100.003957748413
5569,2022-02-01 06:02:04,517704,3191.1416053771973
5570,2022-02-01 07:02:12,517704,3173.6607551574707
5571,2022-02-01 08:02:16,517704,3016.51930809021
5572,2022-02-01 09:02:44,517704,3073.814868927002
5573,2022-02-01 10:02:29,517704,3160.8073711395264
5574,2022-02-01 10:02:45,517704,3092.1480655670166
5575,2022-02-01 11:02:05,517704,2956.587314605713
5576,2022-02-01 11:02:17,517704,3200.5252838134766
5577,2022-02-01 11:02:42,517704,3165.0962829589844
5578,2022-02-01 12:02:07,517704,3122.9124069213867
5579,2022-02-01 12:02:09,517704,3195.0197219848633
5580,2022-02-01 12:02:37,517704,3149.88374710083
5581,2022-02-01 12:02:53,517704,3147.578477859497
5582,2022-02-01 01:02:40,517705,3156.611442565918
5583,2022-02-01 12:02:36,517705,3207.9241275787354
5584,2022-02-01 01:02:18,517706,3217.9722785949707
5585,2022-02-01 03:02:31,517706,3056.2989711761475
5586,2022-02-01 02:02:49,517707,3193.6709880828857
5587,2022-02-01 03:02:21,517707,3163.1951332092285
5588,2022-02-01 03:02:16,517709,3046.6811656951904
5589,2022-02-01 05:02:16,517709,3209.2244625091553
5590,2022-02-01 04:02:09,517710,3298.5777854919434
5591,2022-02-01 07:02:52,517714,3196.8326568603516
5592,2022-02-01 07:02:56,517714,2981.574296951294
5593,2022-02-01 08:02:38,517714,3000.5500316619873
5594,2022-02-01 09:02:14,517714,3196.451425552368
5595,2022-02-01 07:02:07,517715,2929.9888610839844
5596,2022-02-01 07:02:04,517716,3077.2273540496826
5597,2022-02-01 08:02:12,517716,3065.5436515808105
5598,2022-02-01 09:02:41,517719,3126.5151500701904
5599,2022-02-01 10:02:32,517719,3080.2981853485107
5600,2022-02-01 09:02:11,517720,3165.6761169433594
5601,2022-02-01 10:02:34,517721,3176.037073135376
5602,2022-02-02 01:02:17,517721,3239.107131958008
5603,2022-02-02 02:02:12,517721,3150.834560394287
5604,2022-02-02 02:02:24,517721,3000.2942085266113
5605,2022-02-02 12:02:49,517721,3126.6393661499023
5606,2022-02-02 02:02:51,517722,3156.0332775115967
5607,2022-02-02 03:02:16,517722,3069.3130493164062
5608,2022-02-02 01:02:24,517723,3286.245822906494
5609,2022-02-02 03:02:26,517723,3033.50567817688
5610,2022-02-02 04:02:18,517723,3118.3621883392334
5611,2022-02-02 05:02:36,517723,3094.3963527679443
5612,2022-02-02 09:02:00,517723,3119.436025619507
5613,2022-02-02 09:02:29,517723,3068.716287612915
5614,2022-02-02 10:02:32,517723,3170.0968742370605
5615,2022-02-02 11:02:16,517723,2954.942226409912
5616,2022-02-02 11:02:55,517723,3121.5009689331055
5617,2022-02-02 12:02:08,517723,3087.5933170318604
5618,2022-02-02 12:02:48,517723,3216.3660526275635
5619,2022-02-02 12:02:18,517724,3238.4116649627686
5620,2022-02-02 12:02:42,517725,3016.078472137451
5621,2022-02-02 03:02:42,517730,3343.6646461486816
5622,2022-02-02 03:02:49,517730,3131.375312805176
5623,2022-02-02 04:02:20,517730,3192.2860145568848
5624,2022-02-02 04:02:43,517730,3176.3291358947754
5625,2022-02-02 05:02:22,517730,3108.5684299468994
5626,2022-02-02 05:02:39,517730,3134.786367416382
5627,2022-02-02 05:02:02,517731,3137.063980102539
5628,2022-02-02 05:02:18,517731,3076.691150665283
5629,2022-02-02 05:02:22,517731,3116.6470050811768
5630,2022-02-02 05:02:25,517731,3147.7789878845215
5631,2022-02-02 06:02:40,517731,3073.5819339752197
5632,2022-02-02 07:02:32,517731,3006.9494247436523
5633,2022-02-02 08:02:23,517731,3149.1336822509766
5634,2022-02-02 05:02:27,517732,3073.2858180999756
5635,2022-02-02 07:02:23,517732,3220.8454608917236
5636,2022-02-02 08:02:31,517732,3138.951539993286
5637,2022-02-02 07:02:52,517733,3221.0562229156494
5638,2022-02-02 08:02:22,517733,3154.3447971343994
5639,2022-02-02 09:02:11,517733,3154.313564300537
5640,2022-02-02 09:02:28,517733,3002.349376678467
5641,2022-02-02 07:02:51,517736,3087.8870487213135
5642,2022-02-02 08:02:22,517736,3126.382827758789
5643,2022-02-02 08:02:45,517736,3131.887435913086
5644,2022-02-02 09:02:13,517736,3214.5321369171143
5645,2022-02-02 10:02:14,517738,3079.1964530944824
5646,2022-02-02 10:02:29,517738,3096.3962078094482
5647,2022-02-02 10:02:31,517738,3181.859254837036
5648,2022-02-02 10:02:37,517738,3052.7102947235107
5649,2022-02-02 11:02:01,517738,3098.734140396118
5650,2022-02-02 11:02:32,517738,3119.896650314331
5651,2022-02-03 12:02:10,517738,3079.0271759033203
5652,2022-02-03 01:02:51,517742,3217.5955772399902
5653,2022-02-03 03:02:21,517742,3080.2605152130127
5654,2022-02-03 01:02:21,517749,3119.5247173309326
5655,2022-02-03 01:02:21,517749,3209.7795009613037
5656,2022-02-03 02:02:46,517749,3172.955274581909
5657,2022-02-03 08:02:04,517749,3166.88871383667
5658,2022-02-03 08:02:45,517749,3249.795913696289
5659,2022-02-03 08:02:46,517749,3172.802209854126
5660,2022-02-03 09:02:30,517749,3115.727663040161
5661,2022-02-03 10:02:01,517749,3163.398504257202
5662,2022-02-03 10:02:01,517749,3303.6575317382812
5663,2022-02-03 10:02:11,517749,3113.8460636138916
5664,2022-02-03 10:02:33,517749,3087.5532627105713
5665,2022-02-03 10:02:50,517749,3015.9149169921875
5666,2022-02-03 11:02:02,517749,3057.459592819214
5667,2022-02-03 11:02:02,517749,3040.642499923706
5668,2022-02-03 11:02:26,517749,3175.07266998291
5669,2022-02-03 12:02:02,517749,3148.6825942993164
5670,2022-02-03 12:02:10,517749,3128.7899017333984
5671,2022-02-03 12:02:45,517749,3279.963970184326
5672,2022-02-03 01:02:37,517750,3004.999876022339
5673,2022-02-03 01:02:48,517750,3084.02943611145
5674,2022-02-03 02:02:41,517750,3041.307210922241
5675,2022-02-03 02:02:46,517751,3142.305612564087
5676,2022-02-03 03:02:54,517751,3108.4985733032227
5677,2022-02-03 02:02:00,517752,3030.6131839752197
5678,2022-02-03 02:02:36,517752,3079.8895359039307
5679,2022-02-03 03:02:03,517752,3069.7221755981445
5680,2022-02-03 03:02:22,517752,3027.6565551757812
5681,2022-02-03 04:02:18,517752,3137.988805770874
5682,2022-02-03 02:02:43,517753,3124.149799346924
5683,2022-02-03 04:02:14,517753,3260.43963432312
5684,2022-02-03 04:02:40,517754,2916.015863418579
5685,2022-02-03 04:02:48,517755,3104.6676635742188
5686,2022-02-03 05:02:02,517755,3087.46600151062
5687,2022-02-03 06:02:57,517755,3133.967876434326
5688,2022-02-03 05:02:15,517756,3173.961400985718
5689,2022-02-03 05:02:27,517756,2998.030662536621
5690,2022-02-03 05:02:30,517756,3149.7738361358643
5691,2022-02-03 05:02:58,517756,3049.7219562530518
5692,2022-02-03 06:02:40,517756,3184.6578121185303
5693,2022-02-03 07:02:26,517760,3131.1135292053223
5694,2022-02-03 09:02:16,517760,3125.764846801758
5695,2022-02-03 08:02:48,517761,3186.997413635254
5696,2022-02-03 08:02:09,517763,3218.0492877960205
5697,2022-02-03 08:02:27,517763,3109.51566696167
5698,2022-02-03 10:02:23,517765,3050.0285625457764
5699,2022-02-03 11:02:31,517765,3079.2558193206787
5700,2022-02-04 03:02:02,517768,3137.9024982452393
5701,2022-02-04 03:02:11,517770,3035.8686447143555
5702,2022-02-04 04:02:18,517770,3049.0562915802
5703,2022-02-04 05:02:47,517770,3089.160203933716
5704,2022-02-04 05:02:38,517771,3029.0756225585938
5705,2022-02-04 07:02:32,517771,3088.054418563843
5706,2022-02-04 08:02:43,517771,3049.6575832366943
5707,2022-02-04 09:02:30,517771,3248.929023742676
5708,2022-02-04 09:02:35,517772,3024.961471557617
5709,2022-02-04 11:02:33,517772,3187.960386276245
5710,2022-02-04 10:02:32,517773,3143.941879272461
5711,2022-02-04 10:02:56,517773,3078.631639480591
5712,2022-02-04 11:02:46,517773,3180.4039478302
5713,2022-02-04 11:02:49,517773,3265.8402919769287
5714,2022-02-04 12:02:00,517773,3047.3644733428955
5715,2022-02-04 12:02:00,517773,3113.190174102783
5716,2022-02-04 01:02:01,517774,3202.193021774292
5717,2022-02-04 11:02:47,517774,3216.088056564331
5718,2022-02-04 11:02:47,517774,3037.444591522217
5719,2022-02-04 12:02:17,517774,3118.5264587402344
5720,2022-02-04 12:02:32,517774,3151.1950492858887
5721,2022-02-04 12:02:54,517774,2957.5295448303223
5722,2022-02-04 01:02:45,517776,3182.612895965576
5723,2022-02-04 01:02:47,517777,3281.702995300293
5724,2022-02-04 02:02:04,517777,3156.4273834228516
5725,2022-02-04 03:02:01,517777,3201.263427734375
5726,2022-02-04 01:02:08,517778,3110.403299331665
5727,2022-02-04 02:02:59,517778,3202.568292617798
5728,2022-02-04 02:02:47,517779,3110.5706691741943
5729,2022-02-04 03:02:41,517782,3083.282470703125
5730,2022-02-04 04:02:05,517782,3282.7212810516357
5731,2022-02-04 04:02:58,517783,2946.1898803710938
5732,2022-02-04 05:02:08,517783,3057.0297241210938
5733,2022-02-04 05:02:09,517786,3218.6172008514404
5734,2022-02-04 05:02:38,517787,2989.8316860198975
5735,2022-02-04 06:02:04,517787,3045.7441806793213
5736,2022-02-04 07:02:42,517787,3216.3045406341553
5737,2022-02-04 08:02:37,517787,3133.535146713257
5738,2022-02-04 07:02:16,517788,3088.9713764190674
5739,2022-02-04 08:02:15,517788,3253.5243034362793
5740,2022-02-04 07:02:21,517789,2958.3559036254883
5741,2022-02-04 07:02:30,517789,3142.274856567383
5742,2022-02-04 08:02:24,517789,3193.848133087158
5743,2022-02-04 08:02:53,517789,3202.96049118042
5744,2022-02-04 08:02:54,517789,3063.1327629089355
5745,2022-02-04 08:02:56,517789,3131.216526031494
5746,2022-02-04 09:02:06,517789,3138.834238052368
5747,2022-02-04 08:02:04,517790,3142.549514770508
5748,2022-02-04 08:02:40,517790,2966.7491912841797
5749,2022-02-04 11:02:43,517792,3059.860944747925
5750,2022-02-05 12:02:39,517795,2967.236280441284
5751,2022-02-05 04:02:55,517799,3160.912275314331
5752,2022-02-05 05:02:54,517799,3249.2499351501465
5753,2022-02-05 05:02:34,517800,2950.711488723755
5754,2022-02-05 06:02:25,517800,3060.2004528045654
5755,2022-02-05 09:02:14,517800,3094.158411026001
5756,2022-02-06 02:02:50,517801,3060.0075721740723
5757,2022-02-06 07:02:41,517801,3076.683759689331
5758,2022-02-06 08:02:11,517801,3160.6438159942627
5759,2022-02-06 08:02:31,517801,3078.9077281951904
5760,2022-02-06 09:02:20,517801,3079.5254707336426
5761,2022-02-06 09:02:37,517801,3100.944757461548
5762,2022-02-07 05:02:14,517801,3035.578966140747
5763,2022-02-07 05:02:49,517801,3210.303544998169
5764,2022-02-07 05:02:59,517801,3173.40087890625
5765,2022-02-07 06:02:07,517801,3144.0632343292236
5766,2022-02-07 06:02:03,517802,3050.9262084960938
5767,2022-02-07 06:02:36,517802,3053.4658432006836
5768,2022-02-07 07:02:00,517802,3215.7394886016846
5769,2022-02-07 07:02:17,517802,3162.1334552764893
5770,2022-02-07 07:02:59,517802,3140.5160427093506
5771,2022-02-07 09:02:22,517802,3093.0817127227783
5772,2022-02-07 09:02:51,517802,3133.391857147217
5773,2022-02-07 09:02:52,517802,3031.806468963623
5774,2022-02-07 10:02:00,517802,2982.7518463134766
5775,2022-02-07 10:02:15,517802,2992.47145652771
5776,2022-02-07 11:02:57,517802,2933.2220554351807
5777,2022-02-07 01:02:44,517803,3107.876777648926
5778,2022-02-07 11:02:24,517803,3013.13853263855
5779,2022-02-07 12:02:51,517803,3149.4834423065186
5780,2022-02-07 01:02:18,517804,3121.5977668762207
5781,2022-02-07 01:02:28,517804,3011.7907524108887
5782,2022-02-07 01:02:54,517804,3028.369665145874
5783,2022-02-07 02:02:30,517804,3147.2089290618896
5784,2022-02-07 02:02:43,517804,3026.6335010528564
5785,2022-02-07 12:02:08,517804,3047.8224754333496
5786,2022-02-07 12:02:09,517804,3142.2901153564453
5787,2022-02-07 02:02:16,517805,3146.3873386383057
5788,2022-02-07 02:02:33,517805,3195.6326961517334
5789,2022-02-07 02:02:36,517805,3172.5738048553467
5790,2022-02-07 02:02:39,517805,3039.1223430633545
5791,2022-02-07 03:02:11,517805,3060.6086254119873
5792,2022-02-07 03:02:45,517805,3081.890106201172
5793,2022-02-08 07:02:12,517805,2953.3305168151855
5794,2022-02-07 02:02:43,517806,2996.3414669036865
5795,2022-02-07 02:02:44,517806,3223.2041358947754
5796,2022-02-07 04:02:00,517806,3299.189567565918
5797,2022-02-07 04:02:55,517806,3197.0317363739014
5798,2022-02-07 04:02:55,517806,3289.4885540008545
5799,2022-02-07 05:02:24,517806,3227.804183959961
5800,2022-02-07 05:02:48,517806,3099.1830825805664
5801,2022-02-07 06:02:04,517806,3144.604444503784
5802,2022-02-07 06:02:23,517806,3214.841842651367
5803,2022-02-07 06:02:46,517806,2983.786106109619
5804,2022-02-07 07:02:16,517806,3094.1739082336426
5805,2022-02-07 07:02:23,517806,3092.4501419067383
5806,2022-02-07 08:02:37,517806,3104.430675506592
5807,2022-02-07 08:02:50,517806,3264.1992568969727
5808,2022-02-07 08:02:09,517807,3172.8670597076416
5809,2022-02-07 09:02:44,517807,3242.260694503784
5810,2022-02-07 08:02:01,517809,3181.626558303833
5811,2022-02-07 09:02:30,517809,3045.390844345093
5812,2022-02-07 08:02:15,517810,3055.5121898651123
5813,2022-02-07 10:02:58,517810,3151.8630981445312
5814,2022-02-07 09:02:11,517811,3114.1979694366455
5815,2022-02-07 10:02:44,517811,3165.5848026275635
5816,2022-02-07 09:02:30,517812,3018.2220935821533
5817,2022-02-07 10:02:10,517812,3065.376043319702
5818,2022-02-07 11:02:27,517815,3075.17147064209
5819,2022-02-07 11:02:11,517816,3195.0905323028564
5820,2022-02-08 12:02:27,517820,3125.6790161132812
5821,2022-02-08 02:02:31,517822,3171.959161758423
5822,2022-02-08 04:02:46,517823,3177.527666091919
5823,2022-02-08 05:02:15,517823,3233.68501663208
5824,2022-02-08 04:02:23,517824,3005.6533813476562
5825,2022-02-08 05:02:02,517824,3147.1188068389893
5826,2022-02-08 06:02:38,517824,3083.9104652404785
5827,2022-02-08 06:02:11,517825,3081.5627574920654
5828,2022-02-08 06:02:23,517825,3118.3438301086426
5829,2022-02-08 08:02:18,517825,3236.051082611084
5830,2022-02-08 10:02:51,517831,3170.419692993164
5831,2022-02-08 10:02:03,517832,2990.2288913726807
5832,2022-02-08 10:02:32,517832,3044.1343784332275
5833,2022-02-08 01:02:24,517833,3191.707134246826
5834,2022-02-08 01:02:26,517833,3116.5647506713867
5835,2022-02-08 08:02:19,517835,3205.9197425842285
5836,2022-02-08 08:02:05,517836,2982.548952102661
5837,2022-02-08 08:02:52,517836,3031.209945678711
5838,2022-02-08 09:02:01,517836,3115.823984146118
5839,2022-02-08 09:02:19,517836,3086.005687713623
5840,2022-02-08 09:02:58,517836,3319.756031036377
5841,2022-02-08 10:02:08,517836,3164.322853088379
5842,2022-02-08 10:02:26,517836,3156.2604904174805
5843,2022-02-08 10:02:47,517836,3108.8829040527344
5844,2022-02-08 11:02:10,517836,3133.3372592926025
5845,2022-02-09 12:02:23,517836,3079.824209213257
5846,2022-02-08 11:02:03,517837,3070.7900524139404
5847,2022-02-08 11:02:09,517837,3161.92889213562
5848,2022-02-08 11:02:31,517837,3119.4074153900146
5849,2022-02-09 01:02:32,517837,2964.106798171997
5850,2022-02-08 11:02:23,517838,3102.7438640594482
5851,2022-02-09 01:02:09,517838,3198.1780529022217
5852,2022-02-09 01:02:16,517838,3164.9532318115234
5853,2022-02-09 01:02:21,517838,3058.8202476501465
5854,2022-02-09 01:02:28,517838,3127.276659011841
5855,2022-02-09 01:02:31,517838,3174.9720573425293
5856,2022-02-09 01:02:51,517838,2983.541250228882
5857,2022-02-09 01:02:53,517838,3304.6066761016846
5858,2022-02-09 01:02:54,517838,3189.1467571258545
5859,2022-02-09 03:02:14,517838,3181.8127632141113
5860,2022-02-09 12:02:52,517838,3256.8016052246094
5861,2022-02-09 12:02:54,517838,3105.7517528533936
5862,2022-02-09 02:02:41,517839,3185.711145401001
5863,2022-02-09 02:02:00,517840,3227.3378372192383
5864,2022-02-09 02:02:24,517840,3136.0177993774414
5865,2022-02-09 02:02:25,517840,3069.7174072265625
5866,2022-02-09 02:02:40,517840,3146.118640899658
5867,2022-02-09 02:02:52,517840,3211.866855621338
5868,2022-02-09 03:02:09,517840,3197.5648403167725
5869,2022-02-09 04:02:33,517840,3117.1581745147705
5870,2022-02-09 04:02:38,517840,3138.532876968384
5871,2022-02-09 03:02:11,517843,3116.6858673095703
5872,2022-02-09 04:02:29,517843,2994.32635307312
5873,2022-02-09 04:02:36,517843,3176.042318344116
5874,2022-02-09 04:02:42,517843,3610.14986038208
5875,2022-02-09 06:02:08,517843,3145.4684734344482
5876,2022-02-09 06:02:11,517843,3127.420425415039
5877,2022-02-09 05:02:06,517844,3211.8046283721924
5878,2022-02-09 05:02:27,517844,3113.8432025909424
5879,2022-02-09 06:02:24,517844,2991.8978214263916
5880,2022-02-09 06:02:30,517845,3164.0870571136475
5881,2022-02-09 06:02:33,517845,3148.144483566284
5882,2022-02-09 07:02:21,517845,3009.110689163208
5883,2022-02-09 09:02:32,517850,3190.150260925293
5884,2022-02-09 09:02:41,517850,3250.4067420959473
5885,2022-02-09 10:02:12,517851,3327.8648853302
5886,2022-02-09 01:02:07,517852,3114.783525466919
5887,2022-02-09 01:02:43,517852,3235.830783843994
5888,2022-02-09 02:02:14,517852,3240.4205799102783
5889,2022-02-09 02:02:15,517852,3130.685567855835
5890,2022-02-09 12:02:11,517852,3090.852975845337
5891,2022-02-09 01:02:04,517853,3150.8803367614746
5892,2022-02-09 01:02:42,517855,3306.378126144409
5893,2022-02-09 03:02:12,517855,3184.4847202301025
5894,2022-02-09 02:02:15,517856,3107.736587524414
5895,2022-02-09 02:02:19,517856,3153.608798980713
5896,2022-02-09 03:02:28,517856,3152.5797843933105
5897,2022-02-09 03:02:35,517856,3178.630828857422
5898,2022-02-09 04:02:25,517856,3260.0526809692383
5899,2022-02-09 04:02:26,517856,3282.396078109741
5900,2022-02-09 04:02:08,517861,3157.8848361968994
5901,2022-02-09 05:02:06,517861,3145.587921142578
5902,2022-02-09 06:02:08,517861,3236.556053161621
5903,2022-02-09 06:02:30,517863,3174.682140350342
5904,2022-02-09 07:02:25,517863,2993.6306476593018
5905,2022-02-09 08:02:34,517863,2992.756128311157
5906,2022-02-09 07:02:33,517864,3132.7202320098877
5907,2022-02-09 09:02:56,517864,3048.2027530670166
5908,2022-02-09 09:02:06,517868,3259.992837905884
5909,2022-02-09 10:02:27,517868,3116.8320178985596
5910,2022-02-09 10:02:56,517868,3190.0627613067627
5911,2022-02-09 11:02:26,517868,3227.3621559143066
5912,2022-02-09 11:02:41,517868,3237.6575469970703
5913,2022-02-09 11:02:42,517868,3229.9604415893555
5914,2022-02-09 10:02:19,517869,3145.3118324279785
5915,2022-02-10 12:02:38,517869,3285.6597900390625
5916,2022-02-10 01:02:27,517872,3179.081678390503
5917,2022-02-10 03:02:40,517872,3313.01212310791
5918,2022-02-10 05:02:58,517873,3283.0092906951904
5919,2022-02-10 05:02:48,517875,3086.3876342773438
5920,2022-02-10 06:02:15,517875,3327.521324157715
5921,2022-02-10 06:02:31,517875,3147.8493213653564
5922,2022-02-10 06:02:11,517876,3293.9774990081787
5923,2022-02-10 06:02:22,517876,3117.6910400390625
5924,2022-02-10 01:02:30,517878,3230.121374130249
5925,2022-02-10 01:02:35,517878,3109.435796737671
5926,2022-02-10 09:02:49,517878,3205.8236598968506
5927,2022-02-10 09:02:50,517878,3178.1845092773438
5928,2022-02-10 10:02:20,517878,3248.387336730957
5929,2022-02-10 11:02:02,517878,3228.280782699585
5930,2022-02-10 11:02:22,517878,3059.809684753418
5931,2022-02-10 11:02:23,517878,3217.135190963745
5932,2022-02-10 12:02:20,517878,3026.5839099884033
5933,2022-02-10 12:02:32,517878,3228.2891273498535
5934,2022-02-10 12:02:48,517878,3071.354627609253
5935,2022-02-10 02:02:38,517879,3121.0384368896484
5936,2022-02-10 12:02:25,517879,3046.1652278900146
5937,2022-02-10 12:02:49,517879,3219.764471054077
5938,2022-02-10 01:02:56,517881,3274.2533683776855
5939,2022-02-10 01:02:56,517881,3244.9748516082764
5940,2022-02-10 02:02:31,517881,3068.493127822876
5941,2022-02-10 01:02:19,517882,3087.207078933716
5942,2022-02-10 03:02:47,517882,3154.6270847320557
5943,2022-02-10 02:02:35,517883,3219.512462615967
5944,2022-02-10 03:02:46,517883,3302.107334136963
5945,2022-02-10 03:02:08,517885,3086.5108966827393
5946,2022-02-10 03:02:29,517885,3110.6162071228027
5947,2022-02-10 03:02:14,517886,3203.8626670837402
5948,2022-02-10 04:02:58,517886,3212.3959064483643
5949,2022-02-10 07:02:04,517888,2975.8262634277344
5950,2022-02-10 07:02:15,517888,3130.9266090393066
5951,2022-02-10 08:02:18,517888,3223.8333225250244
5952,2022-02-10 08:02:40,517888,3084.8472118377686
5953,2022-02-10 09:02:10,517888,3180.6013584136963
5954,2022-02-10 09:02:28,517888,3199.1796493530273
5955,2022-02-10 07:02:28,517890,3041.459798812866
5956,2022-02-10 08:02:04,517890,3165.210962295532
5957,2022-02-10 09:02:57,517890,3100.7702350616455
5958,2022-02-10 10:02:34,517890,3134.72843170166
5959,2022-02-10 10:02:46,517890,3022.616147994995
5960,2022-02-10 08:02:20,517891,3131.821393966675
5961,2022-02-10 09:02:55,517891,3137.291669845581
5962,2022-02-10 08:02:15,517892,3029.684066772461
5963,2022-02-10 09:02:58,517894,3186.8767738342285
5964,2022-02-10 10:02:43,517895,3095.0968265533447
5965,2022-02-11 12:02:12,517895,3051.187753677368
5966,2022-02-11 12:02:50,517895,3094.943046569824
5967,2022-02-11 12:02:51,517895,3209.9812030792236
5968,2022-02-10 11:02:55,517896,3148.592710494995
5969,2022-02-11 12:02:58,517896,3144.6971893310547
5970,2022-02-11 01:02:53,517897,3131.7451000213623
5971,2022-02-11 12:02:19,517897,3086.9526863098145
5972,2022-02-11 01:02:46,517898,3092.6918983459473
5973,2022-02-11 12:02:07,517898,3044.2066192626953
5974,2022-02-11 01:02:37,517902,3317.6393508911133
5975,2022-02-11 01:02:38,517902,2996.8783855438232
5976,2022-02-11 01:02:42,517902,3227.372407913208
5977,2022-02-11 01:02:44,517902,3071.6428756713867
5978,2022-02-11 01:02:58,517902,3213.121175765991
5979,2022-02-11 02:02:11,517902,3030.027151107788
5980,2022-02-11 02:02:49,517902,3149.548292160034
5981,2022-02-11 06:02:04,517902,3082.9813480377197
5982,2022-02-11 06:02:30,517902,3080.885410308838
5983,2022-02-11 07:02:28,517902,3006.0572624206543
5984,2022-02-11 07:02:35,517902,3154.6266078948975
5985,2022-02-11 09:02:19,517902,3179.981231689453
5986,2022-02-11 09:02:32,517902,3248.030662536621
5987,2022-02-11 09:02:34,517902,3172.4541187286377
5988,2022-02-11 09:02:36,517902,3126.2552738189697
5989,2022-02-11 09:02:54,517902,3143.742084503174
5990,2022-02-11 10:02:00,517902,3047.787666320801
5991,2022-02-11 10:02:15,517902,3149.9075889587402
5992,2022-02-11 10:02:47,517902,3098.9983081817627
5993,2022-02-11 10:02:56,517902,3245.368242263794
5994,2022-02-11 11:02:07,517902,3115.888833999634
5995,2022-02-11 11:02:20,517902,3059.4966411590576
5996,2022-02-11 11:02:27,517902,3187.8693103790283
5997,2022-02-11 12:02:16,517902,3263.8838291168213
5998,2022-02-11 12:02:19,517902,3040.0607585906982
5999,2022-02-11 12:02:29,517902,3124.4406700134277
6000,2022-02-11 01:02:49,517903,3073.9481449127197
6001,2022-02-11 02:02:49,517904,3221.0617065429688
6002,2022-02-11 04:02:04,517904,3111.915111541748
6003,2022-02-11 02:02:37,517905,3099.201202392578
6004,2022-02-11 02:02:39,517905,3218.888998031616
6005,2022-02-11 02:02:56,517905,3007.8094005584717
6006,2022-02-11 02:02:58,517905,3170.501708984375
6007,2022-02-11 03:02:09,517905,3249.4428157806396
6008,2022-02-11 03:02:43,517905,3122.541904449463
6009,2022-02-11 04:02:56,517905,3222.7790355682373
6010,2022-02-11 03:02:49,517906,3131.354570388794
6011,2022-02-11 04:02:40,517906,3003.4639835357666
6012,2022-02-11 05:02:23,517910,2970.9794521331787
6013,2022-02-11 05:02:56,517910,2961.3614082336426
6014,2022-02-11 06:02:57,517910,3174.290418624878
6015,2022-02-11 06:02:10,517912,2958.2509994506836
6016,2022-02-11 06:02:48,517912,3040.635824203491
6017,2022-02-11 07:02:41,517912,3053.6532402038574
6018,2022-02-11 09:02:06,517912,3087.0909690856934
6019,2022-02-11 08:02:23,517914,3093.919515609741
6020,2022-02-11 09:02:35,517915,3189.0599727630615
6021,2022-02-11 10:02:56,517915,3109.69877243042
6022,2022-02-11 11:02:25,517919,3175.0288009643555
6023,2022-02-12 01:02:33,517919,3158.040761947632
6024,2022-02-12 01:02:47,517919,3216.978073120117
6025,2022-02-12 02:02:14,517919,3126.307487487793
6026,2022-02-12 01:02:08,517920,3095.046043395996
6027,2022-02-12 01:02:34,517920,3118.7703609466553
6028,2022-02-12 02:02:15,517920,3126.1725425720215
6029,2022-02-12 02:02:16,517920,3212.131977081299
6030,2022-02-12 08:02:21,517922,3319.7858333587646
6031,2022-02-12 10:02:05,517922,3130.4304599761963
6032,2022-02-12 10:02:11,517922,3112.250566482544
6033,2022-02-12 10:02:11,517922,3225.3684997558594
6034,2022-02-12 04:02:33,517924,3239.6626472473145
6035,2022-02-12 05:02:47,517924,3084.4550132751465
6036,2022-02-12 08:02:35,517924,3174.1650104522705
6037,2022-02-13 03:02:07,517925,3178.1742572784424
6038,2022-02-13 02:02:49,517926,3037.6453399658203
6039,2022-02-13 03:02:44,517926,3134.6447467803955
6040,2022-02-13 05:02:10,517926,3064.3653869628906
6041,2022-02-13 12:02:47,517926,3161.9577407836914
6042,2022-02-14 01:02:30,517928,3171.8297004699707
6043,2022-02-14 02:02:04,517928,3218.4290885925293
6044,2022-02-14 02:02:59,517928,3022.576093673706
6045,2022-02-14 03:02:37,517928,3111.4342212677
6046,2022-02-14 03:02:52,517928,3181.0574531555176
6047,2022-02-14 04:02:37,517928,3078.568696975708
6048,2022-02-14 04:02:39,517928,2972.724199295044
6049,2022-02-14 04:02:49,517928,3164.8552417755127
6050,2022-02-14 05:02:16,517928,3081.402063369751
6051,2022-02-14 05:02:18,517928,3058.333396911621
6052,2022-02-14 05:02:43,517928,3112.498998641968
6053,2022-02-14 05:02:46,517928,3259.312391281128
6054,2022-02-14 05:02:53,517928,3231.0245037078857
6055,2022-02-14 01:02:50,517929,3151.3259410858154
6056,2022-02-14 01:02:59,517929,3242.065906524658
6057,2022-02-14 02:02:58,517929,3253.530263900757
6058,2022-02-14 05:02:13,517929,3269.465923309326
6059,2022-02-14 05:02:19,517929,3126.765012741089
6060,2022-02-14 06:02:33,517929,3110.313892364502
6061,2022-02-14 06:02:37,517929,3095.875024795532
6062,2022-02-14 08:02:15,517929,3065.581798553467
6063,2022-02-14 09:02:27,517929,3211.728572845459
6064,2022-02-14 09:02:53,517929,3129.73690032959
6065,2022-02-14 09:02:27,517930,3311.051368713379
6066,2022-02-14 01:02:39,517931,3109.37237739563
6067,2022-02-14 03:02:02,517931,3116.903305053711
6068,2022-02-14 04:02:37,517931,3173.7754344940186
6069,2022-02-14 02:02:05,517932,2961.6785049438477
6070,2022-02-14 03:02:28,517932,3077.519178390503
6071,2022-02-14 04:02:00,517932,3330.735206604004
6072,2022-02-14 04:02:24,517932,3293.0235862731934
6073,2022-02-14 04:02:26,517932,3288.3317470550537
6074,2022-02-14 04:02:40,517932,3080.0113677978516
6075,2022-02-14 05:02:02,517932,3097.541093826294
6076,2022-02-14 05:02:38,517932,3144.847631454468
6077,2022-02-14 06:02:39,517932,3174.1011142730713
6078,2022-02-14 07:02:08,517932,3126.7828941345215
6079,2022-02-14 07:02:13,517932,3201.432704925537
6080,2022-02-14 07:02:52,517932,3132.8721046447754
6081,2022-02-14 07:02:52,517932,3095.041275024414
6082,2022-02-14 07:02:57,517932,3114.0928268432617
6083,2022-02-14 08:02:11,517932,3148.134708404541
6084,2022-02-14 08:02:11,517932,3195.9593296051025
6085,2022-02-14 08:02:28,517932,3316.8985843658447
6086,2022-02-14 09:02:00,517932,3033.2109928131104
6087,2022-02-14 09:02:21,517932,2973.8051891326904
6088,2022-02-14 10:02:02,517932,3021.3212966918945
6089,2022-02-14 11:02:25,517932,3157.6972007751465
6090,2022-02-14 11:02:32,517932,3090.0096893310547
6091,2022-02-14 09:02:29,517933,3023.956298828125
6092,2022-02-14 09:02:47,517933,3108.3827018737793
6093,2022-02-14 11:02:13,517933,3152.6594161987305
6094,2022-02-14 10:02:50,517934,3189.662218093872
6095,2022-02-14 11:02:51,517934,3228.5189628601074
6096,2022-02-14 10:02:04,517936,3133.9316368103027
6097,2022-02-14 10:02:26,517936,3011.2733840942383
6098,2022-02-14 10:02:50,517936,3009.688377380371
6099,2022-02-14 11:02:34,517936,3077.4805545806885
6100,2022-02-15 01:02:21,517936,3144.8686122894287
6101,2022-02-15 01:02:48,517936,3238.197088241577
6102,2022-02-15 12:02:03,517936,3135.7405185699463
6103,2022-02-15 12:02:32,517936,3207.601308822632
6104,2022-02-15 12:02:36,517936,3120.2340126037598
6105,2022-02-15 12:02:59,517936,3086.79461479187
6106,2022-02-15 01:02:50,517937,3141.240358352661
6107,2022-02-15 02:02:19,517937,3124.666452407837
6108,2022-02-15 02:02:51,517937,3068.5510635375977
6109,2022-02-15 12:02:16,517937,3080.6777477264404
6110,2022-02-15 03:02:26,517939,3158.3471298217773
6111,2022-02-15 04:02:02,517939,3305.523157119751
6112,2022-02-15 04:02:23,517939,3123.9469051361084
6113,2022-02-15 06:02:12,517939,3148.1661796569824
6114,2022-02-15 05:02:02,517940,3145.0932025909424
6115,2022-02-15 05:02:54,517940,3058.673858642578
6116,2022-02-15 07:02:32,517940,3174.949884414673
6117,2022-02-15 06:02:58,517941,3078.6192417144775
6118,2022-02-15 08:02:44,517941,3055.2098751068115
6119,2022-02-15 08:02:43,517948,3133.1422328948975
6120,2022-02-15 09:02:36,517948,3046.297311782837
6121,2022-02-15 10:02:10,517948,3141.2816047668457
6122,2022-02-15 10:02:45,517948,3092.6010608673096
6123,2022-02-15 09:02:27,517950,3126.9259452819824
6124,2022-02-15 11:02:05,517950,3101.518154144287
6125,2022-02-15 10:02:50,517951,3009.5572471618652
6126,2022-02-15 11:02:04,517951,3207.3135375976562
6127,2022-02-15 12:02:22,517951,3168.020486831665
6128,2022-02-15 12:02:37,517951,3217.435598373413
6129,2022-02-15 01:02:48,517954,3176.726818084717
6130,2022-02-15 12:02:18,517954,3222.428321838379
6131,2022-02-15 12:02:19,517954,3200.519323348999
6132,2022-02-15 12:02:29,517954,3190.3326511383057
6133,2022-02-15 05:02:14,517957,3177.295923233032
6134,2022-02-15 09:02:12,517959,3110.0072860717773
6135,2022-02-15 09:02:48,517959,3157.944917678833
6136,2022-02-15 09:02:57,517959,3232.9812049865723
6137,2022-02-15 10:02:59,517959,3024.1599082946777
6138,2022-02-15 11:02:28,517959,3085.257053375244
6139,2022-02-15 11:02:29,517959,2993.602514266968
6140,2022-02-15 10:02:39,517960,3192.0433044433594
6141,2022-02-15 11:02:02,517960,3077.7413845062256
6142,2022-02-15 11:02:31,517960,3266.968250274658
6143,2022-02-15 11:02:57,517960,3223.9410877227783
6144,2022-02-16 01:02:48,517960,3064.558982849121
6145,2022-02-16 12:02:04,517960,3126.934289932251
6146,2022-02-15 11:02:32,517961,3373.83770942688
6147,2022-02-15 11:02:53,517961,3272.6759910583496
6148,2022-02-16 01:02:06,517961,3165.6346321105957
6149,2022-02-16 02:02:14,517961,3106.7745685577393
6150,2022-02-16 02:02:29,517961,3102.3101806640625
6151,2022-02-16 02:02:53,517961,3211.7562294006348
6152,2022-02-16 01:02:04,517962,3144.730806350708
6153,2022-02-16 12:02:34,517962,3209.815263748169
6154,2022-02-16 04:02:21,517965,2965.488910675049
6155,2022-02-16 04:02:57,517965,3175.3013134002686
6156,2022-02-16 05:02:30,517965,3166.822671890259
6157,2022-02-16 05:02:39,517965,3303.699016571045
6158,2022-02-16 06:02:46,517965,3096.0896015167236
6159,2022-02-16 06:02:54,517966,3087.8915786743164
6160,2022-02-16 06:02:01,517967,3340.3615951538086
6161,2022-02-16 06:02:18,517967,3028.6495685577393
6162,2022-02-16 07:02:22,517967,3202.0795345306396
6163,2022-02-16 08:02:15,517971,3113.0106449127197
6164,2022-02-16 09:02:29,517971,3143.1546211242676
6165,2022-02-16 09:02:38,517971,3094.118118286133
6166,2022-02-16 09:02:51,517971,3014.017105102539
6167,2022-02-16 10:02:35,517971,3199.763059616089
6168,2022-02-16 10:02:50,517971,3242.2940731048584
6169,2022-02-16 10:02:51,517971,3072.2804069519043
6170,2022-02-16 10:02:54,517971,3215.7602310180664
6171,2022-02-16 01:02:22,517972,3141.8044567108154
6172,2022-02-16 01:02:59,517972,3177.6161193847656
6173,2022-02-16 02:02:23,517972,3224.05743598938
6174,2022-02-16 02:02:28,517972,3264.831304550171
6175,2022-02-16 11:02:31,517972,2983.175039291382
6176,2022-02-16 11:02:35,517972,3206.1994075775146
6177,2022-02-16 11:02:40,517972,3151.480197906494
6178,2022-02-16 11:02:45,517972,2946.629524230957
6179,2022-02-16 01:02:02,517974,3188.652992248535
6180,2022-02-16 01:02:43,517974,3189.0227794647217
6181,2022-02-16 12:02:56,517974,3154.160499572754
6182,2022-02-16 01:02:18,517975,3118.647813796997
6183,2022-02-16 02:02:05,517975,3169.8503494262695
6184,2022-02-16 01:02:02,517976,3181.57696723938
6185,2022-02-16 03:02:19,517976,3229.6414375305176
6186,2022-02-16 02:02:20,517977,3205.73353767395
6187,2022-02-16 02:02:32,517977,3028.742790222168
6188,2022-02-16 02:02:53,517977,3097.1591472625732
6189,2022-02-16 02:02:59,517978,3325.9150981903076
6190,2022-02-16 04:02:05,517985,3166.9235229492188
6191,2022-02-16 05:02:10,517987,3127.0785331726074
6192,2022-02-16 05:02:18,517987,3127.291440963745
6193,2022-02-16 06:02:45,517987,3021.076202392578
6194,2022-02-16 07:02:55,517990,3105.2279472351074
6195,2022-02-16 08:02:15,517990,3153.3613204956055
6196,2022-02-16 08:02:11,517993,3137.481451034546
6197,2022-02-16 08:02:55,517994,3808.2680702209473
6198,2022-02-16 09:02:05,517994,3271.369457244873
6199,2022-02-16 09:02:45,517996,3109.405040740967
6200,2022-02-16 10:02:54,517997,3143.9404487609863
6201,2022-02-17 01:02:54,518005,3096.5287685394287
6202,2022-02-17 02:02:17,518005,3082.9601287841797
6203,2022-02-17 03:02:35,518005,3186.405658721924
6204,2022-02-17 03:02:39,518005,3123.044967651367
6205,2022-02-17 04:02:12,518005,3267.1422958374023
6206,2022-02-17 04:02:24,518005,3026.3402462005615
6207,2022-02-17 04:02:31,518007,2966.4528369903564
6208,2022-02-17 05:02:15,518007,3074.510097503662
6209,2022-02-17 07:02:11,518007,3014.3654346466064
6210,2022-02-17 09:02:06,518007,3167.2027111053467
6211,2022-02-17 09:02:19,518007,3164.726734161377
6212,2022-02-17 10:02:19,518007,3090.8961296081543
6213,2022-02-17 10:02:28,518007,3130.5060386657715
6214,2022-02-17 11:02:53,518009,3090.614080429077
6215,2022-02-17 12:02:05,518009,3092.48423576355
6216,2022-02-17 12:02:18,518009,3078.340530395508
6217,2022-02-17 12:02:24,518009,3064.051866531372
6218,2022-02-17 01:02:35,518011,3217.9434299468994
6219,2022-02-17 01:02:36,518011,3302.285671234131
6220,2022-02-17 02:02:03,518011,3129.1139125823975
6221,2022-02-17 02:02:21,518011,3167.328119277954
6222,2022-02-17 03:02:47,518011,3229.8076152801514
6223,2022-02-17 04:02:07,518013,3207.0157527923584
6224,2022-02-17 04:02:13,518013,3182.9638481140137
6225,2022-02-17 04:02:47,518013,3102.8366088867188
6226,2022-02-17 04:02:57,518013,3011.8637084960938
6227,2022-02-17 05:02:45,518013,3117.298126220703
6228,2022-02-17 05:02:48,518013,3030.531406402588
6229,2022-02-17 05:02:50,518013,3114.086151123047
6230,2022-02-17 05:02:54,518013,2999.403238296509
6231,2022-02-17 06:02:41,518013,3276.3671875
6232,2022-02-17 07:02:22,518013,3024.0602493286133
6233,2022-02-17 06:02:15,518014,3035.954236984253
6234,2022-02-17 07:02:15,518015,3020.827054977417
6235,2022-02-17 07:02:16,518015,3146.305799484253
6236,2022-02-17 07:02:53,518015,3226.0239124298096
6237,2022-02-17 07:02:59,518015,3055.1068782806396
6238,2022-02-17 08:02:56,518015,3206.247329711914
6239,2022-02-17 09:02:02,518015,3136.063814163208
6240,2022-02-17 09:02:33,518015,3155.256748199463
6241,2022-02-17 09:02:55,518015,3179.083824157715
6242,2022-02-17 08:02:16,518018,3129.554510116577
6243,2022-02-17 10:02:56,518018,3229.3448448181152
6244,2022-02-17 08:02:13,518019,3120.619535446167
6245,2022-02-17 09:02:01,518019,3220.759391784668
6246,2022-02-17 09:02:23,518019,3024.7104167938232
6247,2022-02-17 09:02:46,518019,3113.34490776062
6248,2022-02-17 11:02:22,518019,3148.0181217193604
6249,2022-02-17 11:02:45,518019,3044.2090034484863
6250,2022-02-17 11:02:47,518019,3063.338041305542
6251,2022-02-17 11:02:57,518019,3112.4956607818604
6252,2022-02-17 11:02:49,518021,3115.92698097229
6253,2022-02-18 01:02:32,518022,3093.6248302459717
6254,2022-02-18 12:02:53,518022,3056.5338134765625
6255,2022-02-18 01:02:54,518026,3149.7442722320557
6256,2022-02-18 02:02:35,518026,3178.009510040283
6257,2022-02-18 04:02:30,518029,3193.006753921509
6258,2022-02-18 04:02:37,518029,3063.5011196136475
6259,2022-02-18 05:02:42,518029,3199.6400356292725
6260,2022-02-18 05:02:17,518030,3132.9455375671387
6261,2022-02-18 07:02:38,518033,3068.248748779297
6262,2022-02-18 08:02:54,518033,3059.267044067383
6263,2022-02-18 11:02:04,518033,3180.002212524414
6264,2022-02-18 01:02:57,518034,3243.772506713867
6265,2022-02-18 02:02:59,518034,3130.056381225586
6266,2022-02-18 04:02:09,518034,3250.103235244751
6267,2022-02-18 04:02:33,518034,3230.1316261291504
6268,2022-02-18 11:02:04,518034,3165.0073528289795
6269,2022-02-18 12:02:11,518034,3157.543420791626
6270,2022-02-18 12:02:27,518034,3281.785488128662
6271,2022-02-18 12:02:52,518034,3121.9005584716797
6272,2022-02-18 02:02:05,518036,3188.9195442199707
6273,2022-02-18 03:02:46,518036,3132.3604583740234
6274,2022-02-18 05:02:10,518036,3095.7579612731934
6275,2022-02-18 05:02:32,518036,3104.3100357055664
6276,2022-02-18 05:02:49,518036,3111.194372177124
6277,2022-02-18 03:02:53,518037,3109.3575954437256
6278,2022-02-18 04:02:50,518038,3062.0815753936768
6279,2022-02-18 05:02:30,518039,3037.4841690063477
6280,2022-02-18 05:02:34,518039,3146.1944580078125
6281,2022-02-18 08:02:24,518039,3103.440761566162
6282,2022-02-18 06:02:32,518041,3112.1723651885986
6283,2022-02-18 08:02:08,518041,3207.9102993011475
6284,2022-02-18 07:02:34,518042,3204.836130142212
6285,2022-02-18 08:02:20,518042,3048.135995864868
6286,2022-02-18 08:02:38,518042,3030.669689178467
6287,2022-02-18 08:02:53,518042,3191.8399333953857
6288,2022-02-18 09:02:13,518042,3007.408380508423
6289,2022-02-18 09:02:27,518042,3207.552671432495
6290,2022-02-18 10:02:11,518042,3148.064136505127
6291,2022-02-18 09:02:32,518043,3095.6671237945557
6292,2022-02-19 12:02:34,518043,3137.617588043213
6293,2022-02-19 01:02:53,518044,2969.087839126587
6294,2022-02-19 02:02:04,518044,3069.089651107788
6295,2022-02-19 03:02:21,518044,3379.4469833374023
6296,2022-02-19 12:02:08,518044,3217.892646789551
6297,2022-02-20 03:02:53,518049,3023.207426071167
6298,2022-02-20 05:02:30,518049,3317.744493484497
6299,2022-02-21 06:02:01,518049,3103.0468940734863
6300,2022-02-21 07:02:33,518049,3139.1632556915283
6301,2022-02-21 06:02:15,518050,3095.964193344116
6302,2022-02-21 07:02:29,518050,3124.044179916382
6303,2022-02-21 07:02:50,518050,3233.5383892059326
6304,2022-02-21 08:02:11,518050,3207.0159912109375
6305,2022-02-21 09:02:29,518050,3131.805181503296
6306,2022-02-21 09:02:29,518050,3150.9811878204346
6307,2022-02-21 11:02:08,518050,3236.893892288208
6308,2022-02-21 11:02:22,518050,3314.208507537842
6309,2022-02-21 11:02:27,518050,3147.494316101074
6310,2022-02-21 11:02:40,518050,3142.7340507507324
6311,2022-02-21 11:02:45,518050,3164.6010875701904
6312,2022-02-21 12:02:39,518050,3070.563554763794
6313,2022-02-21 12:02:50,518050,3128.4377574920654
6314,2022-02-21 01:02:14,518051,3080.759048461914
6315,2022-02-21 01:02:21,518051,3141.995906829834
6316,2022-02-21 01:02:22,518051,3128.992795944214
6317,2022-02-21 01:02:54,518051,3027.524709701538
6318,2022-02-21 02:02:10,518051,3208.5630893707275
6319,2022-02-21 02:02:11,518051,3131.6134929656982
6320,2022-02-21 02:02:13,518051,3190.0277137756348
6321,2022-02-21 02:02:24,518051,3174.358606338501
6322,2022-02-21 02:02:28,518051,3153.0346870422363
6323,2022-02-21 12:02:38,518051,3170.605182647705
6324,2022-02-21 04:02:32,518053,3029.597043991089
6325,2022-02-21 04:02:41,518053,3240.8556938171387
6326,2022-02-21 06:02:29,518058,3052.494525909424
6327,2022-02-21 06:02:50,518058,3022.6974487304688
6328,2022-02-21 07:02:24,518058,3161.7140769958496
6329,2022-02-21 07:02:14,518059,3060.0059032440186
6330,2022-02-21 07:02:27,518059,3042.102813720703
6331,2022-02-21 08:02:16,518059,3202.5156021118164
6332,2022-02-21 09:02:29,518059,3079.1471004486084
6333,2022-02-22 08:02:11,518064,3053.300380706787
6334,2022-02-22 09:02:01,518064,3117.187738418579
6335,2022-02-22 09:02:06,518064,3135.9095573425293
6336,2022-02-22 09:02:45,518064,2956.3887119293213
6337,2022-02-22 09:02:57,518064,3083.447217941284
6338,2022-02-22 10:02:14,518064,3107.682704925537
6339,2022-02-22 10:02:17,518064,3067.629337310791
6340,2022-02-22 10:02:43,518064,3144.2058086395264
6341,2022-02-22 10:02:51,518064,3208.0295085906982
6342,2022-02-22 11:02:07,518064,3268.5792446136475
6343,2022-02-22 11:02:37,518064,3042.165756225586
6344,2022-02-22 11:02:40,518064,2968.038558959961
6345,2022-02-22 11:02:41,518064,3155.491828918457
6346,2022-02-22 11:02:45,518064,3230.1628589630127
6347,2022-02-22 12:02:16,518064,3269.766092300415
6348,2022-02-22 12:02:18,518064,3142.9529190063477
6349,2022-02-22 01:02:45,518065,3126.1000633239746
6350,2022-02-22 12:02:23,518065,3068.1777000427246
6351,2022-02-22 12:02:41,518065,3092.2799110412598
6352,2022-02-22 12:02:03,518067,2981.3432693481445
6353,2022-02-22 02:02:09,518069,3118.55149269104
6354,2022-02-22 12:02:16,518069,3266.3516998291016
6355,2022-02-22 12:02:42,518069,3098.611831665039
6356,2022-02-22 01:02:14,518070,3015.8183574676514
6357,2022-02-22 01:02:31,518070,3158.6155891418457
6358,2022-02-22 01:02:35,518070,3157.0637226104736
6359,2022-02-22 01:02:48,518070,3280.5209159851074
6360,2022-02-22 01:02:49,518070,3134.6428394317627
6361,2022-02-22 03:02:03,518070,3060.931444168091
6362,2022-02-22 03:02:41,518070,3082.6876163482666
6363,2022-02-22 04:02:23,518070,3084.336519241333
6364,2022-02-22 04:02:54,518070,3211.597442626953
6365,2022-02-22 02:02:28,518071,3140.627384185791
6366,2022-02-22 02:02:01,518072,3150.136947631836
6367,2022-02-22 02:02:52,518072,3105.97825050354
6368,2022-02-22 04:02:38,518072,2983.45947265625
6369,2022-02-22 06:02:54,518072,3033.421516418457
6370,2022-02-22 07:02:35,518072,3073.397397994995
6371,2022-02-22 05:02:02,518077,3275.5491733551025
6372,2022-02-22 05:02:07,518077,3157.954216003418
6373,2022-02-22 08:02:33,518077,2978.6083698272705
6374,2022-02-22 08:02:40,518077,2988.374948501587
6375,2022-02-22 09:02:09,518077,3169.7871685028076
6376,2022-02-22 09:02:25,518077,3162.3129844665527
6377,2022-02-22 09:02:45,518077,3120.023488998413
6378,2022-02-22 10:02:36,518077,2998.2528686523438
6379,2022-02-22 07:02:07,518079,2991.649866104126
6380,2022-02-22 07:02:07,518079,3226.335287094116
6381,2022-02-22 07:02:39,518079,3138.726234436035
6382,2022-02-22 09:02:41,518079,3128.390312194824
6383,2022-02-22 08:02:29,518080,3114.98761177063
6384,2022-02-22 08:02:32,518080,3189.5995140075684
6385,2022-02-22 09:02:42,518080,3181.78129196167
6386,2022-02-22 08:02:09,518082,3187.7710819244385
6387,2022-02-22 09:02:17,518082,3264.059543609619
6388,2022-02-22 09:02:45,518082,3000.5252361297607
6389,2022-02-22 10:02:10,518082,3129.6937465667725
6390,2022-02-22 10:02:32,518082,3232.1550846099854
6391,2022-02-22 09:02:01,518083,3070.5995559692383
6392,2022-02-22 09:02:05,518083,2959.8262310028076
6393,2022-02-22 10:02:20,518083,3272.72367477417
6394,2022-02-22 11:02:18,518083,3157.352924346924
6395,2022-02-22 09:02:15,518086,3126.0147094726562
6396,2022-02-22 11:02:57,518086,3172.451972961426
6397,2022-02-22 10:02:37,518088,3222.498893737793
6398,2022-02-23 12:02:27,518088,3236.5760803222656
6399,2022-02-22 11:02:35,518089,3185.683012008667
6400,2022-02-23 12:02:39,518089,3093.653440475464
6401,2022-02-23 01:02:53,518090,2992.6064014434814
6402,2022-02-23 12:02:19,518090,3181.1935901641846
6403,2022-02-23 04:02:07,518098,3130.2785873413086
6404,2022-02-23 04:02:52,518099,3090.2915000915527
6405,2022-02-23 05:02:17,518099,3119.269371032715
6406,2022-02-23 01:02:47,518100,3225.8901596069336
6407,2022-02-23 06:02:13,518100,3101.3975143432617
6408,2022-02-23 06:02:29,518100,3015.0434970855713
6409,2022-02-23 06:02:50,518100,3213.120222091675
6410,2022-02-23 07:02:04,518100,3216.3641452789307
6411,2022-02-23 07:02:05,518100,3195.359945297241
6412,2022-02-23 08:02:03,518100,3106.818199157715
6413,2022-02-23 08:02:59,518100,3113.9211654663086
6414,2022-02-23 09:02:15,518100,3025.623083114624
6415,2022-02-23 09:02:27,518100,3012.258768081665
6416,2022-02-23 09:02:45,518100,3220.067262649536
6417,2022-02-23 09:02:57,518100,3227.853775024414
6418,2022-02-23 10:02:53,518100,3110.837936401367
6419,2022-02-23 11:02:05,518100,3037.5702381134033
6420,2022-02-23 11:02:33,518100,3221.552848815918
6421,2022-02-23 12:02:55,518100,3001.466751098633
6422,2022-02-23 01:02:53,518101,3135.155439376831
6423,2022-02-23 01:02:21,518102,3090.686559677124
6424,2022-02-23 01:02:39,518102,3037.80460357666
6425,2022-02-23 01:02:46,518102,3216.710329055786
6426,2022-02-23 01:02:47,518102,3107.2604656219482
6427,2022-02-23 02:02:52,518102,3154.672384262085
6428,2022-02-23 03:02:38,518102,3201.0347843170166
6429,2022-02-23 03:02:49,518102,3092.8759574890137
6430,2022-02-23 05:02:51,518106,3287.4717712402344
6431,2022-02-23 06:02:11,518106,3054.417133331299
6432,2022-02-23 05:02:53,518107,3189.587116241455
6433,2022-02-23 06:02:37,518109,3113.1768226623535
6434,2022-02-23 07:02:01,518109,3128.8974285125732
6435,2022-02-23 07:02:55,518111,3271.9552516937256
6436,2022-02-23 09:02:09,518111,3177.8857707977295
6437,2022-02-23 09:02:12,518116,3045.6228256225586
6438,2022-02-23 10:02:08,518117,3150.1965522766113
6439,2022-02-23 11:02:13,518119,3243.30472946167
6440,2022-02-24 02:02:29,518122,3087.5754356384277
6441,2022-02-24 03:02:50,518122,3090.4335975646973
6442,2022-02-24 05:02:51,518122,3011.871337890625
6443,2022-02-24 04:02:00,518123,3142.585277557373
6444,2022-02-24 04:02:58,518123,2962.554454803467
6445,2022-02-24 06:02:13,518123,3099.0023612976074
6446,2022-02-24 05:02:52,518124,3211.4551067352295
6447,2022-02-24 05:02:52,518124,3140.268564224243
6448,2022-02-24 06:02:43,518124,3107.0661544799805
6449,2022-02-24 09:02:39,518125,3165.5993461608887
6450,2022-02-24 10:02:54,518125,3090.928077697754
6451,2022-02-24 10:02:08,518126,3110.346555709839
6452,2022-02-24 11:02:01,518126,3148.989677429199
6453,2022-02-24 12:02:28,518126,3021.5373039245605
6454,2022-02-24 01:02:16,518127,3059.694528579712
6455,2022-02-24 01:02:22,518127,3094.1758155822754
6456,2022-02-24 01:02:31,518127,3037.5514030456543
6457,2022-02-24 01:02:54,518127,3209.529161453247
6458,2022-02-24 03:02:16,518127,3262.87841796875
6459,2022-02-24 11:02:11,518127,3297.6222038269043
6460,2022-02-24 11:02:28,518127,3000.3607273101807
6461,2022-02-24 12:02:03,518127,3064.540386199951
6462,2022-02-24 12:02:43,518127,3208.1921100616455
6463,2022-02-24 02:02:01,518128,3232.7682971954346
6464,2022-02-24 02:02:02,518128,3342.479944229126
6465,2022-02-24 02:02:07,518128,3102.8943061828613
6466,2022-02-24 02:02:09,518128,3158.3938598632812
6467,2022-02-24 02:02:11,518128,3153.959035873413
6468,2022-02-24 03:02:11,518128,3187.6132488250732
6469,2022-02-24 04:02:27,518128,3246.731758117676
6470,2022-02-24 05:02:57,518128,3215.886354446411
6471,2022-02-24 06:02:26,518128,3213.3429050445557
6472,2022-02-24 07:02:35,518128,3163.1526947021484
6473,2022-02-24 07:02:39,518128,3204.8654556274414
6474,2022-02-24 05:02:50,518131,3019.6146965026855
6475,2022-02-24 06:02:37,518131,3098.273754119873
6476,2022-02-24 07:02:49,518131,3226.656675338745
6477,2022-02-24 08:02:10,518131,3115.6227588653564
6478,2022-02-24 08:02:13,518131,3081.4573764801025
6479,2022-02-24 06:02:49,518132,3067.1615600585938
6480,2022-02-24 08:02:23,518132,3211.9057178497314
6481,2022-02-24 07:02:44,518134,3188.9073848724365
6482,2022-02-24 08:02:09,518135,3176.0659217834473
6483,2022-02-24 09:02:38,518136,3160.332679748535
6484,2022-02-24 10:02:39,518137,3092.067003250122
6485,2022-02-25 02:02:21,518143,2988.4324073791504
6486,2022-02-25 03:02:06,518144,3245.2151775360107
6487,2022-02-25 04:02:52,518144,3181.119680404663
6488,2022-02-25 05:02:04,518145,3090.18874168396
6489,2022-02-25 06:02:56,518145,3245.0480461120605
6490,2022-02-25 01:02:06,518147,3084.8662853240967
6491,2022-02-25 01:02:12,518147,3147.148847579956
6492,2022-02-25 01:02:26,518147,3189.6989345550537
6493,2022-02-25 01:02:39,518147,3120.016098022461
6494,2022-02-25 01:02:42,518147,3157.7162742614746
6495,2022-02-25 01:02:58,518147,3165.9531593322754
6496,2022-02-25 02:02:25,518147,3058.1588745117188
6497,2022-02-25 05:02:00,518147,3077.164649963379
6498,2022-02-25 06:02:24,518147,3321.7852115631104
6499,2022-02-25 06:02:31,518147,3035.352945327759
6500,2022-02-25 07:02:02,518147,3159.2092514038086
6501,2022-02-25 07:02:22,518147,3211.061716079712
6502,2022-02-25 08:02:20,518147,3131.4713954925537
6503,2022-02-25 08:02:27,518147,3289.56937789917
6504,2022-02-25 08:02:39,518147,3203.7715911865234
6505,2022-02-25 09:02:48,518147,3054.0690422058105
6506,2022-02-25 09:02:50,518147,3235.0761890411377
6507,2022-02-25 10:02:06,518147,3137.193441390991
6508,2022-02-25 11:02:23,518147,3153.923988342285
6509,2022-02-25 12:02:01,518147,3086.458444595337
6510,2022-02-25 12:02:02,518147,3093.7764644622803
6511,2022-02-25 12:02:03,518147,3173.4297275543213
6512,2022-02-25 12:02:14,518147,3238.795280456543
6513,2022-02-25 12:02:46,518147,3226.231575012207
6514,2022-02-25 12:02:59,518147,3192.838430404663
6515,2022-02-25 02:02:13,518149,3210.278272628784
6516,2022-02-25 02:02:29,518149,3238.7855052948
6517,2022-02-25 03:02:11,518149,3140.9084796905518
6518,2022-02-25 03:02:15,518149,3223.1500148773193
6519,2022-02-25 03:02:59,518149,3061.228036880493
6520,2022-02-25 03:02:59,518149,3188.218593597412
6521,2022-02-25 04:02:30,518149,3263.8988494873047
6522,2022-02-25 04:02:33,518149,3233.6888313293457
6523,2022-02-25 04:02:45,518149,3063.887596130371
6524,2022-02-25 04:02:56,518149,3168.846368789673
6525,2022-02-25 05:02:24,518149,3172.139883041382
6526,2022-02-25 03:02:41,518150,3142.324209213257
6527,2022-02-25 05:02:16,518150,3078.317642211914
6528,2022-02-25 05:02:24,518152,3149.2702960968018
6529,2022-02-25 05:02:52,518152,3029.1099548339844
6530,2022-02-25 05:02:55,518152,3112.2310161590576
6531,2022-02-25 06:02:15,518152,3271.4996337890625
6532,2022-02-25 06:02:47,518152,3192.011833190918
6533,2022-02-25 07:02:02,518152,3103.45721244812
6534,2022-02-25 05:02:44,518153,3107.1417331695557
6535,2022-02-25 06:02:54,518155,3252.4781227111816
6536,2022-02-25 08:02:11,518155,3129.0218830108643
6537,2022-02-25 07:02:18,518158,2990.8623695373535
6538,2022-02-25 08:02:21,518158,3260.2548599243164
6539,2022-02-25 08:02:14,518159,3101.733684539795
6540,2022-02-25 10:02:09,518159,3028.7063121795654
6541,2022-02-25 09:02:54,518161,3253.0288696289062
6542,2022-02-25 10:02:06,518162,2956.8684101104736
6543,2022-02-25 11:02:29,518163,3143.127679824829
6544,2022-02-25 11:02:55,518163,3190.9308433532715
6545,2022-02-26 12:02:02,518163,2993.751287460327
6546,2022-02-26 12:02:09,518163,3262.763261795044
6547,2022-02-26 02:02:11,518168,3156.359910964966
6548,2022-02-26 06:02:36,518170,2982.1555614471436
6549,2022-02-27 03:02:03,518170,3130.455255508423
6550,2022-02-27 05:02:27,518170,3081.9709300994873
6551,2022-02-28 04:02:17,518171,3102.3857593536377
6552,2022-02-28 04:02:27,518171,3287.168264389038
6553,2022-02-28 04:02:52,518171,3217.9112434387207
6554,2022-02-28 06:02:40,518171,3141.0000324249268
6555,2022-02-28 06:02:58,518171,3038.7797355651855
6556,2022-02-28 11:02:27,518173,2984.019994735718
6557,2022-02-28 11:02:31,518173,3092.2493934631348
6558,2022-02-28 12:02:33,518173,3233.165979385376
6559,2022-02-28 12:02:41,518173,3159.1761112213135
6560,2022-02-28 01:02:17,518174,3119.1887855529785
6561,2022-02-28 02:02:31,518174,3161.86785697937
6562,2022-02-28 12:02:07,518174,3053.9631843566895
6563,2022-02-28 12:02:42,518174,3166.1922931671143
6564,2022-02-28 01:02:49,518175,3099.078416824341
6565,2022-02-28 03:02:50,518175,3067.920923233032
6566,2022-02-28 04:02:06,518175,3119.5971965789795
6567,2022-02-28 04:02:18,518175,3120.2638149261475
6568,2022-02-28 04:02:38,518175,3149.052619934082
6569,2022-02-28 05:02:00,518175,3133.1756114959717
6570,2022-02-28 05:02:12,518175,3060.112714767456
6571,2022-02-28 05:02:27,518175,3112.7679347991943
6572,2022-02-28 06:02:14,518175,3089.829206466675
6573,2022-02-28 06:02:24,518175,3176.022529602051
6574,2022-02-28 06:02:29,518175,3186.48362159729
6575,2022-02-28 07:02:22,518177,3078.8862705230713
6576,2022-02-28 07:02:25,518177,3194.641351699829
6577,2022-02-28 08:02:31,518181,3096.560478210449
6578,2022-02-28 10:02:06,518182,3205.3308486938477
6579,2022-02-28 11:02:38,518183,3139.7831439971924